10 200 16304 0.99
17 2 20 6 86 70 10 58 45 49 25 63 4 30 56 14 21 19 54 46 20 7 35 36 48 65 18 27 28 18 19 5 19 26 61 59 61 51 43 78 7 44 2 97 11 11 68 9 30 17 51 23 61 80 40 3 13 65 30 44 48 51 49 92 54 11 71 2 94 30 45 97 45 81 90 94 55 49 67 92 93 40 10 47 90 66 45 78 72 28 86 13 79 27 64 78 56 28 67 52 85 57 72 67 57 31 44 41 58 30 65 9 40 39 15 37 42 67 55 85 50 87 6 2 4 86 78 79 56 42 36 56 46 79 86 44 99 32 60 64 18 98 15 23 53 44 44 66 10 57 79 69 67 32 74 31 86 90 19 94 93 89 69 64 89 91 9 84 57 46 64 81 61 45 97 92 74 83 70 67 5 80 96 65 67 11 95 79 45 14 9 72 74 96 91 96 77 41 48 49
11 42 11 78 47 1 1 18 23 21 16 59 34 73 3 14 26 47 30 1 22 70 42 41 83 30 32 5 90 5 17 84 25 29 24 41 56 70 41 84 88 36 51 20 7 18 11 88 86 3 36 17 32 91 82 75 91 37 33 75 21 15 40 17 77 44 13 48 53 33 17 91 26 86 1 5 51 48 24 58 18 65 58 40 16 65 7 31 71 45 14 86 27 81 40 3 54 60 69 44 30 52 84 15 47 25 89 60 94 3 64 28 65 28 60 1 32 3 53 57 8 46 54 88 80 98 41 15 81 34 83 85 98 26 32 86 87 49 71 57 45 44 97 72 2 64 11 71 66 54 70 22 29 26 3 19 71 87 19 56 22 72 61 80 36 52 26 84 88 93 36 58 87 12 30 5 47 95 2 79 89 88 17 81 58 31 75 68 35 97 91 64 34 50 59 46 94 75 49 21
30 1 88 17 23 19 28 50 10 23 41 22 96 20 7 49 15 17 18 87 85 22 22 94 41 22 66 31 42 74 64 33 1 42 34 81 52 1 51 33 69 22 58 20 24 77 18 33 84 24 81 33 12 50 92 74 68 69 90 79 82 16 25 74 19 59 31 20 98 59 88 29 45 3 78 79 85 22 21 61 12 18 16 34 90 16 11 89 41 16 21 37 92 56 39 26 65 96 19 2 10 37 96 20 75 52 91 46 33 3 17 56 76 55 69 46 8 74 49 49 75 56 78 66 70 44 11 55 68 55 26 87 56 85 35 93 79 57 16 95 77 5 41 37 54 86 72 84 46 20 79 7 7 93 88 77 15 42 69 86 21 29 60 4 46 38 71 24 91 28 99 95 94 91 79 90 82 56 43 98 77 20 50 3 89 82 44 76 68 92 95 97 92 71 89 9 90 66 69 23
20 33 5 13 13 64 6 20 57 92 7 79 5 50 20 68 52 95 21 2 68 25 60 43 76 62 24 75 62 68 82 34 70 29 51 12 64 56 11 61 22 83 16 69 61 9 12 23 9 24 61 99 98 47 16 83 72 11 50 22 22 40 40 22 62 2 69 18 2 96 19 80 90 98 2 35 1 52 85 35 25 76 49 59 2 21 12 87 70 22 77 20 71 20 76 13 93 28 14 53 87 3 9 42 54 98 49 80 88 87 53 23 48 83 40 88 74 40 53 24 1 13 39 45 99 2 17 53 81 4 40 47 32 35 68 8 34 40 75 65 62 26 72 41 14 70 90 42 39 88 33 4 14 54 40 53 23 5 88 74 63 55 42 50 99 45 14 27 85 37 66 22 30 48 34 92 62 93 89 14 41 58 91 87 11 83 27 67 87 50 48 98 83 68 97 90 45 85 57 92
27 21 16 8 7 11 38 17 4 10 11 1 15 44 3 81 77 31 85 51 20 24 44 59 16 65 73 59 37 52 18 28 31 39 25 29 4 35 35 4 26 47 68 2 81 69 31 27 29 96 5 60 88 11 25 5 65 13 51 30 83 66 91 75 56 88 82 9 33 8 53 93 62 31 88 15 8 29 46 13 82 35 47 15 16 17 71 41 63 99 40 84 21 27 5 74 68 53 38 14 31 68 77 58 19 56 19 55 91 28 20 47 8 12 53 76 70 65 26 23 91 59 23 56 68 93 77 25 36 42 85 49 19 61 49 1 13 46 40 98 50 88 42 57 89 14 94 63 97 60 26 93 93 51 32 69 83 86 18 92 49 89 36 56 16 86 89 68 87 44 83 2 7 79 32 98 51 72 37 36 69 20 49 94 58 83 67 84 76 68 51 29 52 50 98 73 90 90 71 10
16 23 26 39 9 3 78 5 9 36 4 10 94 22 16 20 30 49 6 1 6 81 23 27 8 4 21 28 55 92 28 74 56 51 12 8 31 73 96 35 60 24 52 44 88 38 67 77 26 43 57 53 8 3 46 37 36 10 92 14 26 93 74 57 4 17 19 55 13 26 28 15 13 70 84 50 72 50 90 49 26 71 67 69 50 87 34 24 16 95 45 45 65 56 87 94 2 39 82 57 54 36 58 24 31 38 26 22 24 52 85 42 83 43 62 90 1 65 22 90 14 62 73 28 61 57 99 5 38 71 71 94 62 18 73 70 27 82 46 95 79 4 69 98 66 67 89 88 74 86 65 51 79 85 80 71 40 69 98 74 78 30 77 75 6 93 94 98 24 90 18 84 93 46 96 27 4 54 49 77 51 69 88 80 67 64 37 77 44 84 70 53 93 75 68 71 88 53 97 36
47 5 11 37 62 37 6 11 35 44 67 44 55 18 83 12 11 5 11 71 40 78 52 21 32 69 18 23 41 21 83 75 69 13 23 30 19 7 22 27 68 21 66 40 51 92 56 28 36 35 23 59 1 27 49 42 37 99 64 18 7 52 40 31 1 67 56 84 71 92 14 11 40 18 11 55 78 42 52 25 82 58 89 73 35 53 59 39 34 49 73 41 44 99 54 81 44 46 12 71 53 1 94 82 64 40 53 48 13 60 97 73 49 53 95 91 90 73 83 27 58 15 53 62 1 24 87 88 11 97 60 43 86 79 25 51 99 36 49 20 24 81 12 91 45 60 74 75 84 53 76 50 54 75 32 61 24 38 71 12 87 78 97 35 46 32 38 5 70 82 71 3 24 94 36 66 47 17 60 83 95 62 59 68 81 99 84 70 59 15 81 61 42 80 1 41 73 90 77 44
15 31 88 30 7 70 39 14 81 29 69 55 15 37 59 16 79 35 33 4 27 9 52 24 25 22 2 10 22 2 20 9 73 68 80 62 92 30 29 19 2 52 7 28 45 75 55 24 25 33 72 28 40 11 24 62 7 17 24 31 9 34 61 44 14 92 56 87 35 47 62 24 68 7 19 33 40 90 40 36 79 35 90 12 71 78 74 10 92 53 15 79 27 79 35 60 17 56 67 73 30 79 11 86 68 13 59 74 70 96 24 83 52 90 25 43 42 77 58 39 63 49 78 90 47 66 53 79 56 71 32 32 11 89 45 58 75 82 76 12 91 32 57 6 88 81 9 11 40 49 17 94 85 75 78 97 92 53 75 33 81 6 92 58 89 12 96 91 15 35 95 75 76 68 93 9 92 54 91 57 94 99 76 37 61 19 78 51 97 58 32 89 21 70 18 75 6 77 87 29
24 7 4 18 39 18 70 61 63 14 51 9 2 1 86 81 36 20 51 12 41 46 9 31 23 2 73 90 9 7 39 26 32 37 34 84 1 66 76 47 34 34 34 65 46 2 95 29 52 87 16 63 48 89 28 49 48 83 9 59 91 75 22 38 88 68 62 76 41 28 84 27 58 6 3 38 14 66 43 84 17 4 44 88 60 4 86 58 16 80 73 20 2 14 7 15 21 53 89 84 86 98 7 73 91 75 32 16 16 81 64 58 10 37 44 47 81 5 34 43 90 86 83 11 49 62 25 42 32 37 55 17 98 33 65 38 6 60 33 8 99 98 72 45 67 43 24 40 20 56 55 82 60 33 63 44 81 29 90 57 13 70 32 70 88 46 79 55 13 58 48 98 72 74 42 43 66 34 97 95 35 50 94 81 74 91 95 31 39 94 87 42 94 47 81 96 66 22 77 14
9 53 5 30 15 25 46 70 4 16 47 2 36 62 29 10 19 50 63 99 45 15 39 3 28 45 61 46 10 58 29 32 32 75 69 7 37 28 17 34 48 61 70 44 15 40 19 95 56 74 35 3 50 30 39 12 8 43 4 82 68 18 20 12 91 19 9 70 30 52 62 5 25 73 97 69 70 27 11 30 49 82 18 51 59 82 90 33 15 7 51 71 70 40 94 59 85 46 49 58 42 78 1 44 6 87 53 74 30 78 29 99 89 83 60 5 86 57 96 93 80 58 45 85 55 3 47 94 78 84 52 30 32 36 63 95 25 63 83 37 7 77 76 83 75 25 49 16 84 38 63 99 87 51 87 55 64 85 37 7 78 68 21 96 77 97 79 60 67 87 24 88 65 53 72 93 92 61 89 22 76 88 14 39 75 79 41 40 97 76 85 53 82 72 81 90 58 89 65 16
