20 200 17841 1.59
49 3 26 8 15 67 64 3 12 30 85 31 12 99 13 89 10 85 44 52 40 31 14 63 65 32 53 42 6 97 76 20 56 8 67 72 73 53 23 79 36 58 43 56 60 84 32 66 65 9 70 91 60 6 44 37 41 51 42 63 38 92 63 61 84 41 24 1 41 4 76 83 3 61 56 33 93 28 44 46 18 37 36 24 4 22 94 79 39 23 92 59 20 77 40 17 22 73 51 27 77 90 65 94 10 88 27 80 92 95 49 65 67 79 15 35 82 6 18 71 19 57 67 27 66 91 30 8 67 80 36 14 68 77 59 45 69 52 40 77 89 93 75 6 81 79 68 53 28 79 26 38 91 52 30 92 4 44 54 75 64 93 56 41 51 33 84 92 38 17 72 23 61 84 11 66 76 40 93 32 67 89 94 17 19 1 88 92 9 59 59 41 51 91 51 87 64 15 69 52
79 26 43 91 72 1 70 45 75 8 63 35 16 38 96 72 4 45 35 52 53 36 5 44 47 45 28 76 12 32 15 74 67 29 38 49 52 5 89 16 36 95 11 55 8 47 36 38 52 53 15 8 95 56 66 47 50 28 63 77 19 19 31 37 69 41 28 62 43 91 5 74 49 80 5 88 75 33 47 51 86 49 14 84 89 61 30 34 19 47 34 71 26 10 12 7 67 68 98 26 7 76 81 36 25 32 98 41 14 80 31 73 77 15 79 79 24 96 82 53 16 77 61 69 19 19 99 54 96 16 85 41 22 4 87 79 33 99 76 38 89 16 70 11 1 84 38 75 67 16 72 59 96 96 4 88 80 57 91 59 4 76 15 84 38 51 61 32 84 94 20 61 50 98 16 73 31 71 24 66 95 46 65 91 69 40 71 13 66 88 93 76 83 87 67 12 86 60 98 52
81 71 30 62 20 65 81 8 79 90 18 29 9 21 20 13 2 12 84 33 9 52 1 39 95 84 15 7 60 99 19 29 90 36 40 24 33 51 21 34 21 70 28 15 34 73 16 18 24 72 53 54 69 34 35 46 76 95 55 5 36 8 14 86 67 91 44 34 13 84 64 98 64 13 48 76 9 67 91 99 9 78 42 38 38 93 96 58 8 85 74 52 74 72 80 96 57 57 1 43 60 10 30 30 60 93 93 92 30 1 84 10 18 12 19 54 62 38 80 10 40 93 31 77 5 3 22 28 40 16 55 85 98 48 98 90 87 17 78 68 34 94 6 88 28 49 21 23 81 89 54 64 92 19 26 23 46 42 98 37 36 27 90 57 72 37 58 19 96 1 80 31 26 96 98 97 79 68 45 40 15 53 67 85 15 39 80 12 99 85 83 95 69 53 64 55 47 90 68 33
5 28 9 39 80 16 34 60 28 28 51 20 11 9 8 46 60 18 99 51 23 6 44 39 28 12 57 38 98 80 47 22 36 89 9 6 55 49 99 94 34 13 87 57 19 34 36 79 37 49 14 2 7 25 34 18 56 64 19 55 40 74 48 82 35 64 20 97 12 59 17 40 87 22 42 52 89 29 31 2 59 50 97 52 86 32 38 79 16 85 83 67 99 94 28 91 27 82 30 68 68 65 88 7 77 92 38 52 38 91 69 86 69 22 89 16 52 18 59 69 8 79 70 5 19 24 38 11 29 49 85 48 97 52 40 64 62 62 22 72 24 15 2 89 68 36 76 3 25 67 25 17 89 59 76 79 85 67 18 56 81 39 61 72 20 3 29 80 81 53 95 72 76 49 71 21 93 63 81 29 16 43 53 98 90 63 52 15 87 93 82 50 22 63 63 49 52 75 66 51
50 36 13 25 54 56 45 50 15 36 11 77 9 11 14 78 24 24 61 39 37 91 31 75 18 30 16 20 12 97 69 12 32 85 73 49 66 9 40 68 67 9 88 43 14 98 56 35 18 9 63 64 10 92 30 43 85 6 85 69 78 44 58 63 32 60 67 18 55 44 25 40 12 72 37 75 8 93 48 75 19 18 50 65 24 83 68 26 80 56 53 53 35 43 96 46 84 61 97 82 82 2 2 56 40 9 81 93 72 35 28 18 77 28 61 47 19 83 92 30 28 19 64 68 90 95 13 80 63 72 67 1 76 54 1 52 49 97 47 69 74 28 98 60 95 40 80 71 30 8 13 34 4 48 69 69 36 23 13 50 86 95 5 82 76 81 16 33 43 95 35 48 89 85 88 98 63 91 65 55 48 90 25 70 93 50 49 95 99 85 10 95 64 86 60 93 92 8 35 39
4 34 38 26 5 18 38 20 49 47 19 16 8 54 62 48 29 37 1 14 88 3 96 73 93 8 29 92 92 81 78 72 19 42 85 27 54 42 25 2 14 24 52 93 20 39 5 31 36 40 93 27 19 66 72 32 51 81 12 95 67 11 60 49 15 39 85 19 2 82 46 66 38 26 78 58 4 32 37 48 31 5 23 55 81 4 69 36 91 54 42 1 13 40 28 62 12 1 58 15 39 6 80 20 88 13 93 84 11 12 51 81 93 78 48 83 63 93 82 68 93 57 75 14 3 45 11 44 29 28 18 87 68 79 65 39 35 47 69 17 20 96 39 3 74 59 43 44 31 89 14 70 52 27 16 93 14 94 27 87 68 65 76 24 77 99 90 92 32 61 93 93 74 78 47 72 25 64 79 96 55 71 90 73 94 12 45 70 93 71 56 61 94 44 90 74 74 61 64 14
14 50 47 11 37 53 33 6 86 7 23 42 7 94 90 76 88 31 98 92 97 9 63 17 29 67 22 16 3 63 6 11 12 72 9 49 56 87 7 96 38 62 18 4 34 76 69 71 22 4 75 31 51 75 11 78 97 52 10 37 70 11 69 86 22 26 95 56 62 33 31 97 30 65 91 34 28 29 13 38 27 27 63 3 75 97 23 1 60 26 68 68 40 36 96 41 94 34 78 32 34 13 81 85 70 98 24 25 97 29 36 11 49 63 30 39 94 54 67 89 70 7 27 97 55 96 67 51 12 56 41 48 1 81 81 40 82 69 12 28 49 47 38 93 58 26 54 3 85 45 46 18 16 68 48 60 82 71 62 30 86 60 67 97 36 12 84 18 75 96 61 33 84 53 62 32 39 46 74 33 90 56 72 83 78 68 95 81 47 47 84 12 66 46 86 28 81 79 45 92
22 5 84 37 8 46 47 26 74 15 50 92 76 63 41 26 39 96 44 75 34 49 40 8 34 45 53 8 72 33 73 17 10 98 42 55 43 1 49 22 84 67 81 51 66 17 54 74 93 56 25 90 95 54 7 28 11 5 65 56 83 14 23 15 39 60 7 24 74 62 62 2 77 55 91 12 37 78 2 54 31 10 99 86 8 94 33 9 8 35 25 98 36 9 89 38 35 1 58 2 69 87 34 40 30 75 32 71 39 53 74 98 6 13 26 11 53 91 7 33 98 65 79 20 77 57 33 83 51 96 54 28 17 97 39 55 90 43 98 81 23 91 94 90 76 41 58 77 13 91 14 85 15 69 53 33 41 83 87 34 35 46 62 79 80 59 66 67 65 41 80 53 61 24 87 17 24 18 73 66 97 20 93 61 78 70 55 23 23 74 85 93 43 82 39 92 25 48 95 75
38 73 88 5 8 21 14 21 17 97 86 8 91 26 40 82 70 35 45 3 41 6 8 75 42 13 76 12 9 50 25 65 61 56 42 20 11 21 2 1 96 82 35 27 74 38 47 24 91 66 6 7 72 20 38 87 61 14 73 26 18 87 51 10 22 1 5 16 37 53 38 88 16 42 33 99 84 32 15 13 50 83 53 39 81 78 15 41 52 13 49 10 24 57 21 63 9 94 21 68 49 84 93 79 77 85 42 92 9 41 93 43 65 51 18 7 94 7 92 47 12 15 62 88 17 13 18 59 78 47 13 77 37 70 7 81 1 7 66 57 98 78 54 57 47 56 45 87 73 5 60 24 58 83 40 50 41 38 66 43 54 73 73 33 85 96 81 21 93 89 52 63 31 68 83 68 46 29 65 97 80 17 43 92 24 70 65 95 76 10 16 33 99 85 79 38 58 93 32 3
6 19 53 49 47 16 16 25 34 23 38 53 34 29 83 14 64 41 26 2 50 37 20 29 15 71 18 2 2 33 58 50 5 90 10 23 30 8 85 69 19 31 20 86 42 42 25 46 88 61 34 59 29 37 16 49 4 50 13 58 88 52 99 6 45 91 83 89 8 4 99 12 74 91 45 37 4 46 94 29 87 69 40 69 15 78 80 4 64 62 9 28 50 91 42 5 66 5 90 98 66 66 8 89 13 67 49 24 11 41 89 99 95 42 28 33 64 54 1 14 89 85 79 70 59 94 96 51 26 66 54 35 78 84 80 2 72 89 92 1 50 86 61 27 71 89 80 37 48 76 78 51 47 58 85 27 97 36 66 6 19 5 74 48 34 39 93 79 84 52 78 14 95 6 46 2 7 89 71 49 89 57 19 39 69 81 99 73 46 85 29 62 86 73 84 82 33 91 76 2
63 53 30 66 9 38 34 30 32 6 44 49 81 54 63 24 13 1 64 45 3 38 35 25 5 66 3 96 45 20 30 78 31 9 30 28 11 18 10 48 15 35 77 15 46 5 56 22 48 7 74 58 11 64 99 12 38 74 9 43 14 65 68 73 30 37 56 65 15 27 86 29 84 24 62 53 38 27 38 65 94 78 27 31 87 14 93 19 6 56 67 70 80 1 71 38 12 85 28 52 29 55 3 95 38 23 85 23 28 47 12 94 60 43 98 47 28 64 59 57 72 55 80 48 47 17 78 25 61 82 28 18 95 2 54 53 36 14 3 66 94 47 23 33 40 58 2 14 26 30 60 20 91 64 83 36 65 30 95 27 63 85 82 64 53 15 72 10 73 30 66 90 16 54 9 59 69 23 4 63 93 64 47 47 60 91 2 35 51 58 5 9 26 71 75 54 55 79 56 45
19 40 5 75 4 14 66 8 5 91 34 55 6 34 28 12 70 29 21 99 60 12 97 53 59 9 93 25 48 12 44 51 86 70 8 62 45 21 87 21 67 8 78 59 29 78 92 57 12 52 56 69 21 59 54 92 75 76 51 13 20 34 10 42 26 27 19 38 78 38 39 52 56 24 36 61 84 90 62 12 47 9 61 55 4 96 30 70 89 96 25 13 25 43 22 96 44 48 82 91 64 10 84 89 89 7 19 65 55 38 56 45 15 71 96 64 10 99 31 73 2 42 31 6 71 14 47 59 53 10 3 7 22 94 69 55 6 71 69 76 57 17 80 84 16 64 85 76 64 90 93 57 13 76 42 99 81 25 92 41 77 79 79 21 46 52 66 42 55 68 35 93 82 63 86 96 38 65 33 73 9 87 14 13 96 5 44 86 27 91 89 81 70 80 89 55 78 81 62 99
9 87 35 74 79 15 14 94 47 9 5 58 67 10 2 26 10 47 7 9 42 35 21 27 10 16 75 47 85 4 1 5 27 11 5 48 98 90 28 1 96 72 22 48 65 25 24 50 70 80 49 49 42 65 71 46 13 20 67 4 10 43 53 6 71 34 80 84 96 38 63 24 64 61 12 26 99 94 92 75 39 37 54 25 49 2 24 47 88 53 63 40 93 84 9 60 23 34 4 69 4 64 14 65 67 8 82 51 35 49 79 28 61 58 27 39 28 51 70 93 71 98 7 92 34 80 63 17 46 95 82 79 32 72 5 56 80 94 32 50 37 58 26 45 93 59 55 98 91 20 89 55 75 58 64 63 79 95 10 94 82 51 32 81 68 22 57 73 29 63 65 80 64 42 6 68 90 44 17 75 44 44 29 10 43 97 65 66 62 83 78 70 45 11 28 8 72 72 89 9
19 2 52 1 57 22 58 29 75 91 58 24 7 11 4 30 33 66 36 13 68 53 31 22 68 54 32 52 24 32 89 62 23 5 61 53 57 57 29 78 13 2 84 85 61 99 95 60 30 44 64 66 17 34 24 53 7 56 59 2 18 88 50 33 4 13 37 98 16 68 14 4 27 20 66 30 69 43 14 46 32 11 46 73 63 64 80 70 59 28 63 24 69 35 66 24 72 61 40 17 11 94 6 1 15 23 33 8 83 43 4 35 6 48 92 76 64 65 28 82 68 40 18 64 43 49 58 80 1 35 60 41 97 13 92 73 95 31 65 48 68 31 32 77 34 68 90 21 94 68 79 95 58 33 57 44 92 73 47 97 45 44 59 7 80 40 73 59 71 69 37 46 56 23 73 59 27 87 91 41 75 80 94 21 77 94 66 90 90 22 20 80 20 27 93 87 97 93 75 13
26 14 10 17 2 16 24 96 50 30 18 29 45 25 49 6 81 28 10 15 7 46 95 21 76 10 75 81 80 27 20 79 49 19 35 7 7 25 31 72 49 30 18 28 52 20 35 93 55 82 75 14 97 99 23 12 39 82 84 90 45 78 35 56 60 63 51 24 95 39 46 13 17 67 19 93 57 8 70 88 69 64 71 40 86 46 61 41 30 91 6 39 57 75 9 47 80 79 95 87 50 8 94 30 40 9 24 17 79 46 12 1 54 99 64 34 23 9 45 38 33 18 80 63 10 94 46 98 40 67 3 54 52 3 32 61 1 86 10 23 60 49 16 48 56 53 65 21 48 25 93 73 69 35 71 59 28 58 66 40 47 14 86 96 87 91 1 50 21 26 65 77 34 99 98 76 84 51 90 97 84 61 40 25 78 57 13 69 54 5 90 77 99 41 40 74 84 21 86 15
73 72 30 24 83 48 36 94 17 48 2 44 56 64 2 36 46 68 58 38 26 81 46 61 10 57 3 17 10 46 93 65 60 22 72 74 9 83 20 62 33 83 10 53 57 10 6 25 40 16 87 2 59 20 90 54 45 9 90 14 79 7 65 92 86 17 54 28 66 9 37 30 1 32 58 35 22 27 37 13 71 91 41 73 56 1 29 92 40 35 63 34 56 43 86 42 99 1 69 11 56 69 88 48 77 65 11 10 53 65 94 43 62 88 81 84 33 22 37 47 98 51 57 64 86 38 48 59 52 88 81 96 30 27 3 42 72 5 57 91 38 55 78 9 94 81 43 80 74 32 76 42 36 69 63 96 66 75 4 9 56 76 54 46 8 62 40 87 48 37 65 87 51 8 38 83 99 73 78 48 94 72 67 71 62 72 78 29 85 24 39 81 91 24 84 67 96 97 22 38
21 3 2 46 68 68 16 87 37 98 79 7 28 31 38 22 61 22 32 72 30 85 29 15 35 99 91 65 40 3 56 95 25 97 55 75 19 68 42 7 41 1 30 16 97 11 61 6 15 87 4 48 8 4 31 24 67 19 21 3 77 8 37 50 59 24 56 7 55 19 70 50 87 26 75 26 2 35 63 97 36 96 1 25 24 19 64 99 48 62 1 85 84 2 7 81 71 48 22 82 55 86 40 42 9 85 86 59 71 86 32 84 53 58 32 57 67 89 91 61 59 69 85 9 83 38 86 64 81 30 69 22 56 81 13 64 49 15 2 3 8 63 62 29 46 81 18 99 63 86 24 52 53 12 85 41 64 37 74 77 52 27 46 87 96 84 66 80 44 92 37 30 12 78 57 43 80 47 87 41 26 9 91 41 10 78 39 87 92 82 96 49 56 63 39 79 12 58 90 72
26 1 8 14 55 22 11 6 18 11 43 26 51 29 36 1 29 86 50 8 43 64 50 7 20 18 10 96 75 26 15 42 30 8 58 36 5 92 68 43 97 73 29 79 41 23 26 7 55 10 4 27 84 38 85 55 55 7 4 41 51 63 52 7 2 74 63 84 69 84 28 60 30 69 14 9 19 85 92 73 67 63 78 17 42 22 28 44 65 29 14 84 2 87 82 11 33 46 10 15 78 28 28 19 24 26 42 54 90 56 10 12 6 47 9 98 64 57 59 52 6 75 4 54 91 43 52 23 83 15 91 94 6 29 88 31 6 82 89 84 90 4 95 56 38 3 41 53 67 31 35 73 61 70 26 23 6 33 91 58 52 23 52 27 29 55 1 44 53 63 24 61 85 18 77 23 97 77 18 24 7 67 94 98 2 82 96 11 18 34 45 83 66 42 19 73 97 90 66 8
59 86 42 49 21 65 37 54 17 1 44 82 85 12 61 87 15 37 1 15 39 6 83 50 66 51 12 24 48 10 38 4 68 17 60 33 57 15 28 49 6 3 35 5 57 54 93 22 6 55 36 91 38 19 8 94 40 96 58 87 31 58 37 33 89 58 28 58 8 23 15 28 43 98 29 54 42 52 42 28 11 68 33 55 12 15 6 76 47 37 76 40 68 20 74 84 34 86 43 93 49 78 57 5 72 65 31 29 85 97 39 35 37 44 54 76 90 12 13 39 89 26 45 86 81 56 95 53 85 87 56 76 32 13 72 53 72 55 68 82 57 34 94 75 43 17 44 55 7 93 64 66 25 27 73 16 32 67 11 98 18 91 30 19 27 92 62 94 37 80 13 22 60 62 14 31 21 33 25 56 16 59 77 90 73 92 54 62 55 26 78 54 75 94 73 92 80 44 46 15
28 12 74 7 8 75 13 4 2 9 4 2 89 79 44 10 57 1 1 97 34 92 23 94 25 55 90 43 45 22 17 18 85 12 76 85 97 84 99 21 23 69 42 27 27 31 41 81 48 61 17 58 32 54 85 16 14 41 48 93 49 76 11 50 84 81 41 42 99 84 89 60 92 4 56 3 91 26 23 5 78 21 37 65 55 61 21 58 78 16 83 56 43 77 39 49 57 37 29 26 66 26 41 89 99 58 33 55 34 21 85 66 57 69 62 49 14 21 19 6 63 9 16 19 84 75 43 96 51 13 68 98 69 74 70 21 59 25 68 33 10 67 29 93 15 31 77 94 70 46 73 97 50 73 93 13 65 60 37 92 88 45 17 53 57 99 24 53 6 10 65 64 39 64 86 73 72 85 56 94 77 93 11 62 60 29 38 98 34 93 94 48 30 93 34 78 14 49 72 97
