20 200 17910 1.58
13 1 45 2 53 91 6 20 89 27 33 24 54 73 78 3 22 39 58 95 35 13 47 85 80 55 90 2 24 1 87 17 55 91 48 1 33 91 47 57 19 61 98 48 43 57 14 85 12 87 24 5 31 18 20 50 78 82 27 9 69 48 36 13 96 58 2 66 79 25 86 94 34 10 27 18 20 65 81 49 94 83 35 38 98 14 29 13 58 91 86 96 46 1 77 37 11 25 80 31 8 24 6 77 34 47 52 95 16 92 15 63 89 88 69 87 55 24 31 78 18 50 47 17 42 85 33 91 77 7 72 49 17 66 97 27 50 45 51 38 6 69 3 71 27 72 24 89 79 48 60 58 40 73 20 76 62 77 97 69 90 55 99 98 65 96 82 88 52 52 75 81 1 24 44 34 47 50 51 97 42 83 89 12 40 42 43 55 97 76 78 65 99 33 74 80 94 94 67 95
21 79 23 6 70 79 73 23 35 20 39 3 4 27 56 11 1 9 9 54 50 68 51 46 4 93 51 9 17 11 67 49 53 17 36 71 87 29 14 11 76 8 22 44 95 14 31 98 2 14 73 9 67 43 17 86 61 53 48 21 77 62 5 2 11 72 71 32 37 59 31 19 65 2 34 62 43 24 80 56 73 12 76 94 45 62 44 62 79 50 92 95 57 72 75 71 21 58 9 58 96 40 81 33 13 86 77 53 77 83 62 14 26 54 67 62 37 44 87 15 90 79 86 54 21 28 55 86 92 93 19 99 43 64 94 19 37 32 89 41 74 53 59 74 89 56 70 79 21 88 12 59 83 56 60 25 1 53 22 49 79 24 26 75 5 69 87 42 86 33 81 86 94 60 66 69 29 61 52 39 71 12 29 86 46 50 73 89 39 92 92 64 59 53 17 7 42 81 98 54
7 8 30 15 30 28 1 76 90 18 47 68 35 36 49 4 7 65 45 75 65 37 30 24 87 87 98 64 16 34 46 67 52 8 53 58 6 89 86 63 14 37 33 71 98 42 26 7 99 22 18 2 27 8 39 53 89 97 28 53 90 9 94 24 22 8 40 15 82 46 52 1 10 73 25 5 41 46 88 53 21 96 93 99 21 45 27 29 75 22 2 1 87 6 90 95 41 49 93 48 62 30 6 61 98 27 12 12 40 14 18 83 64 74 72 45 93 11 38 99 28 37 82 97 51 60 18 28 57 89 48 87 25 85 73 70 26 24 7 88 69 80 23 69 75 37 57 21 56 93 61 77 76 98 60 11 35 16 38 89 64 99 17 32 64 37 70 34 69 88 84 86 45 24 51 78 87 87 34 34 69 45 77 86 90 48 5 69 52 28 67 29 40 9 74 50 84 61 24 75
1 82 82 35 19 25 1 28 15 12 8 45 51 74 90 40 89 17 11 5 26 17 2 56 48 34 19 74 2 3 79 25 62 40 53 49 62 72 28 74 99 7 29 78 77 98 3 56 6 29 2 81 72 80 3 24 26 18 62 66 52 63 72 72 25 82 36 92 17 59 64 91 39 9 16 43 93 36 22 3 55 94 13 2 72 88 85 13 54 36 33 22 65 4 10 98 22 37 47 2 82 35 84 4 76 47 93 67 60 96 45 25 27 56 27 78 84 18 67 76 99 11 83 56 37 17 32 93 11 99 63 7 62 95 70 88 2 21 90 74 32 99 35 61 48 90 55 54 30 90 62 83 77 93 98 35 24 64 30 75 81 89 6 76 91 95 76 79 47 95 76 10 57 65 22 23 95 73 64 19 24 96 52 44 65 52 41 64 96 84 68 30 93 52 45 97 54 64 99 5
8 2 91 37 14 34 2 60 49 29 9 33 36 26 34 93 67 6 4 34 27 71 48 25 96 18 74 50 4 35 15 4 29 40 13 70 6 50 6 56 12 2 62 36 58 31 9 37 58 48 35 22 90 2 79 12 8 87 63 21 95 76 68 91 84 10 25 97 94 53 14 92 10 88 56 90 92 89 99 70 26 47 55 52 58 9 64 39 74 84 54 78 13 74 98 47 61 76 3 38 51 9 80 77 63 98 89 80 10 9 86 38 92 72 5 20 88 65 20 53 74 50 90 59 37 76 61 39 59 68 53 56 61 63 85 94 50 54 5 74 11 86 40 64 92 34 60 14 73 3 58 67 96 65 38 5 17 53 91 56 21 59 98 91 77 89 36 74 99 83 26 94 39 65 55 89 98 83 90 64 54 20 86 37 40 37 73 42 51 5 99 82 20 43 37 50 76 42 15 34
77 64 76 54 64 62 55 12 88 67 40 15 22 91 27 2 95 74 82 48 55 17 8 10 32 31 73 46 30 48 42 69 29 77 8 71 36 35 80 70 41 22 12 60 12 19 21 15 98 67 2 62 40 87 17 76 1 44 89 23 89 41 24 19 51 26 10 15 81 86 52 77 76 39 56 39 38 54 19 76 75 73 45 14 74 28 52 82 64 58 18 63 86 65 67 61 85 21 25 1 29 43 15 96 77 24 21 46 4 20 22 76 68 82 98 48 2 32 86 42 37 10 26 69 30 41 6 72 47 34 51 28 65 26 7 93 45 46 34 24 57 77 74 48 89 17 23 65 62 78 73 77 71 97 86 52 64 79 78 81 94 89 32 43 89 93 11 86 13 28 25 17 40 62 90 69 41 74 14 66 24 64 79 30 41 76 74 36 59 27 53 62 32 49 91 20 70 34 8 48
6 6 2 8 25 18 3 75 34 8 2 9 27 19 30 77 31 15 88 59 51 25 67 18 17 2 39 25 28 87 4 24 47 27 24 10 17 61 82 50 73 67 4 75 11 29 66 43 8 34 36 35 12 84 46 78 75 51 65 36 5 86 72 34 63 20 69 5 42 1 67 94 70 95 54 92 77 72 77 55 16 59 47 66 47 63 70 11 91 68 62 76 5 45 43 33 26 69 97 47 54 25 69 13 75 38 1 78 66 46 77 72 59 41 8 97 19 4 24 56 30 98 92 26 85 47 93 16 19 44 42 85 21 30 36 91 12 25 85 75 98 87 80 12 73 35 86 27 5 47 10 22 37 23 21 94 71 25 7 83 1 10 77 81 65 76 5 83 86 52 9 3 71 58 15 41 37 20 68 93 80 48 77 73 93 41 83 81 33 77 25 60 18 51 68 73 60 80 57 59
1 5 20 36 76 1 54 34 50 76 62 38 99 1 25 41 1 25 39 51 14 52 1 95 2 26 6 63 47 41 38 40 67 90 84 93 31 7 12 28 60 59 21 29 60 26 3 30 81 91 14 9 55 46 1 51 77 23 13 90 4 79 5 45 14 63 33 87 23 31 2 44 19 21 62 62 98 43 5 2 87 56 33 11 3 71 57 75 52 68 80 74 39 53 84 71 43 32 65 55 97 26 47 56 95 28 15 14 52 19 39 51 8 42 63 7 3 96 80 12 83 62 57 61 24 47 59 10 59 21 94 56 48 35 17 57 95 87 87 64 80 27 78 93 53 67 89 72 74 11 31 66 62 70 40 95 78 97 20 55 77 67 85 23 74 30 64 75 51 43 65 60 10 98 49 13 88 8 28 96 93 98 97 70 94 61 46 55 55 85 88 79 74 81 99 34 99 24 78 51
72 7 8 28 13 27 54 32 33 25 20 63 5 59 34 4 28 65 47 25 99 37 53 25 74 40 12 12 35 13 87 84 32 50 64 54 61 57 73 3 11 20 65 18 13 44 65 8 19 20 61 72 93 34 69 14 95 30 30 39 63 21 34 37 33 66 53 57 44 49 93 32 80 95 40 55 18 60 16 34 13 43 37 54 79 28 33 84 53 36 11 14 71 10 35 10 85 22 96 60 72 63 23 52 53 19 76 18 77 67 83 63 53 40 28 31 88 33 92 46 73 88 43 37 82 16 86 71 85 77 98 59 28 93 47 22 81 39 16 78 11 6 86 64 66 73 93 63 75 29 25 76 31 27 71 76 65 46 86 3 33 8 36 59 1 49 40 43 42 93 48 49 29 57 84 73 63 83 42 92 88 77 34 29 70 99 43 80 83 80 48 10 94 70 55 80 42 79 80 25
39 3 59 99 74 70 56 10 5 46 6 43 66 20 37 17 18 54 61 27 2 47 40 45 61 15 32 90 99 96 98 52 35 83 23 46 41 27 16 12 39 75 75 14 78 68 81 25 61 19 82 73 16 23 83 25 48 6 40 84 40 10 4 90 50 22 87 56 84 62 33 59 68 16 42 77 77 60 94 51 25 49 31 19 57 96 10 74 41 44 42 48 13 35 73 7 58 63 37 26 74 55 20 81 56 70 70 58 65 12 11 57 45 56 66 85 51 23 77 51 43 8 92 27 20 71 11 86 95 85 40 27 44 3 33 64 63 52 45 27 81 52 25 12 63 43 12 18 53 58 82 36 87 98 57 77 67 30 54 84 17 50 77 58 33 96 96 85 18 67 75 89 93 56 64 99 77 61 69 58 1 83 83 53 11 94 85 34 51 19 33 30 20 84 47 32 83 96 92 27
46 10 6 9 62 58 29 91 8 44 19 5 50 80 3 29 5 32 13 43 19 7 19 19 26 35 41 10 3 76 7 54 17 62 20 21 45 66 15 97 10 53 27 2 19 51 67 43 73 54 53 31 43 8 68 68 36 35 27 38 63 87 42 66 20 76 2 23 6 11 92 12 11 35 76 24 10 4 67 92 35 53 95 74 34 8 79 72 68 13 64 39 1 90 1 34 33 72 58 54 70 39 49 63 91 49 16 93 6 13 52 49 15 59 39 35 31 62 85 29 19 67 49 3 30 30 96 47 65 53 90 22 19 78 59 39 56 82 62 70 92 27 28 74 12 28 33 98 3 74 20 29 98 1 44 40 51 45 65 46 69 25 69 11 15 41 86 51 22 33 12 4 61 12 26 85 12 30 99 97 59 21 37 17 78 87 98 66 61 85 66 96 4 96 11 84 44 13 68 43
47 35 47 16 76 25 38 57 3 1 47 81 58 52 48 90 79 17 15 61 39 96 12 54 82 6 75 39 49 6 34 8 1 2 53 42 62 4 26 38 34 93 90 46 30 63 37 2 47 84 28 63 98 19 80 2 10 5 54 85 10 16 72 38 82 4 38 38 71 34 30 50 2 11 3 27 13 15 16 93 85 3 33 74 87 89 40 8 58 43 57 23 91 40 88 38 21 80 14 42 5 29 72 61 3 84 62 26 13 44 71 56 78 19 36 84 38 59 9 41 39 63 35 34 58 31 78 18 10 15 92 44 9 65 64 59 29 82 97 28 70 30 91 73 74 77 27 39 82 44 93 58 2 26 91 97 51 37 78 57 68 54 51 97 49 37 45 38 87 42 24 38 88 17 98 7 67 95 81 78 60 72 97 31 77 58 75 83 70 80 74 70 80 99 88 96 41 80 99 61
20 4 18 67 13 43 10 23 15 36 98 13 72 31 4 10 7 22 79 40 28 71 47 32 7 39 26 23 61 16 67 66 25 25 22 50 13 71 56 66 74 73 50 50 37 21 33 75 45 19 14 8 69 18 34 57 83 38 21 98 3 50 63 78 22 31 87 25 19 60 22 59 97 5 61 1 30 76 52 33 98 9 5 75 30 58 93 79 34 80 60 22 39 99 22 45 48 36 49 92 38 90 29 13 20 45 3 53 75 65 67 55 33 23 78 88 43 97 58 61 86 77 20 99 80 58 75 72 46 16 22 69 78 68 31 90 91 32 42 53 47 53 87 9 81 88 80 38 51 65 83 7 50 51 3 59 20 35 85 6 30 76 82 70 83 99 68 11 95 44 36 83 83 78 16 87 82 27 11 33 97 31 50 26 51 40 96 75 22 88 71 81 40 84 23 63 91 41 43 40
97 97 15 26 1 39 11 5 25 61 90 91 34 76 2 88 22 91 18 6 8 93 76 10 57 63 11 68 72 44 27 29 51 17 63 33 35 16 67 90 57 30 28 90 14 25 98 26 56 25 66 63 28 85 28 19 27 93 11 35 58 32 95 68 81 33 27 42 30 16 79 34 22 98 78 3 3 10 41 94 29 89 16 48 47 60 9 54 53 73 84 45 82 73 38 94 42 97 17 76 62 57 38 86 52 99 18 33 39 99 40 71 34 33 3 19 77 96 20 52 22 9 27 25 12 46 9 89 97 93 98 69 88 26 59 34 66 94 36 6 97 78 47 81 76 93 89 28 85 66 15 80 78 68 91 57 65 80 62 25 74 93 59 61 78 13 82 57 73 99 59 39 58 72 80 47 79 41 10 26 81 13 8 95 65 54 81 90 72 96 11 97 66 41 96 78 57 64 21 6
87 11 7 60 15 23 94 80 60 15 66 26 9 70 38 80 60 68 77 57 58 10 24 94 1 28 16 40 84 89 12 38 81 18 34 8 26 7 41 15 50 80 39 32 13 87 76 8 31 70 52 88 35 27 94 80 37 59 83 46 65 37 34 37 32 92 86 65 79 61 53 14 50 87 58 71 25 34 51 61 22 83 77 35 54 24 43 63 35 38 12 66 52 55 78 12 70 65 22 16 11 77 97 86 14 39 56 9 64 5 27 47 68 28 79 71 48 51 53 43 65 49 18 64 69 88 90 21 67 69 7 30 85 5 26 28 46 52 80 53 19 61 35 45 21 65 69 67 61 39 82 17 26 15 93 1 9 75 62 75 35 54 90 27 66 11 29 92 87 48 66 80 51 62 93 74 23 85 80 27 99 38 41 97 76 59 35 23 44 25 22 22 92 82 59 99 47 98 49 57
3 30 4 95 1 39 14 10 4 94 10 29 52 39 6 46 95 96 43 19 38 16 57 5 43 17 1 55 82 48 4 78 30 33 78 11 58 8 67 85 6 54 66 13 73 23 52 66 84 84 90 16 7 64 93 78 34 87 42 85 71 33 32 39 22 24 15 56 2 68 43 65 74 83 10 26 71 82 15 4 49 25 77 9 27 86 54 21 3 28 93 81 75 86 15 83 81 63 89 97 24 96 97 21 20 62 42 58 39 38 35 31 82 39 12 30 68 83 20 71 4 92 62 80 98 74 78 25 9 62 23 77 88 27 99 55 75 56 25 72 16 52 71 98 19 58 14 74 53 46 46 22 48 60 31 88 92 71 58 70 78 54 18 24 59 55 8 4 15 95 81 50 92 97 61 52 28 44 56 19 12 92 91 84 9 79 55 33 63 1 68 77 95 85 68 43 79 78 82 19
46 70 59 23 51 17 69 21 38 6 12 37 7 4 80 37 29 36 14 51 91 44 65 15 5 13 51 9 62 38 53 56 72 50 51 97 58 45 27 6 56 56 28 24 15 23 90 83 26 37 88 53 20 82 40 49 12 59 93 6 11 42 56 42 62 79 74 26 28 72 45 8 62 57 93 35 79 2 36 32 4 49 38 65 17 30 7 40 37 21 4 13 16 53 12 83 50 25 9 99 31 85 6 47 27 47 82 73 66 87 57 50 17 36 78 40 48 20 64 65 20 59 58 48 88 42 66 5 67 45 50 81 23 33 82 92 99 77 37 36 48 57 99 8 96 15 99 56 92 40 99 78 63 69 22 47 99 90 82 43 95 42 31 70 53 81 37 35 62 26 91 39 58 76 67 58 89 49 95 83 10 36 25 55 63 98 56 86 89 85 25 59 99 18 97 86 86 47 99 51
30 79 37 22 19 18 91 6 8 42 23 64 50 7 14 24 31 64 59 50 14 9 40 87 13 38 57 4 51 82 13 77 35 41 93 13 78 22 17 12 42 50 24 77 73 86 44 87 20 21 41 88 30 27 45 13 43 4 47 38 10 7 44 38 96 32 45 40 48 26 42 23 28 1 98 77 59 62 4 26 24 15 82 78 82 31 59 77 12 19 32 3 29 60 1 15 99 42 81 94 60 72 89 45 32 52 69 82 80 97 96 72 54 96 17 45 16 80 42 71 55 46 25 4 35 76 26 76 3 44 38 11 66 65 36 15 36 79 90 45 50 16 64 82 7 21 33 6 47 67 84 81 34 35 32 77 94 56 25 57 78 71 76 26 88 11 58 93 35 32 65 99 59 30 45 79 37 89 90 56 93 90 65 84 90 56 15 42 72 77 42 99 90 35 21 27 64 90 46 50
17 39 62 5 64 42 63 89 35 58 83 92 1 7 46 68 56 17 34 4 7 59 86 19 77 95 34 94 70 3 7 6 32 53 17 59 19 33 80 11 45 22 74 5 18 82 14 80 62 77 38 90 45 96 13 63 44 37 15 48 9 44 25 54 2 87 71 76 35 29 43 2 88 73 7 86 42 71 14 43 64 22 22 9 29 55 43 78 27 51 36 84 69 10 64 10 53 48 57 4 33 45 64 18 20 37 69 43 71 79 17 24 34 78 92 28 70 49 14 3 70 64 23 95 88 23 39 35 5 39 44 22 97 56 8 12 50 22 72 95 90 68 59 32 22 75 43 90 76 68 59 34 22 60 53 72 64 55 32 55 9 72 79 15 23 6 99 45 82 82 89 99 32 96 74 24 61 66 59 99 36 66 22 86 54 27 76 73 89 20 88 22 28 92 86 83 48 69 98 4
4 29 2 52 3 9 30 7 77 76 61 1 51 2 95 34 70 2 24 17 96 35 52 65 17 96 29 74 17 84 69 16 55 37 26 7 94 81 35 40 68 21 45 81 58 13 74 31 20 7 92 41 36 64 47 21 36 16 70 8 48 89 55 49 69 53 68 27 42 95 2 80 45 54 58 62 26 54 82 33 65 2 55 58 15 33 81 5 12 59 62 44 52 57 20 50 47 17 49 60 42 62 31 14 89 11 89 24 98 34 99 26 78 8 88 27 73 85 68 72 86 23 29 90 62 94 40 72 84 4 17 84 95 80 41 16 63 72 33 46 40 11 5 21 9 49 38 96 16 45 47 76 24 21 95 24 85 31 44 39 24 27 17 90 52 49 60 26 21 15 64 46 95 52 65 64 25 42 84 5 89 97 43 90 33 33 41 34 13 85 98 97 91 84 96 81 23 77 96 17
