20 200 17372 1.59
29 3 73 27 56 7 5 64 11 20 79 38 84 55 16 59 89 55 91 4 26 17 11 81 6 32 27 16 10 47 97 38 12 90 46 90 95 18 76 61 16 33 75 65 25 74 41 73 71 20 64 88 81 54 41 25 15 83 26 1 28 45 9 88 11 37 10 57 36 92 61 61 14 30 71 39 26 18 29 43 28 68 53 45 9 70 1 48 79 54 8 88 49 96 79 70 74 22 59 6 65 60 51 40 38 10 97 59 99 97 88 55 65 19 92 91 59 34 76 98 18 87 39 82 19 17 91 17 59 88 55 57 11 50 43 42 96 95 54 65 69 46 45 52 92 96 2 84 21 62 41 7 54 40 13 79 54 34 3 10 87 9 54 53 83 53 39 95 45 34 72 95 18 53 86 91 78 81 16 75 60 96 78 66 25 81 67 84 46 28 65 57 46 96 74 99 94 68 54 4
8 15 1 57 27 31 45 29 53 33 46 5 52 76 14 56 65 46 6 41 93 47 76 39 67 31 57 5 30 52 15 21 60 53 44 49 85 73 19 8 66 75 28 80 77 45 72 68 80 6 71 32 3 52 98 56 20 34 61 71 1 39 87 2 46 1 17 47 1 36 82 2 78 55 79 61 31 80 43 10 88 95 26 34 28 22 89 10 21 84 4 92 73 32 47 44 25 89 51 57 53 52 75 13 26 93 41 48 27 66 10 18 73 87 5 33 30 55 35 20 24 45 11 34 41 80 88 17 57 76 51 18 71 39 78 83 52 54 49 54 14 92 11 39 71 38 91 7 75 87 54 91 74 69 35 53 58 37 80 5 41 33 94 38 59 11 92 88 91 57 58 33 79 41 53 53 38 86 13 29 36 44 72 75 73 3 88 31 85 62 71 11 58 89 16 53 83 90 59 41
31 22 33 26 14 35 34 74 27 56 12 87 48 18 18 54 16 5 69 12 91 22 47 35 21 12 15 10 58 13 49 10 32 62 7 28 22 28 7 64 1 33 33 13 89 4 93 31 18 49 20 77 22 20 1 29 76 62 38 89 63 86 58 1 68 73 85 76 20 15 94 34 29 71 3 10 13 20 77 71 47 94 76 8 48 46 36 66 87 25 44 3 59 85 93 89 60 56 5 68 70 65 22 97 93 16 7 73 35 26 80 32 9 37 66 22 67 67 99 66 88 94 71 33 74 16 39 81 39 89 20 91 90 61 54 32 98 55 80 22 40 35 45 47 7 57 64 70 7 5 95 83 51 15 11 81 43 75 69 27 49 49 89 24 63 94 81 87 21 62 34 91 83 78 82 24 90 96 6 20 76 82 93 49 35 49 81 41 84 18 47 55 96 55 81 19 90 77 53 12
19 35 13 4 26 25 77 50 7 78 84 5 76 23 69 26 17 15 10 29 10 60 11 38 26 97 96 64 44 24 50 78 41 1 6 97 14 35 16 57 60 4 49 89 19 16 52 54 88 64 31 12 36 7 24 54 76 27 41 61 17 73 29 81 71 39 15 34 4 51 61 92 98 46 51 56 88 25 97 94 9 57 8 37 60 66 61 69 12 28 24 2 72 37 87 8 6 32 76 93 69 62 10 10 48 61 48 86 16 87 57 68 47 40 69 17 73 27 97 33 70 85 37 4 71 79 98 35 43 62 80 72 95 71 42 45 95 83 2 85 64 27 62 77 98 86 49 29 83 48 78 93 18 38 78 64 29 88 25 39 87 80 50 77 40 88 91 11 45 86 62 52 80 27 68 99 87 49 59 73 58 20 12 37 39 99 97 68 46 80 91 97 33 31 26 44 92 68 92 29
1 4 18 62 6 34 43 53 74 70 24 99 12 11 67 13 40 4 4 52 31 46 57 22 9 67 41 67 34 86 60 11 7 18 2 4 89 61 54 28 23 44 51 65 23 95 51 55 53 48 51 7 32 80 82 55 43 23 74 54 2 45 97 45 94 19 2 56 77 83 23 61 96 87 25 28 89 30 14 49 20 50 36 38 88 78 21 76 24 2 80 31 82 50 14 76 96 74 28 39 7 75 46 58 51 69 11 20 68 34 75 87 72 81 15 74 35 79 76 2 89 25 56 1 98 90 3 92 3 89 66 18 18 56 91 87 68 34 66 98 17 78 36 75 32 51 24 89 67 57 93 68 47 37 92 92 78 36 39 49 52 94 63 6 88 2 39 36 93 80 79 46 91 39 36 93 17 66 91 13 22 91 28 96 43 12 64 67 65 47 37 49 72 78 96 58 51 48 83 52
15 55 73 6 19 52 97 8 9 60 19 8 27 11 5 17 39 51 46 40 20 36 30 2 97 54 98 34 98 85 59 33 29 14 52 6 59 90 9 3 40 1 14 10 59 15 51 24 27 4 39 25 38 63 93 88 14 59 52 66 27 17 92 10 2 60 19 87 22 22 15 43 30 70 60 2 36 88 21 33 44 38 76 4 94 57 7 14 55 28 87 15 13 56 84 66 20 42 50 96 80 36 86 88 14 91 48 72 62 84 48 53 88 76 49 80 53 74 83 31 31 27 78 27 85 32 6 11 26 54 63 11 50 67 20 37 81 37 70 24 22 62 62 82 76 74 1 68 64 79 84 59 31 93 16 73 74 28 90 54 66 52 51 57 66 77 47 31 27 87 36 65 22 58 17 92 92 92 91 29 54 79 45 70 62 72 91 90 46 72 34 33 16 99 93 98 98 78 88 40
15 19 15 12 54 21 3 45 13 38 16 42 6 26 81 97 68 72 86 84 65 19 73 56 73 1 17 23 24 82 41 62 35 38 13 9 69 4 14 63 2 29 66 71 5 19 59 7 29 86 50 17 35 13 23 36 4 91 94 70 48 46 46 84 31 14 3 19 99 48 19 86 26 53 26 68 17 57 35 41 64 8 68 60 35 25 3 30 33 30 88 64 49 25 8 19 49 57 73 31 48 73 83 17 42 45 46 88 10 30 87 29 36 43 28 59 12 36 32 76 63 67 44 30 36 49 62 57 11 91 49 57 7 77 98 32 75 54 49 24 20 68 56 99 49 68 86 24 29 74 64 45 80 19 77 31 68 94 68 55 4 17 33 6 70 70 15 65 63 83 86 91 83 28 74 55 67 17 78 82 48 12 27 65 62 88 46 41 89 83 74 48 58 76 33 90 45 21 86 84
43 52 48 33 22 25 88 9 16 60 48 26 8 43 54 33 73 63 84 21 70 86 66 7 80 91 61 13 2 28 53 49 78 23 85 44 32 25 89 21 31 3 4 24 12 55 29 70 47 14 26 71 21 91 38 27 77 47 10 18 85 74 40 20 85 43 85 40 99 3 25 47 38 6 70 20 8 73 41 36 15 50 52 87 21 21 93 52 76 36 45 15 37 39 14 4 96 76 19 57 60 56 29 36 78 75 6 53 49 90 56 63 28 57 93 36 32 66 86 64 84 74 70 16 83 95 85 55 1 87 96 74 40 58 25 65 10 37 75 83 95 57 9 75 65 88 98 7 79 83 14 8 99 24 97 44 74 88 78 80 98 49 35 95 69 96 78 20 21 46 41 67 48 10 79 24 32 20 15 43 24 25 51 78 86 92 51 49 21 81 25 87 51 53 69 88 81 12 53 21
5 89 36 35 5 2 11 23 21 4 78 82 10 20 17 12 2 53 9 36 86 90 40 26 54 11 26 54 57 11 87 63 82 56 50 54 73 74 75 92 67 62 33 13 11 43 34 30 12 54 19 72 74 22 11 60 61 66 35 34 63 12 1 50 77 65 99 8 50 49 62 8 42 83 34 80 30 68 36 91 39 50 61 58 97 2 61 36 55 94 4 32 31 72 6 46 59 76 56 84 33 66 68 46 21 79 85 24 46 27 85 24 75 8 2 42 70 28 87 15 78 57 31 68 39 34 59 69 31 66 33 38 35 30 64 67 95 98 44 22 86 65 91 54 31 55 72 13 42 8 43 82 51 47 62 33 74 91 58 98 68 63 1 45 58 35 80 43 39 56 69 98 66 58 11 51 98 48 17 72 90 88 73 51 45 94 1 80 82 45 46 98 75 40 73 81 97 84 67 36
34 81 13 51 52 17 7 13 71 20 5 28 54 30 2 59 82 6 30 44 97 8 81 30 14 52 93 41 97 88 69 35 5 89 30 54 40 28 73 50 68 93 12 40 25 29 24 32 74 62 93 68 35 72 63 54 86 27 56 15 67 10 52 64 30 27 47 76 44 2 27 38 47 58 2 13 11 12 44 67 98 73 16 71 34 40 17 71 69 82 95 42 56 22 35 64 54 88 47 47 22 40 5 53 22 30 91 69 88 68 44 56 39 96 9 6 50 79 62 3 40 63 42 50 5 32 34 63 80 7 79 84 91 80 21 64 20 1 46 47 94 84 18 34 77 2 44 78 77 79 18 30 13 70 86 40 29 70 21 46 68 40 99 66 26 91 39 24 84 22 67 35 3 80 58 90 83 42 80 22 85 1 68 74 87 20 32 44 17 33 68 25 86 36 60 58 28 39 34 44
15 16 55 98 82 25 16 2 70 2 17 3 23 79 13 19 32 4 29 95 43 91 45 89 94 8 9 56 26 25 4 54 86 19 64 9 28 38 51 88 51 76 36 1 83 83 35 35 61 58 2 74 93 62 52 47 57 42 79 39 85 43 19 69 59 34 34 4 51 53 2 32 25 63 96 58 83 81 62 83 78 1 28 15 28 5 74 88 78 30 5 52 51 67 87 99 30 2 69 17 66 21 76 77 29 49 98 40 37 47 38 58 90 84 75 68 94 63 36 66 60 48 37 76 11 55 77 44 94 47 29 53 56 12 98 81 46 86 6 23 66 47 70 7 68 6 71 36 74 65 70 88 78 13 53 88 64 1 13 96 31 76 16 37 38 38 80 96 81 48 42 61 59 88 74 68 53 36 74 98 64 95 94 48 68 54 66 26 18 97 91 84 99 39 10 52 22 68 7 95
34 47 44 79 44 54 10 71 48 32 39 34 77 54 69 48 19 34 32 67 5 79 8 74 80 58 46 22 15 26 22 98 24 98 77 32 4 13 3 76 15 62 11 17 18 83 48 66 17 34 22 72 65 40 36 14 64 42 10 18 42 13 24 63 39 98 69 89 47 30 37 78 75 10 66 62 82 64 61 44 88 49 25 42 49 79 47 94 41 55 94 98 39 16 44 54 81 50 81 55 10 99 12 32 87 2 54 91 37 8 30 90 39 15 13 35 24 5 63 36 51 85 79 53 9 94 78 8 75 23 20 22 98 32 13 60 2 51 39 97 26 83 78 48 1 75 31 38 86 22 5 74 78 87 74 84 37 8 96 92 36 75 25 89 4 59 99 97 68 29 52 76 58 23 15 57 47 88 58 70 36 82 48 85 68 53 36 76 91 12 40 76 33 6 55 90 56 15 45 67
82 49 42 16 49 47 35 24 25 55 48 17 12 23 56 48 20 37 9 50 2 57 53 45 65 23 19 92 29 1 40 6 91 80 11 63 62 28 96 66 35 44 56 80 88 40 99 12 22 92 11 74 56 60 72 30 40 48 37 2 43 22 51 56 29 67 84 13 86 71 51 20 8 44 29 83 29 23 26 13 72 60 68 82 78 12 98 98 97 56 22 68 54 26 55 47 33 33 43 35 89 65 41 48 86 39 32 59 59 52 25 3 57 61 92 46 15 23 25 30 51 15 46 98 98 6 7 91 64 14 22 99 83 82 70 57 40 74 88 90 32 11 75 56 8 16 50 42 95 31 13 58 58 87 36 14 49 45 68 62 60 62 73 3 28 10 14 36 59 55 4 45 83 21 94 44 26 65 93 62 71 81 86 11 85 28 5 34 90 93 33 95 94 95 96 78 61 94 82 50
7 7 21 25 35 82 25 26 43 96 47 97 42 26 22 74 39 28 5 50 37 18 51 31 9 93 18 82 53 71 4 24 38 11 47 46 18 95 32 22 65 9 40 9 63 65 20 55 70 21 28 32 78 88 32 58 16 65 16 96 55 63 95 43 26 98 49 1 5 73 64 78 2 66 30 64 83 69 15 33 82 45 96 1 65 50 59 62 94 21 89 7 26 64 4 36 78 23 11 1 3 36 80 34 75 73 23 25 98 13 21 42 80 95 69 81 64 75 64 82 24 60 90 62 75 71 92 72 26 1 59 62 35 53 33 55 65 68 44 92 14 11 27 79 45 10 80 99 47 93 79 57 48 97 58 10 50 33 68 90 48 45 58 47 38 65 90 76 98 83 95 64 49 88 62 35 29 79 87 81 52 39 61 66 45 85 63 43 66 43 92 82 73 60 58 11 13 65 97 50
37 6 52 27 65 30 6 21 70 11 8 23 44 16 2 12 4 60 8 3 44 36 23 11 18 42 33 85 39 2 47 66 62 12 86 98 46 36 22 20 12 70 75 84 28 13 28 12 4 28 95 96 24 73 18 1 63 8 25 43 66 64 41 99 71 36 61 66 57 84 8 45 68 33 59 18 84 13 32 73 18 34 35 89 66 56 42 5 3 17 70 71 89 71 84 66 57 7 82 12 83 87 70 76 75 47 39 54 80 60 75 69 43 33 81 96 51 48 19 46 47 27 11 87 88 79 45 22 83 7 95 36 68 32 13 75 8 19 98 18 71 94 8 7 79 95 51 86 25 4 52 16 82 97 83 76 43 37 58 3 66 33 80 84 98 32 35 79 20 41 65 86 85 74 30 35 51 40 71 68 96 98 92 63 73 2 42 91 27 58 65 83 50 83 80 29 95 76 93 3
92 25 14 31 14 91 7 46 1 80 6 13 4 43 81 7 52 99 31 34 20 36 22 27 8 23 49 28 9 34 16 34 88 58 47 83 31 48 75 7 69 8 36 77 8 39 37 52 19 40 75 7 46 68 66 43 9 9 25 13 27 32 16 46 54 72 34 27 63 48 51 96 39 11 95 80 64 47 95 5 57 35 41 98 18 75 11 63 15 55 71 33 91 14 45 46 43 53 92 72 36 14 81 46 18 59 14 16 44 99 19 93 17 34 78 40 81 43 2 41 28 58 87 97 45 22 7 79 96 51 27 29 60 53 72 84 25 89 59 87 93 66 77 56 57 39 42 97 13 97 84 36 69 82 76 9 72 28 95 87 94 86 39 76 94 55 34 50 95 19 66 16 61 83 69 47 93 40 85 87 72 34 20 58 23 46 58 94 27 91 48 13 73 88 23 82 73 58 58 34
8 12 81 4 60 37 78 55 5 13 4 38 54 58 80 29 55 35 70 14 15 38 13 71 29 1 61 50 38 69 28 62 20 7 33 14 26 19 57 17 50 55 58 18 71 60 46 46 57 68 28 22 11 1 69 10 37 24 66 84 76 76 21 26 19 10 23 96 35 40 95 33 85 58 15 89 11 56 60 5 55 17 67 50 39 96 88 13 28 72 83 80 2 93 31 42 28 86 23 44 35 38 2 48 29 53 81 30 19 45 24 17 43 16 79 24 73 69 53 84 2 66 83 72 64 47 17 84 82 16 82 33 21 46 59 25 42 75 89 50 42 5 94 28 93 68 48 90 70 24 35 55 75 99 60 80 28 96 45 53 26 95 33 88 75 68 51 4 3 57 28 12 11 73 35 54 57 55 99 63 71 94 98 81 41 85 95 56 62 90 78 51 98 16 69 49 14 42 54 14
37 18 13 36 23 41 3 99 29 12 91 29 76 75 4 12 52 29 76 68 41 12 26 63 52 12 15 20 66 16 45 23 9 97 66 19 2 7 9 37 91 83 70 72 63 17 34 64 45 57 58 17 35 38 52 81 78 69 12 89 36 48 19 40 25 25 90 21 58 88 25 8 85 17 49 25 96 59 76 32 28 97 62 48 16 63 44 56 12 62 9 73 20 85 50 54 12 32 21 68 39 2 72 39 24 56 29 3 42 63 54 55 17 31 38 58 78 60 25 99 62 1 84 88 61 51 23 40 11 90 80 66 42 22 55 31 41 8 62 1 95 93 40 93 94 10 39 77 80 97 86 50 8 68 19 77 68 88 31 74 47 53 75 98 15 86 16 37 98 65 24 16 87 81 68 60 23 81 7 27 86 20 53 26 87 79 81 79 78 35 41 88 13 61 90 50 21 73 55 68
97 56 8 67 68 20 95 17 94 2 40 25 17 43 61 46 16 43 70 49 8 5 54 46 16 54 28 19 49 66 52 48 1 25 6 31 28 54 22 78 67 94 92 50 36 82 7 67 37 80 77 1 84 15 44 70 55 53 81 13 62 57 40 26 68 81 29 86 42 1 91 40 26 71 78 86 45 52 77 78 23 15 66 22 35 87 56 24 80 96 22 93 38 32 44 24 13 45 72 77 58 1 46 69 72 44 90 14 7 14 24 85 92 13 29 49 20 72 17 60 70 32 30 27 11 20 91 35 92 54 43 65 47 90 59 42 56 3 32 20 34 6 87 16 42 78 84 27 64 90 70 71 11 21 19 88 95 78 54 55 79 82 79 52 98 25 87 99 76 79 91 17 37 82 62 73 72 61 37 84 69 20 36 32 76 83 63 71 96 66 84 78 80 48 50 20 68 98 28 49
1 43 40 31 6 53 52 11 56 5 38 56 30 27 34 54 1 43 19 11 4 9 26 26 3 60 19 48 59 18 10 33 52 7 89 32 40 90 70 13 52 7 52 13 89 17 35 44 75 23 53 50 50 2 8 87 39 53 95 57 41 69 98 22 31 41 85 42 49 60 60 55 46 26 21 20 39 31 26 66 16 34 12 83 65 23 67 5 23 55 39 24 56 5 79 38 80 55 40 41 77 60 53 84 84 22 74 92 93 8 79 23 11 98 47 73 51 31 5 91 65 31 22 44 38 85 56 86 85 52 15 79 47 64 68 14 63 59 29 82 92 58 98 69 8 85 72 41 5 1 35 43 92 15 73 2 31 71 70 56 25 40 87 96 28 84 34 70 17 58 78 83 47 66 79 14 31 28 97 81 11 82 49 56 67 70 72 36 69 83 92 19 25 84 86 93 71 86 84 11
