10 20 2203 0.00
6 22 21 37 58 74 4 31 28 21 94 58 44 66 94 83 99 61 97 21
79 15 3 88 27 28 61 54 76 34 76 64 41 42 43 72 49 98 70 34
85 34 52 7 56 89 13 46 32 7 23 32 87 26 36 48 36 60 7 7
90 10 88 24 26 60 58 79 98 76 19 29 48 77 78 55 85 26 95 76
5 39 66 5 12 54 57 16 82 70 23 99 11 30 58 31 58 41 68 70
56 74 11 79 54 92 97 51 53 57 53 65 19 40 86 3 24 36 54 57
11 91 8 37 88 9 72 49 22 27 93 50 96 60 13 67 84 82 43 27
4 28 18 38 25 4 28 6 51 95 69 84 61 75 5 80 4 90 57 95
14 48 15 18 91 25 49 76 10 56 58 62 83 74 64 86 96 99 84 56
3 4 84 98 8 15 30 76 79 95 42 9 66 67 91 62 71 26 70 95
