20 500 42252 23.98
59 42 58 84 42 58 59 16 48 38 50 42 6 98 46 7 7 55 49 52 3 22 41 41 34 12 81 53 64 31 59 76 61 3 22 33 98 50 47 87 77 13 43 15 92 51 48 50 9 27 77 99 26 81 66 77 55 61 50 39 26 8 95 88 28 88 58 20 76 89 18 79 9 25 31 95 60 27 34 61 32 65 32 70 13 42 25 67 58 24 57 42 9 4 5 12 51 56 75 74 46 12 22 73 26 59 12 21 46 36 7 91 16 80 12 34 92 94 77 66 12 98 15 95 19 64 12 44 14 22 50 27 22 1 54 29 72 31 18 23 52 44 79 35 56 99 91 97 54 92 18 12 59 86 19 62 55 56 82 57 29 27 22 25 29 58 89 71 99 41 29 56 32 47 99 75 45 16 39 27 24 71 62 14 99 95 94 24 69 62 35 45 74 99 66 33 74 4 38 71 93 20 73 61 61 73 9 32 97 36 64 4 33 68 8 35 40 59 5 58 79 7 58 63 97 94 80 19 71 61 36 81 8 57 28 55 72 77 44 41 9 93 42 10 79 8 17 13 72 4 48 57 88 84 88 19 66 13 94 46 19 7 96 6 43 37 37 73 87 62 63 46 6 67 15 97 81 62 70 21 16 35 25 97 68 83 54 49 62 20 39 89 36 21 81 36 13 22 55 92 67 93 61 63 56 40 93 20 96 51 94 46 89 73 10 57 97 19 43 24 14 61 12 81 56 96 26 74 9 45 29 48 40 59 60 56 96 63 7 5 2 56 93 15 6 92 4 43 49 99 12 55 92 95 92 77 56 8 83 44 72 17 35 70 20 69 48 67 82 36 5 26 64 93 13 69 72 6 43 5 21 19 63 53 30 59 56 57 12 96 78 97 52 36 86 92 95 90 74 64 80 51 85 29 72 47 99 41 55 85 92 30 6 91 51 69 85 3 17 88 75 63 1 79 47 97 13 81 97 12 96 29 67 36 82 80 46 72 59 58 91 27 6 99 57 60 47 29 27 67 4 78 92 58 60 12 68 68 46 75 14 31 33 8 34 53 46 84 45 32 22 8 93 28 26 79 96 86 68 92 88 78 18 72 70 96 77 20 85 90 84 86 63 86 67 17 85 59 82 52
80 67 11 7 75 5 77 91 43 27 11 13 30 6 72 37 6 76 74 44 45 11 12 99 5 69 66 78 97 17 3 88 21 11 7 34 5 9 13 19 22 75 88 30 74 1 16 23 69 63 7 63 58 22 2 19 10 39 24 30 76 96 57 62 2 3 47 90 42 72 69 14 13 95 56 97 19 3 9 53 16 10 42 61 31 5 71 23 62 40 31 79 64 69 20 97 23 1 48 30 37 98 15 16 90 45 20 39 16 34 47 59 84 17 92 43 13 45 74 9 62 43 5 51 47 7 34 20 34 43 32 47 88 60 16 16 69 42 41 18 59 42 51 74 67 85 35 81 24 17 28 69 10 98 34 27 23 82 37 68 81 65 45 30 25 75 1 28 57 52 30 13 36 60 76 90 25 74 58 87 62 54 29 24 23 55 96 42 33 7 80 48 43 85 43 2 62 14 65 81 50 40 76 45 27 23 53 74 70 66 46 4 62 76 65 39 31 79 30 18 52 98 75 55 81 90 52 60 85 30 39 43 92 7 98 12 70 92 14 84 55 14 64 69 56 65 40 74 97 80 19 9 73 86 83 18 28 91 91 89 60 74 74 99 84 65 45 59 53 20 38 89 99 81 15 45 16 31 16 89 69 37 3 84 92 68 15 59 72 66 49 13 96 5 35 88 34 62 24 4 22 8 80 79 95 80 23 51 39 7 38 66 32 42 62 69 49 58 25 87 20 76 62 92 92 90 71 31 12 52 69 73 62 37 63 67 72 15 77 32 28 67 14 50 95 57 56 20 83 44 4 48 31 6 61 32 58 63 61 59 17 55 32 14 53 37 63 63 77 18 92 98 40 5 36 73 51 1 62 65 9 48 96 36 73 66 75 99 41 40 44 91 29 77 39 89 47 73 83 17 48 22 53 99 97 99 97 56 75 16 55 65 74 87 84 63 42 28 82 90 81 86 68 77 87 24 85 6 61 55 97 58 95 79 65 21 79 64 88 10 44 70 70 91 45 63 59 7 8 52 87 23 38 25 50 91 95 73 76 58 77 74 89 55 91 69 40 83 58 99 81 99 81 8 95 57 97 57 33 97 65 60 56 4 66 15 68 93 94 32 84 70 37 28 94 96 69 75 61 44
26 21 47 37 14 51 47 28 55 15 39 42 8 61 34 35 60 25 2 15 51 37 17 13 4 9 16 27 20 86 68 21 67 99 1 88 21 31 32 27 42 99 1 60 93 27 80 57 57 90 14 5 32 52 96 52 97 9 30 22 25 45 57 45 61 81 56 26 3 34 13 10 86 6 18 81 83 69 73 84 10 49 83 59 46 88 57 27 59 47 40 8 39 39 68 76 26 2 2 79 21 24 69 15 21 33 59 28 42 58 87 8 69 30 1 65 57 49 79 69 66 63 46 28 41 68 55 28 34 85 3 75 35 97 30 37 36 92 51 52 66 27 83 3 1 1 91 65 32 8 47 47 2 56 79 3 17 51 5 9 72 8 19 27 78 56 15 24 94 1 22 28 95 20 85 7 93 25 45 85 91 20 9 31 29 14 7 57 4 23 30 48 6 68 10 90 62 66 19 80 60 85 44 88 25 20 19 12 50 99 40 41 2 99 78 59 41 78 79 47 38 14 10 25 50 62 63 30 15 91 36 91 85 31 62 32 98 73 47 42 73 94 47 30 94 81 19 42 38 68 1 35 31 12 32 23 30 73 86 40 88 22 53 32 83 16 51 93 53 57 2 62 6 39 47 68 79 78 72 12 86 60 31 24 11 56 67 65 89 68 51 80 48 97 11 2 58 24 22 39 70 23 10 90 99 79 23 28 7 8 10 1 36 39 63 4 86 69 65 83 29 82 73 45 6 97 8 92 8 44 30 78 63 49 68 71 68 72 35 29 22 44 85 77 52 46 97 85 52 81 11 53 89 20 33 19 97 60 63 94 79 81 35 54 75 88 42 80 84 94 53 58 62 52 29 14 86 31 8 77 85 3 63 58 82 49 89 25 56 76 96 95 88 81 42 5 69 2 82 52 64 75 27 26 7 10 95 7 82 74 50 30 50 76 21 68 11 76 89 65 99 24 55 36 14 45 78 20 82 69 12 52 80 21 92 40 82 66 64 91 29 43 42 66 94 70 73 96 65 65 45 57 66 83 3 89 98 89 46 31 38 89 67 66 14 57 81 47 68 11 80 40 76 34 58 12 70 80 92 58 13 82 91 49 31 68 96 32 76 41 86 72 64 64 36 52 1 62 58 15
12 33 37 10 19 30 4 26 51 7 18 10 42 40 84 91 47 59 78 24 35 13 86 12 51 36 10 64 43 7 60 1 22 97 65 78 47 33 55 34 3 51 44 92 33 88 67 50 49 99 43 69 99 30 18 82 26 86 71 37 7 63 4 14 30 54 68 27 35 5 9 16 52 96 26 21 99 12 30 55 32 50 26 70 5 96 13 1 69 84 39 1 36 17 29 53 85 49 27 14 68 79 73 67 24 23 26 4 31 40 35 4 5 65 5 88 80 9 43 20 70 27 18 5 26 10 23 45 97 75 45 32 39 17 16 13 54 89 88 10 45 33 6 76 67 27 70 25 54 29 13 14 13 25 79 64 26 70 29 25 3 4 48 81 5 18 52 19 51 91 37 43 16 5 5 93 66 92 74 29 1 21 14 2 48 94 17 86 51 29 19 73 83 20 12 6 23 65 14 77 18 48 89 28 29 44 74 27 91 14 29 22 91 31 56 63 3 93 94 14 33 83 79 53 94 66 81 9 79 67 5 42 53 92 8 79 37 47 61 14 18 60 64 63 85 63 71 64 67 89 48 82 22 5 35 66 28 63 16 56 61 19 26 74 7 20 51 87 46 99 82 3 30 85 37 51 10 75 90 24 66 33 50 81 38 8 35 97 15 84 51 51 42 36 38 53 40 82 39 83 23 84 74 90 94 78 98 85 8 54 35 11 69 80 27 41 61 59 20 39 68 9 88 89 13 93 48 27 31 66 98 44 20 71 86 96 85 65 34 71 47 92 61 96 18 84 95 56 58 44 49 82 2 71 1 44 40 61 84 95 73 92 97 84 31 86 57 65 8 48 40 45 31 41 87 77 50 44 89 35 43 15 2 74 34 67 67 92 62 91 42 91 40 20 42 88 81 77 25 56 84 16 22 94 67 75 11 85 36 37 35 19 79 9 71 13 37 96 48 96 58 31 93 56 82 21 59 61 81 61 41 94 44 39 67 95 71 43 91 92 26 81 95 39 44 5 96 87 84 73 81 78 27 50 24 43 82 60 27 71 5 92 86 68 83 36 85 19 94 93 86 92 49 47 60 81 19 73 62 81 73 53 20 23 76 97 84 76 98 51 42 64 49 76 82 81 95 98 78 24
67 3 53 34 3 24 24 13 18 39 6 38 34 46 40 54 12 32 16 20 49 37 35 50 19 91 94 5 34 70 83 39 61 37 76 33 37 6 44 4 24 73 26 73 9 27 81 49 55 95 49 35 45 85 61 1 11 72 35 76 9 25 60 2 48 37 51 2 55 29 44 44 4 55 49 34 40 39 12 64 62 62 58 51 94 31 74 19 75 10 96 60 50 13 10 36 3 86 15 8 32 28 54 39 88 12 72 56 22 12 65 40 47 17 47 72 53 10 27 67 58 53 62 48 29 32 63 16 7 30 58 23 40 29 71 31 97 45 82 27 26 34 43 27 73 64 48 48 2 55 80 45 59 82 9 54 18 26 91 54 41 61 80 17 54 91 33 6 79 23 88 72 56 49 70 55 50 10 83 4 81 20 40 62 20 98 89 22 95 94 62 43 22 77 12 24 62 31 54 10 54 80 1 65 17 75 48 63 14 32 37 79 29 27 31 23 82 98 16 10 8 73 73 38 17 19 51 64 55 69 33 59 20 44 12 1 72 34 74 79 23 58 44 6 37 34 78 21 40 23 56 52 90 6 56 91 95 24 52 33 46 77 64 69 7 92 1 77 4 50 50 69 71 80 98 53 62 72 35 98 15 99 59 25 51 61 60 40 7 21 10 28 72 11 49 67 79 53 84 58 64 30 46 54 64 76 40 98 70 58 26 86 86 15 63 92 99 22 86 37 87 39 15 79 29 11 77 44 28 23 95 42 62 42 18 33 94 82 51 26 25 95 92 74 95 91 30 62 48 93 51 4 67 6 86 36 27 44 16 70 46 44 21 37 75 13 56 13 85 70 15 97 65 87 93 98 96 99 32 50 96 97 25 28 25 33 40 34 94 19 23 58 51 25 59 49 52 54 76 34 89 72 41 16 84 98 21 59 46 98 10 78 78 73 15 94 86 70 84 96 85 93 34 50 99 68 91 53 65 22 60 94 36 94 3 25 86 85 39 30 96 59 53 57 78 42 73 54 83 37 50 47 12 93 63 13 11 63 20 66 91 54 73 29 87 27 80 10 92 46 93 31 47 60 63 97 72 83 72 40 67 74 65 39 99 97 64 74 53 68 89 92 98 96 86 94 98 90 52 20
80 28 80 6 4 56 78 12 30 79 72 24 85 27 10 13 56 26 29 88 56 81 45 28 43 25 36 52 19 59 94 16 65 7 7 13 21 50 63 83 61 8 82 38 34 17 44 28 68 58 21 40 32 52 11 3 80 36 56 33 46 31 66 11 86 7 5 36 9 30 83 27 84 20 69 10 3 89 83 21 2 56 8 24 36 99 99 91 23 10 8 15 12 21 27 48 18 15 92 42 49 77 78 96 6 79 57 56 89 93 64 57 71 65 53 11 66 59 41 46 89 45 78 24 83 3 88 80 70 46 25 89 76 70 62 20 52 11 4 31 19 80 9 7 4 19 19 51 39 32 60 96 69 24 62 24 85 67 32 89 14 21 78 25 72 13 79 85 46 82 53 33 47 81 70 62 96 32 85 87 39 82 35 81 52 8 36 81 43 12 60 34 44 1 87 35 22 78 30 48 2 27 11 36 71 4 95 79 32 59 46 95 77 2 68 84 77 44 47 81 2 96 6 10 61 73 7 99 18 37 55 77 83 61 73 70 32 3 28 92 71 24 79 2 64 63 73 36 86 17 88 37 62 43 25 75 79 9 9 15 76 37 48 72 47 59 56 13 59 25 38 25 17 1 6 16 31 23 57 19 40 59 33 48 22 40 56 24 51 88 95 96 63 93 39 80 25 4 49 78 81 60 56 35 40 10 14 65 81 62 45 75 72 89 93 3 7 89 2 47 5 94 29 64 67 1 28 33 31 57 17 54 88 95 15 7 49 10 93 32 36 21 48 10 35 24 17 57 45 30 39 72 13 31 45 50 17 36 36 29 2 82 34 98 21 98 26 91 98 90 28 99 9 50 39 17 35 84 16 34 86 99 83 96 44 55 9 43 32 33 56 53 8 76 8 72 14 69 45 92 61 8 78 63 87 95 21 51 78 58 34 32 75 25 75 61 41 28 60 45 64 33 96 73 3 31 82 65 61 58 53 97 34 97 56 29 30 26 90 16 76 63 41 55 71 61 1 38 70 69 88 93 2 56 80 58 69 87 94 68 74 58 87 61 26 82 15 38 92 85 98 76 49 26 85 95 22 46 29 35 4 72 94 85 94 90 24 57 33 12 98 20 95 88 82 44 58 70 76 88
21 12 15 6 4 43 36 4 37 53 12 14 96 21 5 75 12 18 20 46 57 6 4 65 44 62 65 59 60 67 59 94 57 10 33 19 23 58 78 62 31 31 1 8 11 20 61 56 39 18 21 22 2 3 38 44 44 29 67 71 10 13 69 80 37 11 77 66 70 5 74 37 40 75 5 72 43 12 46 76 49 99 43 4 39 75 10 87 70 74 4 87 79 48 2 6 3 3 92 34 64 33 88 77 80 67 76 95 85 46 6 52 91 61 52 11 14 76 8 7 58 98 3 32 44 27 50 17 55 54 67 91 17 33 69 19 65 69 29 56 10 87 54 99 87 15 18 23 77 83 35 30 86 7 16 4 56 11 38 79 33 84 67 90 25 67 21 21 16 75 12 64 28 79 1 38 56 56 3 5 7 23 73 10 28 3 78 45 92 57 97 62 36 11 32 37 26 10 10 49 47 98 57 82 8 61 61 26 6 70 4 43 38 89 44 91 44 75 18 42 48 97 7 49 98 80 5 10 38 42 18 14 15 45 18 81 40 19 59 17 55 47 64 72 58 67 29 88 37 61 65 38 38 95 1 52 37 94 72 79 27 32 61 3 15 60 90 52 59 49 65 45 65 89 19 90 77 71 61 98 7 76 17 80 81 7 43 40 21 43 33 92 80 59 80 55 49 22 86 64 42 88 28 85 84 89 87 73 34 24 89 44 97 56 24 32 73 34 34 72 37 98 81 8 42 60 16 65 70 7 50 34 7 72 53 63 1 37 35 13 26 75 7 20 39 51 96 17 47 45 94 71 97 74 48 75 90 84 74 34 90 71 81 44 78 91 29 77 28 84 98 54 48 35 43 79 31 80 19 92 33 80 99 75 69 26 42 48 92 4 77 61 84 39 99 58 54 13 94 78 35 83 80 77 27 56 43 28 15 84 25 81 43 4 73 72 93 51 61 78 89 70 62 83 45 30 46 84 5 72 66 68 96 43 11 50 99 84 66 24 81 18 66 63 88 86 74 68 62 9 92 93 83 15 78 79 32 62 60 76 30 85 86 91 17 63 70 84 20 28 94 66 47 79 89 35 85 89 99 2 51 51 46 94 14 51 54 48 6 97 89 62 39 46 6 57 26 95 43 46
17 83 54 19 58 1 6 8 10 4 24 47 36 74 9 4 38 2 29 44 2 53 50 50 31 37 21 5 48 27 42 13 36 19 72 66 37 89 45 76 9 15 19 23 50 90 61 87 36 31 51 36 7 85 12 12 73 32 59 21 38 55 1 68 78 59 4 44 14 37 38 76 66 10 26 4 92 15 2 91 67 60 48 61 48 8 20 35 44 45 24 49 82 83 59 9 63 38 14 74 93 69 2 40 99 81 44 79 22 31 20 36 14 20 8 22 61 3 60 45 76 19 53 37 43 59 34 87 95 74 63 71 6 55 36 93 86 20 51 75 74 41 40 88 1 54 8 20 55 22 3 6 86 62 83 61 46 9 89 68 54 4 19 21 44 72 62 96 34 20 16 43 62 58 9 53 48 79 66 29 26 8 63 68 41 70 66 96 76 7 80 18 3 39 4 94 97 58 93 52 86 53 35 62 25 36 51 86 13 25 18 83 64 49 68 59 88 71 92 97 46 33 80 80 90 4 93 94 29 66 92 85 4 96 49 58 36 68 90 52 48 4 24 43 19 59 11 75 11 1 94 40 8 51 32 12 64 87 56 82 90 16 75 37 22 35 21 79 75 26 50 29 74 76 37 1 23 50 43 53 38 8 82 36 69 11 41 91 56 17 80 23 26 7 63 96 71 41 59 21 5 80 78 45 12 93 51 24 98 46 67 87 39 11 79 27 25 79 92 43 61 23 33 36 32 22 95 29 28 92 5 94 35 7 94 81 71 70 48 53 90 54 49 94 13 68 25 60 21 97 45 8 44 55 46 97 94 72 79 54 42 7 57 72 24 93 38 15 95 76 60 41 72 90 85 32 75 70 29 66 52 83 43 97 84 56 84 57 97 6 56 65 56 45 63 4 66 62 58 47 20 30 9 22 6 36 39 48 11 87 40 35 46 96 95 36 52 66 51 28 31 51 95 97 48 41 58 38 11 87 67 4 59 30 40 93 36 87 60 74 56 18 45 92 50 73 70 71 49 62 97 45 74 51 54 23 41 14 65 39 44 51 72 83 84 37 17 84 33 48 72 86 49 93 73 95 50 93 41 40 74 35 95 77 87 85 63 94 60 8 24 60 97 25 67 91 57 77 68 44
6 20 10 67 75 20 17 42 42 14 14 30 90 6 5 29 1 42 55 9 29 84 3 9 69 10 86 19 36 6 28 86 48 17 10 5 41 1 19 3 76 24 5 10 23 39 9 27 13 51 57 53 11 61 59 74 24 29 36 13 84 37 25 97 14 64 68 61 16 55 39 76 56 56 91 91 39 80 91 92 22 3 68 15 45 53 50 63 65 71 22 12 29 71 94 37 4 99 70 12 41 37 1 56 45 25 86 37 26 65 64 69 1 19 97 47 26 28 39 45 1 59 56 40 80 34 42 25 37 99 82 61 34 92 60 99 69 86 70 46 83 66 79 67 66 61 23 12 39 2 60 29 42 48 61 18 11 49 57 55 9 82 34 13 80 56 74 91 8 17 33 65 45 99 79 36 33 22 5 52 70 22 57 58 23 20 14 33 40 35 58 36 73 17 49 84 2 86 8 15 76 9 50 49 20 19 66 55 10 13 22 9 80 8 44 11 40 3 82 53 7 17 33 8 45 18 36 50 75 49 56 31 89 4 72 62 26 88 8 39 76 39 56 61 97 37 26 19 5 83 87 36 33 37 90 86 76 63 72 16 19 20 1 34 81 85 90 47 60 33 38 44 66 86 12 84 72 84 27 34 68 60 92 4 14 19 10 52 82 84 24 18 66 90 29 55 19 43 73 87 32 45 20 54 48 27 68 88 8 42 64 58 29 35 70 52 14 38 91 34 53 18 55 64 50 8 16 27 90 52 72 20 68 5 1 81 48 8 47 96 87 54 17 83 49 4 59 60 20 96 66 43 57 78 9 75 46 33 97 66 79 75 98 99 78 54 69 12 67 22 97 4 81 79 31 67 98 89 98 15 21 98 33 57 35 67 35 44 58 86 45 96 62 54 21 94 82 54 54 79 49 16 99 72 48 16 72 53 62 31 42 70 84 90 94 41 40 46 98 57 7 31 78 12 30 77 93 88 46 45 78 46 26 80 95 44 97 58 91 61 24 57 59 73 32 55 42 39 50 27 88 70 85 12 87 69 89 57 71 28 95 31 63 71 48 71 80 84 72 98 45 48 63 14 27 60 72 18 14 77 15 75 86 42 80 2 56 89 53 46 94 69 8 70 64 98 78 95 55 9
6 12 12 86 41 60 18 3 6 75 86 65 40 74 42 4 24 24 25 51 53 41 42 64 1 96 47 16 22 62 22 29 11 69 30 91 7 88 56 28 53 26 76 37 52 81 15 63 21 15 58 8 54 48 6 61 22 18 94 47 10 26 18 5 3 7 7 67 67 76 5 97 57 19 51 9 41 97 89 22 50 86 95 8 52 16 37 14 74 97 70 64 58 84 43 31 30 66 72 63 38 89 22 44 36 76 11 18 87 79 76 21 21 38 38 28 18 69 81 98 2 9 23 80 65 71 75 19 40 20 72 32 15 40 50 64 13 76 7 69 11 83 73 79 36 46 80 98 34 46 29 72 66 51 77 33 50 3 42 82 85 65 12 72 90 84 54 43 29 67 16 53 38 97 28 49 38 40 51 33 50 99 93 52 45 10 4 8 41 69 33 43 84 63 39 94 15 51 19 73 6 73 78 14 66 13 73 21 58 60 42 37 16 63 85 47 85 4 39 60 63 46 1 75 11 61 65 76 92 1 89 62 32 6 6 57 61 33 4 1 64 20 2 66 18 34 85 78 58 49 56 10 15 95 50 11 61 27 81 12 7 82 13 10 15 83 99 2 3 93 80 29 10 29 41 25 97 42 82 91 91 27 86 8 80 60 18 34 19 91 83 30 60 39 83 30 70 65 89 14 78 70 93 79 27 4 63 98 30 89 7 19 13 63 88 5 50 76 84 29 98 63 27 31 43 95 81 82 36 91 74 49 70 63 68 46 19 66 88 85 44 63 52 66 75 16 50 95 49 17 90 15 94 72 61 37 38 30 35 78 75 39 38 37 81 28 64 48 17 18 76 67 91 85 40 86 11 67 29 31 65 8 77 11 85 63 65 56 38 99 70 14 71 4 66 15 67 20 54 77 50 28 76 81 47 67 66 81 55 23 69 90 43 12 17 56 66 18 32 8 85 26 31 40 89 96 80 67 65 41 72 15 75 33 9 55 77 44 36 78 95 91 91 77 52 61 58 85 92 64 57 66 71 75 48 23 13 59 49 88 21 97 65 68 86 19 84 35 59 34 79 79 99 67 20 69 70 10 58 90 21 88 77 56 90 54 73 37 82 80 76 28 66 87 73 57 91 61 27 51
4 24 26 62 8 67 82 72 25 1 72 13 6 45 7 19 39 71 73 44 23 32 74 36 6 18 15 72 30 59 4 32 2 66 20 44 59 19 54 43 53 43 82 92 16 30 65 12 99 48 21 15 74 68 35 56 72 2 18 8 30 55 61 62 34 15 13 82 20 14 75 22 34 26 62 85 46 13 22 19 36 41 1 63 41 11 49 3 8 31 48 89 14 24 73 28 62 27 56 5 12 21 95 75 5 10 43 35 40 30 72 18 48 86 48 39 65 45 51 10 31 47 22 66 36 58 25 56 14 98 67 68 44 44 75 6 32 22 25 64 67 47 58 25 61 28 81 16 12 66 42 51 66 46 62 6 8 49 70 47 85 4 53 42 27 7 22 53 5 16 86 81 20 63 40 79 65 53 89 25 43 72 67 58 42 10 61 69 36 2 54 37 36 76 45 34 74 95 42 15 69 56 95 12 52 63 44 64 38 27 37 33 84 21 38 62 63 12 67 51 60 14 63 77 7 54 79 88 77 68 45 14 60 21 84 88 1 57 41 76 50 94 97 22 15 77 81 29 34 30 13 86 15 70 47 81 36 44 17 86 51 80 22 32 24 20 1 9 22 7 56 2 9 34 39 24 79 14 98 19 81 31 70 82 28 37 48 25 77 56 38 58 29 44 61 87 38 68 6 84 99 66 11 40 42 97 96 22 51 52 68 9 91 97 8 36 21 75 91 8 89 71 68 42 45 33 12 3 66 45 66 94 47 99 50 86 92 9 96 67 90 37 68 87 63 85 51 32 47 13 76 97 97 80 33 63 37 53 80 16 3 35 82 42 81 47 49 97 26 75 65 88 74 42 80 76 69 30 64 84 75 65 28 39 60 64 59 45 99 43 80 63 58 83 69 41 32 78 77 16 9 72 21 38 72 99 89 91 67 39 52 40 74 62 97 58 80 93 96 12 1 78 82 57 93 97 50 19 59 94 10 88 40 51 43 94 68 29 62 62 68 83 40 58 60 13 57 63 59 87 80 77 35 93 82 75 98 94 51 83 87 62 28 55 68 58 73 94 75 99 83 81 7 91 80 22 51 87 35 87 95 94 59 74 76 17 96 80 67 89 44 73 92 78 83 50 86 35 86 44
24 56 73 10 57 6 16 87 18 90 11 85 12 28 11 42 27 22 58 26 57 15 16 80 38 26 15 40 1 13 38 82 1 60 99 86 46 73 9 59 74 15 31 63 30 41 27 83 18 20 56 15 39 18 19 95 98 61 46 72 40 10 29 75 9 4 86 22 57 22 71 21 61 72 23 27 7 12 2 36 76 30 42 11 42 59 84 19 60 29 29 4 92 36 63 60 88 92 13 64 77 9 40 26 9 10 8 44 82 67 16 51 17 53 60 15 60 60 4 90 15 9 75 47 4 94 9 61 49 54 8 34 84 46 88 87 96 16 73 28 38 59 77 29 27 15 65 27 31 60 85 92 10 14 77 79 62 94 43 90 46 77 2 17 81 25 31 50 23 90 92 46 34 45 20 51 18 52 43 27 71 83 79 68 39 92 85 42 18 23 60 60 54 38 67 34 88 67 98 52 23 13 47 11 83 93 76 5 60 94 32 68 13 80 81 25 34 44 14 4 80 51 87 23 85 1 32 17 37 55 68 2 51 89 74 35 10 67 54 69 33 12 89 60 45 17 39 87 88 83 9 75 75 24 78 63 84 88 12 50 69 88 50 99 56 35 53 86 56 2 54 89 55 72 60 91 45 58 83 54 23 65 97 20 74 69 62 23 94 7 93 97 58 72 34 71 81 85 96 89 13 48 33 79 59 15 74 15 86 91 97 10 19 9 97 91 36 77 42 50 32 25 49 25 88 79 48 88 75 70 74 48 54 22 30 31 50 55 69 78 31 81 2 87 84 57 22 97 33 18 80 72 29 97 41 35 84 59 80 32 31 92 14 88 81 12 92 14 96 4 18 25 50 17 66 40 94 99 59 78 21 8 80 29 63 21 31 31 77 42 47 47 92 74 62 46 78 14 53 88 81 27 29 17 37 38 5 87 78 85 34 7 7 14 2 61 94 21 58 72 94 85 24 69 16 61 95 55 46 53 78 70 60 41 51 49 8 84 59 88 81 22 98 20 25 61 52 32 78 57 26 92 29 49 89 64 80 98 29 54 21 35 89 59 86 15 17 31 84 72 26 56 84 95 68 1 89 7 81 27 77 30 46 27 15 83 89 54 74 79 61 43 57 88 88 53 91 50 73 26
30 10 8 50 38 41 4 28 72 67 42 34 60 14 29 58 92 82 53 8 27 88 35 29 61 2 9 27 44 41 31 7 85 47 24 15 1 68 3 13 30 28 57 25 9 92 21 3 72 11 61 42 80 50 47 19 1 29 1 73 72 34 63 33 80 57 2 67 54 18 21 31 40 78 27 18 91 89 69 2 99 33 53 72 46 25 44 54 33 79 63 39 23 29 52 80 99 42 76 87 64 7 79 90 59 74 76 45 69 73 14 49 2 17 68 88 5 40 86 47 71 11 55 25 17 30 78 98 65 4 2 4 88 55 22 51 15 9 26 13 96 31 19 37 69 71 2 24 81 84 40 68 80 54 1 83 75 38 93 14 85 24 65 61 56 45 74 22 98 37 37 66 69 20 60 6 39 88 91 9 89 29 96 5 41 76 10 10 89 64 26 11 28 24 94 33 59 68 40 29 56 70 60 50 35 18 57 21 5 4 62 98 73 9 28 68 5 18 81 3 93 87 9 48 5 53 7 66 88 42 38 66 11 21 17 51 20 68 85 40 65 90 52 54 66 19 99 16 22 27 67 29 16 11 45 97 50 54 16 66 59 14 6 61 94 96 6 94 62 13 26 74 73 43 94 69 9 6 41 46 45 69 75 44 11 79 80 52 53 42 28 49 27 98 81 91 37 78 7 23 65 8 99 21 79 3 5 31 74 85 94 46 74 44 11 68 51 76 47 62 95 83 81 99 56 82 82 54 82 22 72 2 88 82 59 21 65 96 96 10 99 2 81 60 99 79 80 43 91 41 14 36 26 51 68 3 5 73 26 67 14 44 74 23 45 88 93 85 2 86 21 20 71 39 45 65 41 66 90 31 45 8 96 87 37 1 78 85 28 84 88 9 62 16 87 61 69 17 19 44 82 89 50 61 67 79 78 53 71 52 79 80 36 48 66 42 62 95 77 78 57 27 30 58 96 58 46 47 64 60 78 7 33 91 15 87 24 24 14 72 13 89 62 54 52 89 91 93 36 9 67 25 53 78 63 75 16 23 48 28 76 45 1 56 86 31 53 77 45 82 46 53 86 89 30 76 9 16 99 27 97 32 37 82 28 29 80 63 14 61 82 68 81 69 73 96 94 57 96 8
5 12 16 74 5 22 34 52 21 40 26 19 28 18 68 4 23 56 18 54 82 18 58 29 86 48 6 20 49 51 20 23 6 39 4 8 15 50 26 3 37 45 69 25 84 10 28 49 34 7 61 45 22 9 7 15 11 58 67 58 62 98 5 2 14 78 41 7 60 7 33 79 18 2 21 13 44 20 95 8 37 17 27 53 28 47 29 13 11 13 69 15 40 90 54 73 86 46 57 43 31 43 15 50 8 56 19 58 22 33 66 34 93 73 19 69 82 65 38 92 21 12 60 9 50 9 23 88 65 33 49 53 13 42 15 95 33 35 90 24 61 69 66 19 27 30 67 2 93 34 40 42 13 12 26 79 59 85 4 35 20 54 23 86 21 52 62 25 32 6 85 36 89 8 72 4 10 27 12 76 33 26 29 60 30 35 98 55 43 4 32 65 42 59 74 83 23 53 90 40 11 6 5 9 75 93 95 91 53 80 62 29 60 20 59 66 87 47 39 86 40 24 38 78 31 58 91 52 45 98 79 64 45 76 82 51 37 18 50 21 38 28 83 88 8 54 38 31 36 86 25 64 88 63 18 1 38 13 2 90 69 51 28 75 32 84 71 38 62 11 7 88 11 48 69 76 84 30 19 80 90 32 27 94 32 69 86 23 87 44 64 9 79 46 78 45 55 77 63 72 58 35 66 8 24 83 24 21 91 36 14 41 16 60 19 82 35 17 93 72 73 41 74 77 64 20 79 60 69 90 31 27 29 63 94 19 16 98 24 74 77 73 70 25 24 84 49 31 63 68 75 57 51 77 97 71 96 31 62 87 21 57 44 63 87 62 52 48 48 74 45 46 73 27 41 87 26 60 32 58 78 60 7 89 41 89 73 31 6 78 52 39 39 89 81 87 95 78 35 67 26 85 77 50 44 78 37 93 80 23 1 53 98 73 3 53 53 44 41 38 15 74 34 63 59 74 6 87 89 83 76 80 44 14 40 87 30 42 78 43 13 61 87 30 72 97 60 70 62 71 82 1 97 73 56 64 88 93 81 86 97 29 18 55 53 97 98 27 72 77 91 60 16 60 76 68 84 76 85 56 93 54 97 73 36 21 72 99 80 72 70 87 91 78 71 69 84 53 80 54
51 32 28 10 65 7 66 35 29 25 40 11 33 43 58 53 71 13 50 86 20 35 95 1 58 48 17 38 19 12 32 34 79 79 5 45 77 31 7 84 58 2 51 58 83 15 78 14 82 92 53 67 38 19 55 36 3 63 26 9 88 25 3 9 77 56 18 18 59 11 2 39 20 85 60 10 5 30 22 30 28 3 88 54 19 14 3 50 24 36 59 47 41 48 39 34 45 20 36 23 19 45 23 23 30 10 18 72 5 54 9 97 19 6 59 6 12 40 21 15 19 62 89 53 59 55 52 82 58 12 11 64 41 10 60 72 12 68 35 84 30 2 51 23 25 30 67 31 24 18 73 31 40 68 27 89 27 79 49 18 76 96 3 14 41 12 94 96 43 78 82 29 59 29 97 97 10 8 57 55 33 86 85 42 44 88 65 83 48 44 11 96 81 75 8 86 98 67 63 78 85 81 37 46 88 43 4 46 57 73 55 7 32 83 62 71 31 35 44 92 64 7 30 92 52 14 23 20 47 43 37 29 26 90 35 21 1 70 8 85 35 70 23 23 30 54 53 43 38 9 19 13 56 63 29 59 44 83 65 40 78 1 90 48 41 83 78 72 83 80 20 2 82 50 33 9 94 8 33 70 61 58 49 48 73 77 77 90 55 40 12 5 41 98 79 49 5 25 42 44 2 77 87 48 55 10 47 62 6 60 4 52 34 62 77 76 52 55 49 84 54 18 59 42 55 86 77 82 58 52 45 52 76 76 82 89 7 51 46 63 93 98 37 18 80 9 74 40 78 28 26 32 30 70 82 18 3 41 9 51 92 2 17 10 2 38 90 84 85 26 46 36 76 89 74 19 30 96 51 76 79 30 13 34 73 63 85 67 44 62 30 68 97 61 74 75 38 91 62 43 72 79 98 16 98 23 32 48 24 82 91 17 77 12 74 16 57 89 59 11 86 86 61 54 73 42 71 25 74 95 85 97 71 96 86 75 61 64 93 78 16 83 31 26 73 38 75 96 77 85 77 64 41 42 17 89 64 21 85 80 99 72 52 82 24 87 50 91 93 83 35 95 16 84 90 86 82 98 77 76 90 6 97 76 85 81 27 63 91 96 26 80 36 43 65 74 68 73 82 86
17 2 27 8 92 35 9 2 29 77 49 82 27 14 49 5 29 19 62 5 3 90 53 47 31 45 24 38 79 23 39 16 43 58 91 41 65 10 75 18 37 32 25 82 53 43 44 66 13 29 77 61 20 45 98 53 66 17 8 76 61 81 68 39 55 41 73 22 49 60 66 72 30 5 78 2 25 53 60 68 76 23 42 54 91 32 26 68 2 3 34 24 22 49 18 23 52 19 38 44 78 56 88 10 5 49 87 30 42 3 28 59 76 71 87 14 41 67 32 11 28 13 42 16 51 72 73 31 55 71 80 4 66 24 30 21 34 13 97 69 88 10 5 39 76 70 34 5 67 26 89 14 63 13 43 38 5 8 1 28 81 57 88 87 60 31 28 17 63 75 21 63 3 59 14 53 48 64 27 48 19 58 76 94 99 24 20 52 59 87 11 43 69 76 7 39 49 32 71 15 33 69 59 70 55 17 20 13 62 57 85 33 85 79 28 96 24 73 7 44 76 40 82 71 78 39 77 65 1 42 95 64 15 96 44 7 87 85 10 95 80 92 28 81 22 12 87 92 78 50 81 78 23 57 64 87 2 83 36 54 52 89 55 94 73 47 38 4 45 84 65 61 61 27 92 54 32 67 17 32 23 47 44 22 29 12 91 74 10 51 88 57 94 36 20 26 98 52 40 23 98 91 15 33 62 73 23 10 54 57 15 72 56 85 77 83 78 32 13 78 68 44 69 30 6 68 72 90 70 87 15 69 53 27 7 87 90 11 73 71 78 42 81 8 30 55 10 52 16 54 81 79 62 72 74 90 96 72 66 77 30 19 98 28 12 85 64 2 17 86 70 6 6 45 91 41 22 10 74 76 58 96 56 36 41 92 63 88 90 66 71 53 1 90 66 71 91 59 52 98 22 92 72 91 52 14 89 53 78 15 99 97 59 90 93 72 70 87 48 93 50 46 20 76 62 43 91 97 67 62 11 58 86 41 84 67 75 87 33 49 60 81 40 12 27 7 31 94 57 94 17 72 89 95 55 28 58 88 74 53 9 78 26 60 49 43 1 41 24 47 34 17 90 1 85 41 79 89 49 60 50 93 54 76 37 96 52 91 69 89 96 53 84 85 72 84 58 47 70 5
29 92 11 6 11 47 21 13 16 16 23 79 40 8 61 43 53 9 5 1 54 22 33 46 61 4 5 43 36 98 6 77 61 2 70 70 38 63 39 21 8 77 17 12 9 57 3 64 12 6 44 36 24 10 90 31 65 6 62 73 75 45 23 81 21 80 16 85 16 86 95 15 23 92 58 67 33 58 3 4 17 99 45 43 52 26 34 64 11 38 99 56 1 91 48 41 68 25 13 70 65 68 45 8 41 25 3 56 64 46 77 30 94 35 1 7 60 39 69 54 80 89 15 68 72 59 19 8 96 11 40 4 49 29 64 89 12 15 34 70 1 2 9 59 79 82 27 81 59 35 5 7 78 52 88 18 99 26 78 72 36 62 42 31 4 22 59 16 77 9 98 3 35 2 9 12 44 90 46 72 40 86 5 21 10 2 47 93 51 79 99 93 47 5 98 67 7 13 36 67 88 29 31 82 76 31 42 1 68 83 69 99 27 47 79 8 57 74 88 89 16 29 91 41 36 10 83 28 98 28 52 1 68 52 98 70 86 23 68 23 99 48 59 47 9 52 79 58 4 54 42 78 89 93 87 55 61 60 50 56 79 92 99 71 93 48 42 36 44 84 78 24 46 36 93 56 15 79 88 11 56 34 47 53 62 97 85 61 72 63 72 86 13 62 88 30 52 75 18 50 25 72 31 44 38 50 51 19 19 32 66 67 80 19 53 19 61 48 44 42 59 67 64 71 56 42 9 38 75 67 6 21 48 96 38 86 2 40 13 31 93 3 81 29 91 40 27 68 53 75 41 96 38 65 39 94 61 64 8 21 81 71 87 94 36 19 89 52 3 48 85 93 27 91 73 69 78 50 67 95 13 28 97 27 59 99 67 56 67 51 59 49 73 56 30 44 46 90 14 54 40 50 31 89 81 17 18 15 59 82 85 85 9 50 36 80 4 32 44 97 21 62 34 9 44 89 13 44 61 39 38 29 38 86 93 4 91 94 30 8 65 45 79 74 17 99 83 55 66 37 39 11 76 31 95 45 59 35 89 14 45 30 31 23 94 91 62 91 44 7 38 47 40 94 84 63 36 3 81 88 68 82 49 86 47 74 37 84 70 65 5 47 84 40 92 43 72 71 85 1
24 63 11 43 9 67 69 15 95 44 62 12 1 10 37 39 50 48 18 3 39 23 14 6 28 69 1 70 69 37 81 12 72 36 49 25 72 23 57 58 79 91 73 5 26 54 30 37 11 31 27 81 64 19 47 2 18 77 14 55 9 13 81 58 87 65 1 3 67 86 27 6 78 1 8 83 9 52 6 20 87 4 3 60 94 44 13 82 46 81 20 81 42 20 52 18 2 44 10 41 5 17 21 1 49 73 15 4 16 17 9 89 86 78 56 77 80 29 11 3 46 55 30 28 99 29 47 44 19 42 50 92 82 94 62 17 7 66 61 35 9 50 76 44 6 18 12 50 11 96 99 96 84 62 33 62 55 51 58 1 18 78 92 81 76 48 36 30 30 66 22 40 31 46 49 18 64 9 69 81 62 1 40 42 86 65 69 2 8 93 9 1 23 63 77 18 59 53 59 53 5 20 14 62 19 94 22 94 23 62 90 84 3 24 14 55 89 8 37 80 33 46 60 35 3 90 1 14 8 52 54 22 89 6 41 83 70 27 89 72 2 94 17 32 57 89 69 58 76 50 74 54 58 78 85 70 26 10 14 91 9 77 20 44 78 12 18 43 57 91 93 59 95 44 67 59 9 83 12 7 71 30 45 45 52 93 32 89 58 38 10 34 8 9 60 40 63 67 30 38 55 32 56 75 10 74 95 82 91 94 41 70 34 99 2 98 25 76 62 70 10 60 58 8 73 68 81 24 86 28 96 74 70 41 98 5 64 66 40 73 97 16 41 58 28 56 96 11 86 37 59 48 52 42 69 96 41 90 26 76 54 26 6 79 50 1 2 42 70 52 90 44 71 60 41 6 73 35 94 25 78 97 18 64 24 15 39 34 36 95 40 1 89 93 16 55 9 36 49 32 98 51 51 75 75 83 71 76 68 51 93 75 69 70 97 52 59 63 13 10 74 92 98 60 53 43 67 46 77 32 48 72 75 80 94 62 18 45 86 93 90 46 93 29 72 85 37 20 96 73 32 85 84 60 93 92 38 45 69 82 92 83 70 95 57 83 87 82 51 18 19 84 71 95 47 79 49 77 47 53 87 83 14 91 97 78 21 58 80 96 23 99 71 42 52 53 45 81 84 3
10 6 46 7 5 32 13 71 11 2 4 5 7 42 19 60 25 12 7 57 76 8 60 68 75 9 91 65 10 3 3 8 10 48 51 4 48 41 10 6 30 20 2 55 37 15 41 6 51 22 4 34 61 39 28 94 34 44 62 14 56 57 41 2 85 6 70 88 18 27 45 99 24 8 57 47 81 67 33 39 54 29 12 17 3 74 81 34 49 29 12 37 67 5 70 91 49 73 49 43 11 13 16 48 90 76 82 92 61 33 90 37 4 13 60 73 21 75 19 96 29 96 80 97 9 87 28 29 1 41 24 50 63 11 37 16 3 89 27 54 31 90 8 60 71 82 76 97 95 82 59 49 10 32 61 67 99 61 45 3 36 27 93 81 51 92 65 65 63 57 29 35 95 81 41 12 70 51 20 85 75 98 4 83 93 24 12 48 53 88 19 61 74 26 51 49 64 13 81 37 76 6 80 75 49 71 29 96 86 11 49 51 61 74 18 8 11 33 72 28 65 46 51 10 3 47 70 49 34 42 27 58 90 70 55 57 80 4 86 23 92 6 66 95 86 60 8 19 99 99 65 45 41 1 58 27 22 27 80 12 13 49 80 32 32 38 83 59 69 49 93 89 56 12 61 9 48 46 28 76 13 95 4 72 52 37 56 18 45 98 19 80 90 48 5 2 64 89 73 41 68 1 46 5 44 54 17 91 32 88 94 94 29 48 49 35 72 4 60 48 81 28 11 18 90 5 72 89 93 46 55 52 49 20 6 26 57 94 79 74 4 86 52 91 3 66 67 56 80 62 83 59 33 9 50 49 16 21 66 27 92 85 98 5 66 36 17 47 80 86 15 70 35 12 21 18 5 67 67 46 50 82 88 40 95 36 45 96 70 17 50 38 43 2 50 35 28 58 38 44 87 96 41 30 35 15 75 38 71 58 96 49 60 93 37 63 43 72 1 77 24 56 71 91 79 65 5 74 22 73 35 74 8 39 61 23 20 13 16 72 90 79 1 58 70 92 10 41 20 77 18 65 26 47 40 69 87 3 76 35 94 15 94 89 63 94 98 70 58 90 81 44 72 88 5 86 48 68 58 55 63 61 44 36 93 81 72 68 53 52 74 78 22 93 15 72 28 19 14 57
5 2 48 49 58 28 34 97 61 4 56 58 54 70 60 82 85 71 44 91 9 63 9 16 46 75 89 4 16 29 32 51 6 12 81 20 61 27 90 94 19 57 33 23 9 29 11 7 24 21 32 9 48 41 42 12 29 72 16 16 20 28 19 16 1 39 91 20 68 92 30 2 69 38 53 5 11 35 91 28 22 55 62 29 55 35 62 69 41 44 62 78 87 47 62 35 32 86 34 40 39 65 44 40 83 12 84 30 32 50 49 3 48 64 45 99 2 7 49 19 76 2 83 65 42 50 88 43 17 9 98 5 25 81 14 57 75 39 24 85 69 38 51 47 38 41 24 86 57 54 38 73 8 54 9 75 70 32 5 55 45 49 64 50 33 29 2 95 7 52 69 90 69 11 35 69 43 73 2 49 51 8 12 95 78 87 2 23 23 93 98 56 51 52 99 32 9 52 46 35 39 95 36 32 99 91 44 76 91 19 96 66 56 39 34 19 58 42 39 34 91 86 62 64 52 64 1 87 7 16 45 95 64 37 45 32 66 50 84 41 20 19 6 82 62 62 7 66 23 47 53 93 90 38 11 23 90 12 97 6 48 93 61 30 95 7 92 1 27 91 30 99 96 29 94 53 67 54 61 99 75 80 99 68 96 53 20 31 12 17 99 43 11 68 25 38 91 8 89 40 78 34 55 19 14 16 59 68 77 16 85 99 59 28 82 84 62 52 12 47 24 59 51 60 98 6 65 32 48 30 67 91 40 43 80 19 26 65 22 91 6 16 46 29 98 14 73 93 61 38 84 54 79 12 50 25 85 92 37 12 97 96 43 50 97 49 54 93 29 6 80 83 54 62 73 68 59 19 80 65 97 83 41 78 56 91 10 24 14 26 11 27 21 95 59 38 7 86 77 40 26 82 85 80 23 81 69 64 19 51 49 98 65 59 34 65 61 60 79 3 46 31 79 6 31 49 22 94 19 40 52 21 86 63 67 74 56 43 1 60 47 50 67 95 89 15 84 35 34 60 49 35 97 95 45 85 1 59 39 84 93 93 75 31 56 96 75 41 36 69 16 61 89 72 66 25 50 75 52 94 45 33 94 86 42 58 86 20 68 83 65 78 98 55 74 63 70 98 97 91
