20 500 42330 23.93
28 32 72 48 11 20 38 3 63 81 20 13 46 35 14 44 3 53 30 28 52 41 68 68 1 39 31 8 17 7 60 72 94 31 49 41 58 59 43 23 26 20 84 34 39 58 65 8 87 95 18 45 5 29 87 33 38 39 55 5 29 82 86 82 27 55 96 12 67 88 40 1 98 38 19 41 61 77 76 23 17 72 76 1 4 2 83 22 37 12 98 50 45 30 11 49 53 94 55 61 45 67 56 17 88 70 9 77 82 40 44 30 95 76 25 64 47 48 73 75 33 38 53 74 1 19 47 74 9 1 57 32 71 71 46 57 33 56 78 88 18 54 26 2 50 22 83 51 21 88 1 59 31 75 92 10 3 13 86 29 36 24 46 55 5 82 48 42 79 56 74 36 20 70 36 77 59 55 53 18 57 21 80 43 31 36 86 32 22 41 40 12 53 78 35 77 33 4 11 43 79 39 79 59 77 72 24 53 71 50 42 92 61 36 68 25 61 18 52 94 92 41 95 14 9 79 81 9 90 25 11 65 98 99 25 16 11 11 19 30 29 81 93 30 27 37 67 42 30 65 9 58 24 16 18 66 40 26 30 11 20 36 39 38 8 70 6 69 85 27 48 28 52 44 10 34 67 8 66 35 18 63 48 81 38 52 88 94 50 26 12 30 80 85 72 25 89 59 5 16 11 7 40 94 12 5 68 42 82 36 55 60 32 3 13 22 90 97 4 89 21 88 27 53 70 78 61 25 41 7 91 34 43 74 14 78 70 69 24 9 48 58 25 77 84 34 74 45 32 23 20 25 63 73 7 10 50 33 79 86 55 77 24 73 79 95 71 11 64 6 92 4 43 98 61 89 29 57 91 10 13 84 47 85 17 63 85 32 58 16 53 86 2 93 14 6 99 41 65 10 78 33 76 31 23 92 91 67 32 51 30 82 95 72 85 6 15 68 56 66 34 59 77 60 57 11 49 51 9 14 45 87 50 72 83 64 98 69 26 73 91 3 88 97 57 92 72 88 84 15 30 40 64 64 23 61 98 16 69 41 98 78 98 76 90 80 66 10 87 73 79 83 83 38 69 85 50 20 75 63 92 60 90 68 37 73 72 61 86 53 59 60 90 96 84 72 49 93 39 28
70 21 75 19 29 81 39 12 40 80 14 99 41 31 2 75 92 3 46 28 16 35 90 30 11 49 58 12 33 21 3 2 75 91 94 1 16 33 49 72 11 60 8 40 93 43 7 56 50 62 25 49 29 22 92 33 24 53 55 20 89 68 46 39 60 98 29 25 82 45 16 11 49 9 10 19 40 9 33 24 65 10 40 86 78 69 49 96 70 5 22 60 48 5 63 32 8 46 41 87 29 16 57 37 4 20 41 68 22 14 21 97 95 18 62 1 65 83 98 49 10 66 86 36 58 96 53 86 46 5 60 97 69 49 27 73 18 13 63 10 87 57 44 87 49 86 72 79 85 85 70 77 57 20 6 77 48 78 73 52 57 13 1 28 72 57 68 81 80 21 72 49 61 86 60 61 57 75 25 30 41 11 39 5 33 3 50 61 65 25 56 32 31 41 74 43 39 15 59 66 82 45 80 60 55 34 92 42 41 18 62 91 88 53 23 17 80 28 13 92 27 24 89 5 71 10 80 77 64 96 79 2 8 4 62 81 53 74 5 23 72 38 72 96 84 75 44 70 98 16 90 46 67 8 49 15 38 43 20 31 22 31 1 97 81 32 29 48 63 60 13 33 64 5 85 32 4 39 8 39 46 32 75 20 26 34 86 48 87 31 26 7 73 93 42 18 14 70 80 53 83 95 9 67 22 91 44 67 74 81 8 26 30 8 58 45 53 38 70 96 48 78 71 50 38 31 55 34 52 30 55 99 54 36 88 8 75 25 20 86 28 91 21 62 58 65 82 63 83 59 13 43 7 57 62 29 22 73 27 51 99 66 29 66 71 89 88 73 29 86 36 52 72 98 22 30 55 26 23 65 75 45 22 56 46 2 38 89 88 18 50 18 86 80 14 85 81 87 6 24 15 87 18 88 55 65 86 97 73 89 79 92 76 71 31 40 62 97 88 64 20 47 30 43 81 50 92 95 86 34 49 53 10 31 81 29 86 39 90 45 73 78 75 76 92 58 48 58 55 47 27 96 51 53 47 86 69 86 95 74 71 9 48 39 61 34 94 28 24 30 50 74 69 67 85 53 34 68 66 82 55 73 68 45 41 76 89 92 97 60 93 88 86 3 79 76 66 92 77 28
21 14 8 80 14 94 6 61 23 50 30 16 78 45 20 36 68 31 19 44 77 73 68 3 55 68 14 20 57 26 1 26 10 18 22 50 9 36 38 33 86 71 55 43 60 8 80 33 52 17 47 40 74 90 5 65 72 71 28 57 46 77 77 24 32 34 2 84 49 6 69 98 87 57 36 59 4 6 72 64 94 28 13 5 97 36 38 56 42 46 21 43 5 13 64 67 39 70 72 28 31 58 84 78 35 77 19 74 34 44 21 12 20 93 45 95 46 8 2 76 99 30 68 64 73 59 75 97 59 63 44 39 34 16 44 41 52 50 21 69 65 40 59 55 54 43 20 83 28 68 35 87 61 71 54 65 86 9 66 96 74 12 33 39 24 28 7 77 31 33 17 50 44 30 40 79 16 94 20 2 43 28 58 21 38 83 25 58 38 49 5 87 5 69 19 97 75 20 51 69 72 14 27 51 35 31 61 3 74 98 49 29 61 8 2 31 89 46 58 43 9 92 14 53 27 60 32 11 21 1 9 65 95 57 7 84 33 6 40 48 61 91 69 35 71 64 63 97 68 65 60 70 87 11 37 68 52 42 9 99 22 54 74 91 49 92 62 49 60 28 48 81 86 98 16 73 41 29 44 22 16 65 26 66 10 24 31 8 74 5 56 94 15 38 43 73 22 75 9 67 22 47 63 62 22 30 68 16 76 78 95 96 24 13 78 95 59 19 53 60 84 81 93 14 42 68 82 88 3 89 55 50 15 50 41 88 61 21 9 97 93 97 78 1 88 39 33 12 85 42 34 56 86 54 65 71 52 81 35 35 98 25 88 1 57 84 24 3 15 48 89 92 61 47 33 83 14 44 63 30 17 63 84 47 64 16 91 51 23 84 73 64 72 42 74 31 29 83 67 24 67 25 49 3 54 39 5 56 29 26 35 37 42 80 81 45 70 99 29 72 36 45 91 63 80 76 67 27 73 84 4 96 63 51 61 95 79 61 73 55 65 33 36 51 71 80 60 59 95 17 83 49 91 94 58 96 7 19 97 49 27 54 44 54 60 72 27 93 46 21 19 63 72 93 8 51 18 79 96 96 98 87 45 78 89 57 90 96 58 72 71 77 97 91 45 99 62 45 99 44
11 18 6 33 5 43 87 43 1 7 51 47 33 18 9 59 2 60 18 51 92 15 21 68 7 26 82 92 96 93 82 37 7 1 38 45 23 11 35 17 71 12 42 5 58 64 45 77 48 56 49 4 48 68 3 19 26 78 12 52 16 6 3 39 24 24 38 8 18 20 30 5 52 83 23 39 98 14 9 76 36 27 29 4 14 53 62 1 27 66 45 45 11 72 53 56 37 45 12 48 3 82 58 25 25 7 29 11 60 88 71 57 17 9 80 12 78 15 74 71 73 5 45 5 47 40 68 4 97 58 91 56 63 2 35 68 39 29 44 72 83 35 49 74 66 91 63 16 89 10 2 18 47 50 78 4 66 52 31 78 23 96 89 13 79 62 20 84 25 91 62 52 85 86 66 8 71 63 60 81 18 38 17 52 98 85 70 28 56 1 73 41 89 23 91 61 43 44 98 82 15 52 76 26 35 53 30 87 93 62 3 44 32 74 16 64 67 43 52 22 38 67 97 78 93 88 30 17 75 86 98 1 19 1 7 46 84 48 54 21 54 56 67 32 8 77 60 80 93 70 96 31 96 49 20 21 11 56 95 47 76 8 63 23 23 8 20 80 72 77 57 81 90 80 52 88 56 12 37 44 42 56 74 26 79 81 54 89 51 86 75 79 2 62 41 54 80 87 6 69 57 31 33 54 85 98 77 25 59 34 73 91 35 92 70 94 53 64 54 4 68 94 17 61 82 75 22 37 51 61 48 8 16 57 57 43 69 46 8 67 92 14 95 69 31 63 63 33 67 10 99 12 94 65 22 52 15 66 50 41 89 69 37 45 32 45 68 26 96 47 75 74 68 40 76 67 85 24 49 61 60 65 73 91 96 24 2 93 48 40 66 51 74 63 65 31 24 69 83 50 58 37 8 79 61 91 99 64 42 54 14 75 10 40 37 34 62 1 95 98 42 28 65 95 39 27 63 66 27 30 86 9 40 74 70 83 7 66 55 76 39 78 32 37 7 55 53 84 46 34 32 28 50 32 67 75 58 76 24 69 81 81 93 80 84 72 94 44 77 94 67 45 81 51 37 52 60 81 94 88 69 99 72 41 99 92 17 13 54 55 55 67 94 44 33 41 42 47 38 51
90 32 51 50 28 4 45 97 1 28 12 15 28 1 58 3 6 10 46 19 5 8 7 60 32 26 16 3 5 81 81 22 1 77 88 17 97 87 1 93 1 5 22 23 17 22 73 69 9 63 19 73 70 98 56 77 26 2 53 32 50 15 61 59 38 53 81 57 7 19 1 36 25 97 16 81 77 47 14 99 77 4 2 15 6 8 44 61 61 15 17 47 17 42 90 93 44 15 36 77 98 79 89 3 93 17 87 55 26 11 6 29 15 9 43 95 94 76 60 43 23 61 29 17 48 47 78 13 7 96 86 9 33 95 13 64 34 66 61 69 59 60 12 20 83 88 11 12 15 17 50 37 25 86 18 8 28 17 81 49 76 83 36 4 36 21 22 26 3 52 4 9 34 60 39 70 37 2 1 88 86 30 58 38 49 89 75 68 71 52 6 87 6 61 6 55 42 75 12 4 79 51 20 8 61 24 7 55 77 84 58 56 35 47 14 83 7 71 18 21 58 42 32 71 51 52 24 8 62 25 56 33 44 68 70 73 77 8 99 14 68 86 30 43 76 1 79 12 31 81 13 80 3 33 41 19 55 36 73 69 4 85 86 31 15 42 99 94 63 22 9 50 25 83 11 4 86 36 21 36 72 26 37 69 91 31 34 51 62 68 88 24 87 57 58 86 8 31 88 45 63 63 45 92 67 50 7 10 30 72 87 25 88 83 23 21 69 13 70 97 59 86 67 98 74 50 44 88 80 93 50 90 79 16 60 74 24 19 48 6 61 81 75 55 15 67 38 44 89 28 57 20 22 62 27 5 93 68 45 38 62 17 30 59 78 68 73 15 10 26 63 84 99 89 22 69 98 87 56 96 82 7 5 21 76 97 76 51 8 30 58 78 62 27 57 98 46 76 6 86 40 6 84 92 69 2 90 35 44 70 28 23 47 35 44 88 80 70 73 79 61 56 16 87 82 51 99 14 56 84 64 72 79 34 68 83 41 17 66 52 71 99 68 57 79 90 36 40 73 62 79 89 78 53 51 42 84 78 98 77 11 74 28 25 63 60 61 72 13 83 45 91 69 71 35 41 61 56 40 93 18 10 75 97 55 5 55 66 97 84 47 98 27 80 58 43 77 83 75 19
7 73 17 8 4 21 11 19 69 15 76 43 75 74 44 6 2 96 61 88 35 27 8 22 1 78 16 1 36 6 61 5 68 3 76 68 19 99 70 73 12 36 45 25 52 34 67 8 93 75 64 10 58 12 70 83 16 50 86 30 48 39 60 36 5 60 54 26 3 69 52 78 71 48 32 26 22 27 2 21 30 75 42 96 39 2 43 24 6 36 13 21 83 86 25 46 63 81 35 76 61 42 23 14 35 97 56 76 5 59 64 29 74 23 31 75 11 61 7 74 62 60 30 86 90 51 87 12 8 24 47 51 36 74 99 93 92 6 72 19 34 42 61 10 18 28 90 68 31 73 90 75 94 77 7 85 1 66 2 80 24 62 33 32 8 10 62 54 12 72 13 28 97 63 31 46 17 73 98 28 32 12 92 56 68 49 57 17 87 33 41 76 37 11 5 42 20 74 54 83 23 58 97 8 19 28 21 53 63 19 80 1 30 78 87 21 27 58 47 3 77 39 34 97 15 1 12 60 76 16 65 56 45 20 46 78 67 37 9 82 24 42 45 99 92 42 2 84 42 81 89 21 30 62 6 88 82 30 51 40 8 74 49 46 53 58 89 25 54 40 33 58 81 27 75 32 49 81 63 56 65 2 52 48 65 43 6 2 20 47 73 20 85 22 83 43 87 24 75 59 93 27 74 69 94 51 6 79 75 81 40 74 84 51 69 6 59 4 84 66 88 81 3 4 16 44 49 85 43 48 52 10 8 73 74 81 41 47 20 1 57 92 1 51 49 40 89 44 86 86 55 98 93 31 54 57 70 54 63 89 70 36 92 30 86 54 41 99 37 2 57 80 76 27 34 43 53 96 29 85 58 94 96 79 80 63 77 30 43 44 86 24 3 64 68 54 42 46 45 33 62 98 66 95 27 96 75 51 43 40 98 54 80 63 44 80 95 26 65 32 81 86 41 72 72 82 69 83 74 68 66 5 45 97 8 78 30 91 18 37 5 72 74 25 46 71 96 97 17 87 72 19 22 62 78 95 87 61 54 93 42 16 73 93 30 11 47 78 63 92 82 88 92 25 91 66 22 73 13 15 79 6 85 90 46 33 20 96 26 96 92 20 39 84 61 25 83 84 71 88
7 4 85 17 67 67 31 49 16 41 10 41 60 59 56 30 32 55 93 77 11 64 32 9 58 44 53 86 71 33 87 6 25 26 7 11 63 26 27 21 83 10 15 49 22 81 46 84 93 9 1 60 12 4 47 36 37 81 60 45 15 36 36 73 4 90 18 6 80 75 37 23 8 41 14 59 49 47 39 12 52 35 85 67 73 5 13 9 95 93 34 1 83 30 31 29 92 21 66 4 93 5 7 80 17 33 14 46 45 41 9 46 5 27 52 8 65 23 9 59 70 54 78 25 52 40 16 44 84 30 43 61 76 94 57 3 12 47 63 18 5 86 91 55 37 32 56 36 3 28 4 50 11 22 93 71 4 32 14 89 97 12 13 37 48 49 23 83 57 25 28 42 25 18 41 24 68 24 51 35 84 46 34 48 23 55 44 41 4 36 61 41 40 44 23 30 19 49 13 55 22 71 89 80 44 77 54 88 73 87 48 26 41 36 56 64 81 94 78 99 8 54 24 85 20 80 41 44 8 64 8 73 99 89 41 43 55 44 92 12 54 35 29 14 4 40 41 29 21 9 1 81 75 82 76 25 19 24 77 40 94 31 22 62 69 37 27 37 31 68 62 72 7 58 28 9 24 93 63 37 56 39 86 43 31 44 41 84 39 82 61 62 44 83 26 87 85 39 51 52 54 79 42 22 80 8 50 63 99 75 18 1 69 68 63 54 56 99 64 86 62 6 21 83 41 5 93 77 99 32 82 82 58 84 25 41 9 64 45 44 85 59 20 65 47 6 36 28 96 60 17 14 79 47 7 31 48 80 84 64 26 21 73 10 93 42 2 37 42 68 74 61 68 63 82 39 73 15 63 93 95 36 45 1 42 85 14 91 52 73 88 83 90 57 54 46 84 23 82 54 95 69 70 46 25 74 16 64 67 72 58 79 92 73 69 36 21 83 96 30 47 66 15 97 38 67 93 87 90 50 49 88 93 25 36 71 77 16 23 81 73 35 98 58 80 99 45 63 49 45 94 75 22 93 85 51 58 34 37 94 89 98 76 84 40 90 3 16 99 78 96 15 59 39 51 32 35 61 59 27 77 96 35 40 33 61 93 27 92 67 50 72 71 53 51 45 89 91 60 77
94 78 15 1 69 25 45 80 23 38 18 32 17 82 38 46 48 11 1 93 41 85 14 63 54 49 39 40 23 42 25 87 81 3 37 23 55 16 33 70 80 27 40 14 49 22 39 4 19 67 31 92 83 1 26 32 81 77 54 62 19 69 67 21 56 20 87 40 51 32 21 96 30 26 19 59 29 12 22 85 15 88 72 96 88 21 76 26 50 67 52 96 39 80 83 63 16 48 6 1 29 49 62 21 62 29 20 4 57 39 59 30 34 84 37 28 65 2 25 87 21 71 75 44 15 15 70 66 28 36 29 96 68 13 13 5 34 57 8 60 14 82 15 5 41 89 35 19 23 33 27 27 13 5 72 87 91 4 98 58 23 45 6 39 50 67 52 7 53 70 91 67 30 56 86 68 67 33 48 44 47 50 77 30 82 82 66 55 76 46 89 83 29 83 62 23 8 1 9 9 34 43 44 76 73 41 4 47 13 7 26 3 57 19 50 71 31 99 55 24 30 48 89 1 2 30 81 48 52 81 73 10 34 7 16 7 33 14 76 94 49 51 62 89 86 36 67 12 70 21 86 90 60 22 81 78 51 99 32 5 40 60 28 70 13 50 25 24 76 58 69 57 55 13 51 94 33 83 28 80 64 72 33 38 91 57 39 70 74 3 21 87 82 39 95 10 17 54 76 96 40 73 59 25 24 73 23 42 13 3 80 65 73 65 16 92 30 50 94 87 80 56 30 40 46 13 19 76 78 50 73 80 43 50 49 71 53 28 64 42 14 41 64 1 54 78 9 21 19 56 95 70 54 89 88 49 35 92 90 90 36 82 73 54 34 98 18 61 11 97 78 99 65 24 64 29 89 54 84 78 11 87 68 23 79 60 65 75 91 72 41 14 43 67 96 56 18 75 9 66 94 2 87 78 80 63 50 26 85 9 48 83 47 64 61 53 20 50 58 56 37 57 3 64 35 85 18 12 47 98 38 84 91 76 77 97 86 98 59 68 93 14 72 17 96 39 29 5 77 68 49 89 84 87 53 1 58 64 25 46 21 27 56 68 40 27 52 55 70 80 5 96 60 27 79 83 96 77 78 34 53 94 97 63 38 76 80 46 48 70 47 77 38 98 85 80 7 49 91 93
67 41 6 5 12 9 45 93 17 81 11 31 21 59 79 13 21 3 16 8 28 35 15 40 29 19 13 6 28 43 21 10 48 81 50 37 40 13 24 28 47 46 23 25 11 16 80 34 16 45 73 69 29 18 83 82 20 23 8 25 8 8 24 45 85 84 13 33 10 32 37 83 29 5 50 87 4 82 25 63 3 20 71 55 14 39 7 1 17 66 36 93 43 47 24 6 33 31 38 18 64 87 80 80 26 63 61 42 3 21 63 56 73 76 14 72 37 33 72 28 46 36 26 39 30 20 35 37 37 60 41 28 63 30 60 50 65 48 39 50 65 5 60 32 83 6 8 39 77 62 12 37 12 49 14 12 20 89 79 1 13 41 62 11 62 18 77 37 89 71 63 19 21 71 95 6 53 48 99 88 66 79 1 79 8 23 59 10 64 62 40 8 61 13 60 5 69 51 51 67 7 17 77 2 88 82 23 48 3 61 49 63 54 43 27 84 26 39 1 50 75 87 38 32 51 27 67 66 44 70 49 14 13 95 99 7 52 63 86 96 85 5 29 23 43 75 59 67 42 51 34 74 29 50 30 80 80 13 96 73 59 57 79 61 69 21 6 62 53 54 45 76 5 64 68 83 43 30 84 29 44 66 8 46 56 94 52 16 1 11 49 3 62 2 88 80 53 7 67 38 27 92 58 42 49 6 74 67 52 7 5 53 74 89 85 97 87 56 3 49 45 52 93 39 35 21 54 36 15 67 79 42 92 75 52 5 44 90 76 57 6 42 54 71 24 99 60 68 49 28 84 57 95 80 74 77 57 63 7 35 22 30 29 72 93 14 37 85 98 23 13 22 68 7 55 73 98 88 25 89 73 34 21 72 48 6 75 8 7 28 89 59 98 41 12 12 12 39 13 31 23 76 19 40 51 79 71 62 15 50 94 36 79 83 57 45 95 22 50 58 70 90 81 37 64 8 79 94 34 14 30 13 6 28 96 21 98 7 39 16 25 10 50 53 46 44 67 14 76 89 80 32 4 82 29 55 48 29 31 45 10 61 85 63 95 74 49 62 75 64 95 80 87 67 6 63 57 34 78 84 86 88 94 26 99 65 80 93 20 78 98 25 75 51 92 97 26 65 86 8
27 6 7 8 4 25 57 40 56 24 52 56 41 14 23 66 42 41 29 41 61 51 26 64 81 7 27 78 79 23 25 34 30 1 42 66 98 59 12 51 4 60 69 37 89 34 28 9 48 8 35 9 86 30 34 54 19 19 35 4 41 41 1 37 73 75 52 61 14 9 51 47 40 30 14 15 50 75 33 29 84 67 89 54 12 86 35 78 9 56 29 39 50 22 33 53 12 44 67 4 26 21 22 85 34 31 27 22 75 2 38 55 42 86 58 16 27 37 12 9 15 79 38 27 38 51 24 10 74 95 59 3 35 3 94 56 27 90 11 70 71 11 45 94 8 57 69 74 7 36 13 10 29 69 24 93 85 49 7 44 61 83 13 84 15 8 26 3 19 29 50 97 87 34 67 8 67 90 82 94 12 64 7 73 55 77 54 35 15 96 12 62 47 56 47 64 92 52 90 7 31 96 15 7 36 17 70 21 80 98 61 6 31 89 87 98 1 13 40 18 32 63 76 73 63 76 60 66 99 23 20 69 44 14 79 15 58 51 41 74 56 48 53 78 43 68 73 58 37 40 24 52 34 4 32 15 34 18 54 12 49 46 67 86 88 63 9 43 39 1 79 49 45 38 91 47 64 61 76 90 32 87 58 82 65 81 44 68 26 79 50 76 13 38 16 46 82 74 78 13 85 52 86 67 79 96 1 8 49 60 88 47 64 10 47 90 3 82 34 1 88 48 14 36 71 49 54 23 79 89 71 24 88 18 35 9 83 68 70 68 13 26 96 85 37 13 59 71 58 37 28 62 11 19 72 84 33 55 96 62 52 37 41 58 8 26 51 88 73 96 39 5 45 68 91 66 56 56 40 54 71 96 55 55 39 68 59 64 52 70 12 56 93 17 76 53 64 4 95 54 98 87 62 51 14 78 46 43 99 34 84 25 71 93 90 76 63 94 63 75 61 53 60 18 21 93 75 33 99 47 81 25 84 75 78 91 98 64 63 85 46 99 19 77 25 81 47 57 26 48 30 93 66 24 51 30 29 93 87 4 24 76 23 32 74 34 19 34 52 30 89 64 28 67 90 9 62 12 63 92 76 35 24 91 87 58 88 99 73 37 56 15 57 71 26 87 64 76 79 41
29 8 9 18 48 60 34 11 5 53 22 12 87 70 35 28 99 14 61 1 50 15 74 85 36 12 34 19 68 18 26 11 13 90 4 78 6 50 14 7 60 67 21 87 2 99 40 41 33 54 92 29 93 64 64 8 4 30 52 23 62 30 68 93 34 1 63 73 54 23 41 80 74 2 78 38 87 34 40 12 46 42 99 86 11 80 84 13 59 5 39 26 39 54 1 56 86 17 79 37 52 24 6 23 19 95 88 16 29 15 50 67 69 7 15 88 65 38 41 10 51 47 71 58 38 56 38 30 19 9 26 45 51 64 52 31 81 54 48 29 28 89 1 22 4 85 90 91 88 14 29 94 20 22 83 65 65 54 52 54 61 42 94 52 69 32 88 1 2 86 12 34 53 81 31 93 56 1 48 28 58 56 13 34 37 31 33 73 25 15 71 6 17 31 13 62 88 59 13 91 29 63 13 91 82 67 22 33 65 17 41 44 75 58 74 5 44 45 29 71 36 20 29 85 74 75 20 62 54 21 20 43 48 29 11 58 90 86 45 94 41 26 80 10 67 67 5 74 23 49 93 83 78 53 9 24 51 80 31 41 75 71 21 13 72 98 99 41 3 81 80 41 49 69 26 57 53 27 48 72 73 81 60 96 5 69 52 44 51 75 77 50 25 56 79 31 37 38 97 44 21 37 22 63 1 62 82 45 88 21 49 55 63 85 57 31 95 97 45 2 96 25 11 41 62 57 39 97 30 55 50 99 67 86 66 35 17 98 88 72 32 54 77 34 93 64 82 74 33 57 48 72 56 25 77 47 73 1 20 51 22 52 97 91 47 84 43 18 74 37 75 89 49 86 41 59 18 41 16 30 10 73 82 91 7 92 32 25 97 24 71 76 48 32 88 63 95 26 18 57 72 87 56 70 92 74 34 98 35 6 87 18 38 8 90 23 81 76 20 80 60 82 71 62 10 84 16 45 84 2 95 70 5 17 41 63 32 1 49 90 55 57 53 98 71 46 63 98 44 88 96 79 31 61 99 90 94 86 20 45 97 39 83 78 7 95 99 78 92 89 86 14 17 84 74 98 97 67 86 11 33 90 10 60 26 43 64 51 34 75 52 64 11 69 72 9 84 54 22 1
77 2 32 7 47 17 8 41 47 15 59 18 47 79 71 53 49 85 44 63 16 62 18 24 28 22 6 86 34 59 44 83 28 35 2 13 90 17 34 42 15 21 76 48 71 19 5 16 17 23 39 11 8 43 31 55 47 13 42 92 13 99 56 35 28 45 10 2 40 50 99 15 5 38 78 83 36 31 45 29 27 55 11 96 56 89 50 85 12 19 76 88 96 69 54 18 90 2 31 2 17 45 44 53 96 11 58 25 7 91 42 17 1 14 37 13 5 13 85 4 8 73 18 50 38 42 32 80 25 34 15 51 4 11 39 32 45 15 7 30 64 17 96 47 21 13 40 31 60 66 57 74 67 60 55 67 8 31 89 12 55 29 81 29 58 63 87 44 87 31 18 6 11 66 40 47 76 36 22 80 94 74 78 66 2 41 35 6 20 49 43 23 49 16 86 14 41 83 43 52 35 3 5 98 78 62 84 47 56 19 92 2 37 20 41 27 9 62 86 9 3 2 6 62 84 15 76 75 5 38 33 74 65 39 85 93 24 96 40 5 52 41 20 80 16 56 58 83 52 64 32 11 9 79 73 75 37 59 37 27 96 39 37 90 75 87 68 17 16 29 84 9 35 37 94 96 29 27 20 74 11 6 1 93 48 91 25 39 44 45 33 69 81 90 54 19 19 18 31 69 72 72 36 5 2 31 28 78 20 68 10 88 34 72 72 92 1 22 29 62 83 14 45 59 66 96 18 65 83 80 28 11 91 66 76 45 45 20 28 25 10 84 4 88 18 83 68 65 13 82 33 44 5 1 31 35 96 19 87 13 98 21 30 86 98 52 85 14 71 29 48 27 90 1 5 99 71 1 23 93 6 79 91 69 80 59 29 57 56 14 34 67 71 84 55 52 88 55 51 66 22 38 64 14 48 30 37 90 85 55 77 36 32 35 91 15 23 55 41 1 54 18 49 1 56 82 91 80 34 81 46 97 92 74 24 2 35 91 64 96 25 81 11 89 90 20 45 86 41 53 76 84 53 79 39 73 78 97 33 88 74 35 72 98 85 43 60 90 14 90 34 73 51 63 74 20 91 83 1 83 96 96 84 78 86 68 43 13 68 70 1 56 53 77 58 97 94 97 99 63
3 72 5 5 98 7 3 23 81 19 17 26 33 14 6 89 11 59 27 73 22 36 99 70 72 13 51 21 10 52 75 42 50 86 44 86 5 26 85 27 72 27 63 93 23 16 22 13 73 87 35 39 52 56 15 11 56 6 39 39 1 18 87 13 13 46 14 17 96 66 64 82 21 85 56 29 35 46 50 46 46 3 3 7 15 35 6 82 94 73 52 5 26 20 9 77 43 3 83 35 81 11 1 67 51 69 29 21 8 25 27 79 32 90 62 29 4 79 66 13 54 83 26 51 25 86 38 37 45 10 6 6 44 47 36 7 35 46 93 15 84 15 61 71 52 12 66 23 70 77 84 41 48 59 6 11 59 45 7 38 45 55 77 86 91 44 58 27 28 40 38 21 28 3 9 94 19 57 3 26 60 71 62 75 90 50 45 92 76 75 73 83 98 81 89 99 40 13 99 16 73 39 66 16 63 67 87 57 20 35 54 57 13 8 62 87 21 15 17 71 21 26 26 20 72 24 67 10 70 62 95 58 8 84 54 35 40 44 65 63 42 20 34 19 96 19 55 3 36 47 60 1 84 26 81 18 50 36 91 26 63 45 74 41 84 32 14 68 49 37 94 64 54 48 32 16 62 97 92 34 86 68 93 43 40 82 23 10 73 3 51 36 28 17 50 61 4 43 57 30 59 18 30 65 18 69 99 73 88 30 91 94 1 8 30 60 9 41 42 3 4 56 87 44 20 91 60 28 79 64 37 8 23 58 60 61 43 3 77 94 31 73 77 57 45 89 93 61 68 98 87 82 56 51 85 70 61 91 40 92 38 97 88 43 16 14 51 55 52 47 59 50 34 46 36 61 22 67 47 10 82 79 97 13 36 66 49 45 71 95 92 16 85 2 72 89 50 44 78 43 70 77 17 90 84 77 69 29 97 43 74 77 29 12 72 93 46 41 91 12 67 39 64 61 22 22 14 55 42 99 95 21 55 54 37 24 70 67 79 63 53 92 37 37 89 22 28 33 98 76 48 70 50 81 87 38 90 85 74 31 67 54 60 43 98 96 81 87 7 52 52 80 58 90 55 88 99 55 79 87 26 99 61 78 67 44 85 96 60 54 91 89 97 58 68 66 92 87 97 73
15 52 47 14 59 22 4 4 79 26 70 13 19 14 23 43 75 60 42 34 57 46 98 51 20 9 76 31 52 28 6 94 14 63 34 33 20 49 40 46 69 48 69 1 54 27 9 58 1 4 21 19 65 54 23 96 50 24 4 65 92 30 39 43 63 31 4 72 33 45 26 32 32 70 54 58 75 98 98 49 43 52 29 81 79 19 37 48 86 45 65 37 79 54 56 22 96 30 50 79 80 7 51 82 67 66 51 47 13 13 7 48 14 68 56 37 48 22 84 64 86 12 55 86 63 17 82 2 66 78 79 91 32 33 84 6 43 22 46 65 10 29 10 11 45 33 25 17 96 11 85 22 99 96 69 94 70 65 45 21 3 17 24 87 13 1 34 60 31 36 26 76 59 7 1 48 81 78 14 27 8 88 21 17 59 93 19 6 2 77 58 23 68 76 79 63 11 62 10 47 73 39 55 78 35 29 88 33 80 46 70 97 91 79 68 69 78 46 70 19 72 98 37 83 34 17 96 10 42 57 39 24 28 32 57 35 79 28 73 2 39 81 82 44 47 21 34 72 65 71 17 42 31 48 18 10 87 99 28 95 77 84 92 12 70 75 65 87 44 47 22 93 77 45 17 92 77 80 66 93 25 33 65 69 60 56 84 26 19 89 3 76 74 13 14 21 69 30 71 11 46 61 70 50 65 83 61 54 18 93 19 95 56 75 46 71 29 27 36 29 59 81 55 47 91 5 75 34 31 36 21 45 23 31 90 93 87 66 94 84 38 18 63 19 91 2 8 78 95 34 7 47 52 66 30 25 13 10 75 36 54 21 43 16 65 25 75 97 31 17 91 18 50 69 15 26 13 72 98 60 91 62 22 9 39 91 52 14 14 10 8 99 56 84 80 96 75 70 53 51 2 81 94 30 79 7 67 20 51 93 59 89 26 19 51 81 76 60 91 79 64 35 90 6 72 82 50 63 7 8 32 24 42 36 33 24 7 57 52 25 56 53 85 69 41 24 76 10 50 76 20 82 89 60 26 55 13 29 58 22 91 67 91 1 23 50 79 85 97 93 51 43 83 99 89 95 70 46 98 47 18 76 58 84 26 78 7 13 94 29 71 90 3 71 76 75 99 66 54 34
38 17 80 65 5 64 55 24 61 53 37 40 49 38 82 28 40 18 76 5 56 46 5 22 67 46 54 36 11 22 48 15 31 24 1 21 13 80 27 56 29 23 45 83 63 50 18 96 88 24 50 67 86 24 26 12 50 29 69 53 70 6 60 52 14 18 6 59 71 10 40 9 98 23 73 94 25 90 85 8 61 24 88 15 48 44 39 63 62 21 66 32 83 64 42 61 24 80 53 77 23 98 30 19 28 35 9 15 98 80 1 27 33 53 82 65 7 35 38 68 58 11 14 62 73 57 39 68 21 5 65 41 92 22 79 77 39 79 22 21 41 34 55 46 69 2 21 78 9 60 66 15 91 25 92 58 37 24 23 44 56 76 2 7 28 10 25 81 57 17 89 92 20 60 95 87 3 28 33 61 24 79 55 53 31 7 55 26 77 49 24 79 20 37 7 68 72 61 47 10 45 81 22 65 9 24 62 22 31 30 96 80 24 72 59 43 38 25 25 77 81 29 83 50 33 37 93 60 61 28 98 69 55 80 23 77 56 80 24 71 48 52 33 29 5 49 51 25 90 77 72 53 3 81 95 84 69 89 10 64 41 41 81 7 91 54 72 44 92 40 32 50 57 65 87 95 64 16 18 74 56 87 94 77 29 12 93 90 93 53 57 60 15 24 68 70 43 78 37 94 91 41 43 12 36 36 80 72 25 14 64 33 94 35 23 15 45 62 46 11 19 94 94 55 47 86 24 57 51 91 38 51 37 6 25 5 98 67 22 1 89 6 71 84 62 39 2 40 44 59 54 52 60 72 39 68 94 41 10 13 83 82 13 45 36 46 95 89 90 40 3 18 68 93 86 35 64 58 29 84 70 3 38 85 68 61 89 78 36 37 83 35 44 60 51 36 47 53 85 80 49 98 96 4 8 30 39 46 49 74 61 28 53 78 35 98 34 14 29 72 71 72 93 92 48 71 95 61 97 95 89 92 58 60 8 63 62 94 15 80 92 57 68 72 18 23 92 99 87 85 77 18 64 67 62 10 5 95 43 92 38 64 26 15 91 98 73 73 75 13 30 74 84 84 8 31 36 82 5 98 71 89 89 54 96 71 42 48 72 8 65 16 72 76 98 46 88 20 79 5
14 31 20 73 9 9 52 44 25 12 85 96 23 2 21 12 69 77 48 15 53 29 86 9 22 24 64 90 20 99 13 32 33 25 41 11 53 19 34 18 64 55 45 49 40 10 65 29 1 48 94 16 6 24 1 65 75 88 42 75 20 94 1 6 20 9 81 86 27 61 45 18 69 30 68 27 74 35 73 43 40 58 37 28 35 53 69 52 46 77 65 52 2 9 23 26 63 96 51 15 23 24 74 38 2 95 53 67 86 50 95 66 44 2 95 38 74 91 49 18 12 3 39 5 3 62 15 4 9 20 69 79 11 94 77 81 88 45 28 97 16 17 39 10 75 36 22 1 76 39 41 31 77 49 17 7 84 91 11 59 58 33 97 46 42 48 56 34 52 33 53 10 89 28 40 12 24 70 63 26 3 43 67 88 86 16 38 81 81 81 85 22 61 76 78 16 28 32 15 52 53 17 20 87 37 85 89 86 4 34 2 67 44 46 7 60 71 60 84 79 99 58 69 28 24 97 1 94 38 46 46 98 72 26 94 33 14 29 51 69 34 31 24 69 57 97 52 82 58 21 61 37 18 90 84 8 18 31 87 11 51 75 2 67 26 35 59 26 41 9 28 31 1 86 85 37 50 94 64 56 14 41 32 15 52 25 58 97 48 87 29 50 58 68 25 42 10 66 78 81 41 92 80 57 45 22 88 58 58 69 84 19 4 60 92 4 97 7 91 94 59 1 79 75 31 93 37 84 19 5 46 36 63 40 75 59 89 32 48 98 97 31 60 8 54 74 55 57 42 14 59 62 93 24 55 95 86 70 84 96 39 36 46 11 8 24 71 91 48 86 27 27 47 53 81 61 15 22 82 23 37 30 20 15 80 89 42 98 96 87 22 31 31 72 64 90 84 93 27 66 83 63 44 92 51 92 41 73 75 57 37 55 33 73 13 18 52 21 19 46 26 87 63 51 91 50 30 92 5 70 59 65 97 45 87 20 52 16 69 7 11 24 45 57 90 89 98 9 19 1 5 57 33 44 97 70 40 84 39 95 75 93 20 81 53 51 76 41 58 17 54 77 44 70 53 63 23 28 4 38 51 8 34 49 44 96 82 70 51 89 75 45 91 88 75 69 37 73 93 15
17 71 10 93 23 83 33 35 23 20 74 5 12 4 41 41 39 32 51 32 29 20 10 20 9 25 44 55 51 31 34 42 98 20 52 19 22 8 96 23 3 91 6 50 16 83 10 27 4 2 66 2 21 10 56 4 35 17 50 24 88 10 6 38 59 4 59 35 59 56 40 4 42 60 77 2 24 25 66 88 26 56 17 61 30 44 54 85 10 54 53 33 3 95 56 23 2 51 8 14 64 74 22 48 68 12 75 36 57 42 88 51 13 51 16 53 57 90 13 7 70 56 15 1 34 28 15 77 95 84 9 4 34 36 6 6 58 22 65 1 22 61 99 49 66 3 18 10 57 79 95 4 34 14 51 1 93 46 6 61 67 94 25 77 20 84 77 22 28 4 85 87 18 20 56 12 22 17 89 23 70 46 1 24 42 53 67 76 19 96 42 80 89 37 54 18 91 47 53 79 22 69 64 34 62 60 21 33 6 23 84 72 9 96 41 14 50 34 55 10 43 91 10 14 68 69 24 35 11 97 98 67 88 45 51 14 56 98 16 59 70 26 60 5 13 26 45 9 13 25 2 28 34 80 58 95 99 96 10 61 34 99 4 62 57 16 43 76 13 98 94 25 96 7 84 9 35 48 43 31 87 76 42 25 86 17 57 15 85 73 28 14 61 51 45 99 94 56 7 42 48 6 60 55 93 96 98 24 89 64 13 11 61 26 23 41 67 24 92 40 2 29 27 86 45 63 74 59 30 24 48 72 91 78 42 98 5 73 90 10 83 61 91 39 41 40 71 59 28 81 94 43 46 49 32 4 51 66 13 10 46 99 82 84 34 8 77 85 72 87 63 67 22 9 69 14 71 87 63 10 45 3 72 93 84 48 69 73 87 82 4 46 71 63 2 38 10 74 87 76 74 11 82 86 98 49 88 40 41 78 9 35 81 71 56 83 41 79 48 80 63 79 61 99 82 32 26 43 71 55 94 38 62 92 58 15 7 55 99 50 89 83 72 38 43 86 72 91 82 65 78 87 84 94 34 86 96 29 63 49 74 19 74 27 63 54 48 63 81 37 72 39 13 99 63 88 97 93 93 50 72 26 54 7 76 73 99 96 82 12 80 99 87 6 41 55 54 9 39 32
12 6 55 50 69 10 65 3 21 10 15 46 16 35 69 10 15 63 14 24 25 21 42 5 68 84 4 18 34 75 24 78 29 22 79 41 23 92 56 32 13 88 15 78 32 5 58 97 56 52 9 63 14 69 40 42 63 40 21 22 25 63 16 35 62 27 39 4 23 40 26 38 5 95 55 32 16 80 28 9 84 26 17 16 51 94 20 16 33 78 24 20 55 20 57 80 39 9 44 80 11 23 38 45 98 61 34 90 94 39 34 49 90 21 12 23 23 25 6 57 22 94 73 90 16 38 65 60 46 59 18 10 73 61 13 43 51 77 89 36 48 74 39 55 45 75 48 98 44 14 83 48 14 5 44 71 24 19 87 2 39 13 49 44 97 94 40 81 72 77 7 68 42 67 3 67 94 14 79 94 28 74 82 64 61 52 24 93 86 48 16 28 79 40 27 2 39 78 70 79 95 85 74 38 48 85 83 93 9 94 4 42 68 36 65 79 45 90 65 59 65 32 83 81 61 50 59 76 52 16 10 85 38 97 81 99 60 14 36 39 18 85 36 60 62 80 13 5 49 50 68 86 94 62 70 72 56 13 4 94 22 8 47 16 5 40 70 3 11 98 31 60 45 18 11 55 58 37 63 43 97 21 69 12 64 19 73 96 56 53 92 71 58 31 77 3 30 90 52 34 22 65 86 14 92 86 52 29 13 52 81 2 97 98 75 1 57 93 35 50 46 24 91 48 47 40 99 18 65 1 41 61 57 56 23 66 39 98 76 42 50 36 42 60 41 18 6 98 3 88 64 56 41 27 68 96 35 85 89 27 29 86 85 99 93 90 17 42 27 78 22 80 26 71 73 53 94 77 88 18 68 4 59 91 7 34 69 49 69 81 18 75 37 22 94 60 40 71 96 62 45 64 51 7 29 15 50 70 36 44 16 57 84 45 40 88 91 88 89 23 79 50 67 13 70 44 41 60 59 40 63 89 79 31 76 81 94 83 59 84 61 70 82 49 17 21 71 98 97 93 44 17 96 1 93 75 99 27 80 22 72 64 17 94 29 63 6 87 76 86 84 14 80 12 90 9 96 69 26 69 50 53 59 26 99 32 29 28 62 98 67 92 85 68 57 56 22 82 76 24
7 18 76 13 40 26 3 32 56 44 39 89 11 5 17 46 57 7 29 27 27 12 2 39 58 87 71 80 16 25 28 8 9 73 1 60 92 15 20 4 54 30 50 26 21 54 10 7 29 2 41 77 1 76 63 4 12 63 72 90 91 46 36 65 61 22 69 73 49 66 58 74 5 21 23 1 25 19 17 17 7 99 39 1 70 13 35 57 35 17 27 15 64 17 13 17 28 87 7 67 54 16 17 68 33 2 62 49 18 98 72 23 66 91 52 23 24 72 51 12 72 2 31 35 77 45 32 50 86 48 41 47 17 24 19 67 48 85 54 20 54 94 4 95 19 84 43 17 45 25 9 32 7 57 7 40 41 96 71 52 41 76 88 91 46 63 12 15 90 37 49 36 55 19 23 10 7 16 35 64 75 17 84 26 1 12 20 1 44 3 24 71 60 9 11 26 72 86 81 33 38 16 8 18 6 20 19 50 56 2 5 7 28 36 30 22 45 38 97 87 59 24 17 22 92 26 28 76 5 79 2 50 63 34 62 39 22 53 41 59 37 61 26 54 65 33 54 77 42 48 68 13 70 75 69 77 3 67 94 57 96 20 38 12 39 81 76 93 41 93 11 3 53 84 23 9 44 70 69 41 70 22 57 27 19 22 73 9 61 68 40 83 41 70 17 72 87 65 53 53 4 7 80 49 81 6 18 99 13 68 30 62 38 84 64 72 26 73 33 70 6 13 39 33 82 59 36 1 46 76 29 72 82 61 46 78 98 93 68 63 78 80 35 77 39 59 66 71 65 43 23 85 44 91 79 91 4 12 60 92 9 84 33 43 39 58 17 15 96 81 12 92 31 47 55 75 30 33 68 87 61 64 24 93 65 51 56 65 93 99 55 45 13 40 35 51 22 38 79 91 56 11 49 71 80 31 29 84 97 86 87 50 59 93 3 34 83 37 27 61 79 29 81 70 44 45 20 26 89 89 46 55 6 80 98 55 1 72 99 1 85 49 34 90 77 74 64 39 15 83 76 57 97 36 27 43 43 73 83 98 47 89 40 39 65 60 98 55 61 76 70 15 24 1 82 94 59 59 80 5 41 35 37 79 60 61 80 94 49 67 75 94 29 2 81 85 98 92 45 27
4 58 1 71 44 10 54 13 21 32 21 12 16 77 48 33 9 1 28 31 34 67 10 41 85 67 42 14 57 14 55 94 61 36 45 88 8 15 74 77 22 26 33 20 20 87 65 67 17 41 28 68 4 53 24 36 96 44 10 33 28 14 22 17 94 56 39 83 23 46 67 31 22 4 68 16 35 12 40 73 18 31 14 4 56 85 35 5 29 29 47 79 11 55 96 11 18 18 56 81 7 63 70 11 14 6 75 56 78 87 88 34 71 5 31 70 63 55 42 83 24 28 39 55 92 43 3 61 52 99 29 68 9 76 23 58 24 12 8 81 53 20 56 83 39 40 46 83 3 42 78 94 96 24 53 9 22 56 9 18 28 31 69 77 75 98 57 81 46 60 90 62 62 17 83 26 49 70 22 8 39 20 21 55 54 11 27 90 21 15 91 6 12 69 85 87 33 50 78 13 50 60 27 56 16 1 19 10 46 77 36 84 85 31 89 3 97 46 29 24 47 36 25 21 31 63 4 73 48 47 69 22 15 60 10 47 17 97 69 27 50 27 40 75 23 22 63 6 30 39 15 35 66 61 47 57 63 39 67 94 48 33 94 75 13 10 63 16 96 37 65 44 30 38 62 46 69 41 37 25 37 69 2 37 58 80 2 60 2 33 98 28 35 82 29 83 94 21 7 59 87 62 12 65 63 31 7 83 13 28 45 38 14 12 33 35 53 71 60 49 30 41 84 83 44 27 57 40 78 56 60 82 26 41 59 20 8 32 84 94 55 16 12 58 90 90 69 31 9 79 94 65 8 82 93 71 82 12 18 51 45 36 41 88 7 61 73 76 44 79 67 43 2 49 84 14 37 84 53 15 66 83 71 5 42 21 28 10 10 95 97 77 21 91 30 60 99 44 66 87 11 65 29 54 93 38 39 8 28 98 55 99 57 23 81 97 23 55 9 54 86 61 21 48 76 79 54 58 62 83 14 65 93 99 32 94 96 92 63 77 53 74 64 16 29 51 5 41 39 39 76 14 47 9 71 45 24 20 72 49 74 87 79 96 36 28 62 44 32 1 42 75 51 60 70 90 48 72 84 68 73 15 69 90 44 87 35 55 36 87 21 35 80 96 64 91 90 52 40 31
