20 500 42034 23.96
5 76 14 59 98 5 81 51 12 84 54 1 59 37 83 33 43 8 1 20 43 20 1 80 91 50 73 82 34 80 15 64 20 83 3 6 15 94 51 5 10 13 19 37 28 12 50 17 46 16 60 35 86 18 41 52 80 76 61 63 16 52 46 17 80 47 59 20 13 10 52 37 51 76 18 46 31 14 4 36 45 45 28 30 99 30 63 98 29 29 1 96 40 37 7 7 27 23 92 80 22 89 23 34 1 60 9 21 11 59 42 81 1 3 57 9 46 27 21 1 75 9 4 14 74 35 35 49 50 88 97 23 23 70 33 16 68 39 59 11 17 11 4 7 81 39 85 2 38 88 23 29 31 93 89 57 99 99 97 78 38 72 8 32 24 28 98 24 67 45 34 7 51 60 21 66 32 42 28 76 22 36 14 63 9 43 32 77 6 90 33 23 96 49 35 62 23 55 22 17 18 64 50 29 57 82 34 53 78 35 76 42 91 17 84 42 75 44 8 52 96 11 87 81 96 31 82 98 3 99 62 38 77 89 32 7 9 73 7 96 93 64 40 21 83 79 1 43 12 71 13 68 72 3 36 67 53 46 65 80 60 89 86 64 86 37 44 48 51 5 82 40 88 48 54 99 71 35 17 72 81 26 79 38 51 92 5 88 11 90 83 80 6 4 76 4 10 75 58 86 48 18 39 87 35 26 69 95 86 97 13 62 86 67 8 66 74 79 42 87 17 93 41 38 1 24 72 58 38 35 66 36 25 85 44 31 84 16 49 41 9 99 62 88 29 63 60 96 64 16 82 94 20 83 85 92 65 83 61 1 84 48 29 45 86 9 10 74 29 50 45 69 54 85 23 89 99 60 81 81 94 86 38 62 3 63 97 31 59 75 52 15 48 37 29 38 10 24 85 16 63 55 19 70 68 80 18 64 99 67 21 83 70 17 36 40 38 18 7 11 18 78 62 55 93 63 32 45 51 41 21 85 61 49 63 64 26 1 99 97 65 83 48 61 63 96 86 93 14 90 16 29 69 49 64 99 63 92 33 29 92 65 39 92 70 62 78 23 53 53 56 4 45 90 52 95 75 12 8 38 53 74 95 92 90 13 76 88 51 56 52 20 84 89 81 49 70 93 84 20
74 41 3 31 49 4 68 20 73 23 2 93 65 6 8 5 18 86 15 6 42 59 9 42 11 11 6 86 34 49 30 49 6 87 68 60 98 13 15 10 46 93 78 6 60 35 17 53 61 48 28 85 57 62 31 7 84 42 51 37 52 46 62 81 61 85 68 65 49 84 46 79 15 58 39 14 31 32 95 72 67 6 62 43 45 61 28 63 76 22 3 57 43 16 86 9 60 47 53 28 20 10 35 27 2 33 84 83 56 28 34 67 27 17 18 7 30 72 53 15 82 81 79 95 61 29 58 24 9 6 55 4 26 99 38 69 56 62 30 65 60 4 53 19 48 86 78 62 3 25 80 78 63 55 28 78 13 30 34 64 76 30 62 70 63 77 20 44 64 2 79 79 68 28 33 15 31 86 82 7 24 89 72 94 16 75 17 45 51 69 20 51 74 15 78 64 32 4 1 68 33 15 32 4 20 2 10 74 66 24 69 25 66 91 72 60 71 18 71 68 75 71 22 16 23 43 57 25 87 93 60 19 7 43 19 71 35 90 92 9 36 56 23 76 56 8 95 95 19 14 16 83 19 60 89 74 20 89 44 25 11 7 72 36 24 30 87 76 90 66 36 49 46 9 56 11 75 47 14 7 5 7 3 26 46 82 52 9 39 96 64 70 35 5 12 11 13 62 62 84 7 40 17 96 78 58 2 58 37 31 3 92 64 98 91 74 69 41 64 88 80 81 94 72 80 39 81 17 82 60 17 15 99 40 82 78 93 48 77 85 80 80 40 91 94 76 51 45 56 68 95 68 81 20 35 87 74 21 69 15 34 88 80 52 18 83 96 4 63 85 68 8 67 77 94 62 71 83 63 61 58 69 54 36 85 28 2 8 82 95 67 49 42 43 87 99 89 55 91 81 66 78 24 35 17 11 95 74 34 96 66 62 49 30 93 75 96 43 56 75 88 98 7 71 69 39 5 93 72 43 55 52 71 99 21 19 86 87 71 34 93 59 62 92 76 29 17 90 19 48 7 25 48 44 17 45 72 40 55 83 29 51 95 87 68 92 59 59 43 52 94 54 52 58 37 37 60 27 58 74 92 91 55 84 95 66 91 94 12 89 63 69 25 94 96 67 85 68 81 6
27 29 68 83 46 14 12 13 91 15 84 87 8 10 5 95 15 7 4 3 17 51 2 79 13 36 20 86 17 16 12 18 7 25 63 1 33 1 34 11 7 87 47 67 61 49 26 19 8 67 28 8 18 47 47 18 81 71 64 35 24 95 26 52 21 4 54 16 15 6 76 35 13 52 60 13 54 96 16 7 20 40 23 77 89 68 54 67 76 80 78 33 7 89 78 56 40 2 80 67 31 45 20 57 3 9 37 57 4 65 64 80 22 52 72 10 62 42 49 7 13 9 18 74 3 83 82 41 5 43 49 67 45 24 59 24 26 84 70 25 23 54 99 45 1 54 26 83 19 32 9 52 27 53 75 9 77 20 76 56 68 12 32 12 22 19 23 84 64 42 26 91 66 26 45 41 40 23 82 68 69 60 61 53 45 38 8 22 55 4 10 65 16 85 97 99 97 32 59 49 18 32 99 36 56 24 33 82 48 82 27 29 30 96 12 53 56 78 26 68 60 64 50 47 19 18 52 38 28 34 48 35 23 50 98 35 56 27 29 74 9 50 35 99 53 34 56 93 68 62 71 60 61 56 7 49 30 89 25 51 56 37 31 55 75 80 77 15 87 78 59 55 35 75 4 89 44 49 78 56 19 41 69 89 84 4 5 93 14 35 93 44 2 94 1 85 19 7 8 66 74 1 45 34 44 59 82 79 80 27 30 73 25 50 63 3 24 51 26 75 83 78 72 25 92 61 51 5 75 84 81 39 77 57 54 86 24 19 82 12 99 89 47 68 22 8 12 14 6 61 10 46 47 84 84 52 75 31 35 51 81 18 31 89 88 88 71 30 63 94 69 76 81 72 66 86 93 27 24 12 74 94 52 8 18 56 26 55 72 58 44 98 98 4 72 63 98 94 63 12 66 73 76 83 99 86 30 90 34 61 13 55 26 96 85 82 41 45 79 50 10 20 98 22 45 96 93 34 94 70 92 5 2 6 3 30 91 26 12 96 54 4 85 32 86 95 48 25 93 29 44 72 87 5 82 77 79 81 4 97 54 23 99 71 58 21 92 40 69 8 23 82 62 94 93 90 17 78 60 58 61 91 87 35 97 39 90 95 77 23 85 83 14 96 30 19 63 86 4 3
5 7 65 18 15 81 4 27 3 87 50 46 6 7 40 43 14 15 60 92 12 71 26 50 5 42 18 74 34 28 13 38 55 23 11 20 96 4 3 36 5 97 35 52 16 11 65 23 35 39 84 8 48 73 17 95 79 27 88 12 31 27 14 52 77 34 42 45 34 62 24 92 67 1 19 37 86 51 66 27 16 89 68 48 79 19 81 2 3 54 44 56 79 70 34 97 15 35 2 21 56 51 51 95 49 37 60 49 95 9 59 48 53 12 67 19 11 25 15 68 55 37 32 1 52 6 26 14 89 5 57 54 25 39 30 50 54 96 30 37 76 23 91 7 84 61 49 61 74 34 97 32 70 23 75 31 4 33 7 52 93 20 74 82 48 74 28 50 88 71 84 75 82 83 84 61 60 83 68 76 13 32 12 17 98 72 76 22 17 41 29 81 55 40 44 21 9 59 61 46 85 85 55 45 60 64 79 89 71 4 1 67 89 17 59 69 1 5 16 18 11 18 71 58 71 40 4 29 3 53 16 26 89 50 76 15 29 75 2 24 34 52 98 34 23 31 97 40 68 4 88 72 10 37 30 78 9 9 41 85 18 23 60 38 43 29 20 9 41 50 64 34 76 39 23 45 4 56 30 6 50 92 98 57 71 90 93 1 57 81 51 39 92 92 32 9 64 77 94 63 30 23 38 73 75 26 84 73 55 91 78 38 50 58 95 9 59 80 16 14 38 45 29 54 13 85 60 99 35 75 68 73 64 3 32 48 12 41 13 73 47 30 80 33 61 36 64 72 42 52 59 23 77 70 4 32 58 44 80 77 87 28 93 27 82 24 17 49 81 35 98 23 38 57 74 36 72 39 58 54 30 13 3 2 94 82 7 71 7 85 62 78 61 87 63 74 16 28 55 5 92 46 68 96 64 45 18 33 87 42 87 72 47 88 25 97 97 25 19 60 60 48 73 59 75 64 73 79 68 8 5 43 14 99 49 43 60 95 96 16 37 10 58 27 83 61 96 54 40 81 8 99 13 70 21 94 75 39 48 19 19 34 18 69 44 67 83 12 70 89 35 6 66 42 96 48 27 9 75 89 91 85 66 91 85 64 68 55 91 75 50 95 39 92 14 26 99 69 70 92
53 43 63 32 25 62 41 60 19 98 5 7 75 49 85 4 3 67 24 59 31 23 50 37 76 27 20 22 17 27 41 42 43 61 34 15 75 43 39 67 95 34 25 6 20 55 65 9 33 48 61 69 48 18 98 60 9 39 78 44 82 18 31 16 75 44 93 46 32 15 23 70 20 75 22 1 5 2 28 2 46 89 28 54 43 50 98 5 74 13 59 71 77 53 48 2 67 96 5 31 23 19 66 66 50 38 10 12 90 7 57 20 11 67 35 31 7 22 15 15 19 84 27 48 51 98 76 2 87 61 42 25 13 79 85 6 1 1 25 80 27 67 33 65 21 70 34 92 28 32 75 27 8 46 67 50 65 61 14 17 11 48 19 23 54 56 32 80 6 52 96 68 29 23 30 49 42 23 21 66 45 82 62 18 84 51 24 15 49 31 90 20 51 14 24 42 39 92 60 81 99 36 24 60 70 61 84 34 50 25 87 88 95 64 65 46 47 55 90 30 47 63 64 14 69 68 55 76 13 84 31 12 14 52 22 3 70 63 76 7 36 75 21 62 10 64 53 92 52 67 82 39 46 3 41 28 69 28 8 15 80 83 1 5 69 89 54 99 4 86 10 64 23 5 73 81 33 21 29 47 49 73 60 73 48 8 76 36 36 97 49 89 52 19 45 99 8 55 44 98 75 91 66 3 44 50 3 2 50 27 36 23 20 38 41 6 61 38 88 50 93 4 27 5 52 77 67 45 83 24 73 56 62 68 68 15 34 18 79 88 96 89 99 19 13 89 77 29 83 9 59 12 1 35 23 64 36 90 93 44 22 83 68 14 64 32 7 64 28 90 29 97 51 33 22 51 66 13 74 66 41 21 75 64 85 21 49 52 13 73 28 71 97 37 74 53 57 73 94 70 36 14 48 26 91 7 32 11 33 22 99 63 85 39 75 80 24 16 29 94 94 65 8 90 65 77 97 64 26 14 15 91 33 52 41 86 87 82 92 25 70 95 77 24 25 83 36 63 97 6 67 90 51 75 49 86 80 86 74 61 60 62 2 68 92 62 80 41 14 34 53 65 91 67 36 6 80 68 41 48 76 45 21 90 79 43 4 69 96 65 92 96 23 37 97 73 30 47 71 59
63 18 11 37 78 48 68 58 61 12 7 45 13 94 43 60 48 76 10 21 57 35 14 2 27 55 94 51 32 7 93 56 5 9 59 40 14 9 6 80 59 71 16 63 41 92 48 32 37 69 13 63 33 45 52 5 17 8 61 71 5 8 71 62 25 78 5 11 55 8 86 74 30 69 98 74 31 56 3 8 46 4 9 52 4 56 49 97 54 33 96 50 42 13 95 84 13 4 80 69 80 46 72 8 69 86 97 11 96 17 6 2 45 88 2 86 91 65 24 64 45 70 54 49 57 91 54 68 19 47 13 97 73 36 24 98 29 85 95 15 81 19 66 31 95 57 41 54 70 29 40 82 54 65 54 34 50 70 19 73 38 27 31 90 30 88 4 57 66 7 10 81 7 59 83 1 18 33 57 15 46 26 50 99 75 65 90 98 29 68 32 48 86 44 31 34 15 42 87 14 9 16 90 82 37 32 89 21 18 21 46 54 6 60 47 15 60 10 37 13 45 21 51 85 12 63 70 3 87 80 66 59 14 13 14 71 26 87 81 56 70 72 75 47 32 35 16 13 25 8 96 98 12 93 75 34 10 46 46 83 70 37 22 89 99 51 4 19 85 11 3 88 12 14 98 64 2 55 17 95 66 12 59 20 85 55 88 65 56 20 25 43 88 48 86 95 14 40 56 30 17 44 38 68 50 56 83 40 79 90 36 45 80 5 46 70 43 84 50 56 97 15 38 43 65 27 29 29 25 80 47 61 78 98 46 64 98 53 6 94 23 45 26 24 62 23 75 98 63 60 61 98 63 89 83 94 52 62 71 4 77 57 97 89 50 53 62 94 57 11 49 24 69 97 16 94 32 49 78 67 19 34 86 71 18 97 72 39 89 2 37 28 35 62 34 1 82 65 9 67 18 13 1 76 52 33 46 38 91 68 71 73 21 34 31 27 90 90 83 46 50 2 83 39 34 10 20 17 76 82 46 61 99 36 86 12 87 80 90 18 7 12 1 56 17 95 23 15 61 90 34 86 43 35 66 58 32 49 74 75 39 76 79 96 86 17 34 65 22 37 65 95 66 80 29 85 89 70 85 93 65 59 40 18 62 93 83 74 68 65 41 98 79 58 99 89 35 90 95 21
3 7 32 19 40 24 16 80 29 36 26 9 4 1 2 67 71 8 35 95 41 41 26 28 97 60 2 10 99 51 90 19 62 1 31 65 49 26 67 58 58 29 3 9 43 67 39 2 34 71 17 79 23 21 28 16 34 88 38 22 15 14 39 28 51 49 42 55 24 47 73 41 64 5 77 12 64 31 92 61 12 52 46 19 39 17 98 58 36 9 79 15 21 25 21 59 20 39 14 76 9 30 36 32 35 23 28 74 83 25 40 15 42 62 74 40 1 60 64 62 24 18 80 37 57 70 5 44 69 79 48 11 97 19 66 29 50 48 8 33 61 6 51 38 98 81 4 22 59 84 24 9 30 60 32 18 7 13 10 21 53 83 19 36 52 33 59 15 67 48 20 78 49 86 27 4 58 48 59 13 23 35 27 69 43 11 44 20 96 15 71 46 3 60 19 93 45 82 27 34 45 12 56 40 32 41 62 30 11 44 76 45 17 99 2 6 51 12 54 89 90 90 44 11 19 73 63 22 54 56 3 41 17 70 47 85 91 19 19 91 41 10 86 79 57 8 68 51 28 82 52 34 92 41 25 61 20 68 96 81 76 74 84 93 31 32 63 4 23 46 40 22 29 53 73 28 68 67 77 16 71 67 25 18 33 85 37 57 81 47 84 98 38 2 73 18 46 17 38 45 5 2 5 90 56 33 44 24 85 99 96 68 7 19 4 42 3 10 90 45 28 55 71 88 96 8 3 96 68 86 53 4 44 60 7 47 45 78 66 66 21 63 23 1 66 98 57 83 70 23 73 18 93 18 30 46 18 76 64 1 99 84 16 57 48 62 90 67 54 40 36 1 58 32 8 10 5 63 64 21 77 64 96 72 61 81 81 76 38 97 99 42 33 78 45 52 90 76 63 47 77 8 71 84 47 68 45 46 13 3 46 5 40 43 82 66 45 93 68 7 47 77 95 83 46 18 32 94 3 7 81 73 62 17 94 61 50 52 15 67 85 1 8 77 95 16 40 42 86 29 69 56 85 70 99 64 89 50 40 20 95 58 4 16 24 58 26 98 32 77 53 95 80 23 27 38 29 46 61 96 13 62 97 75 18 90 10 98 55 64 77 80 53 72 92 88 63 20 91 95
13 7 33 25 51 61 88 10 56 5 68 58 5 5 47 14 44 35 48 6 85 3 32 42 89 16 11 20 43 36 20 58 25 15 59 17 94 84 39 54 67 12 25 53 70 69 40 82 1 40 79 11 57 24 27 66 60 56 12 68 62 66 54 67 23 14 27 12 29 55 60 39 43 58 90 33 21 43 87 35 48 5 59 53 20 82 53 32 3 66 18 70 72 33 3 47 7 42 32 5 55 61 30 20 81 36 32 61 57 25 28 50 38 34 12 32 11 75 16 83 48 90 61 91 24 48 67 92 26 18 46 50 47 74 21 16 17 23 65 51 2 30 60 75 9 70 77 39 7 79 28 59 96 96 35 52 7 14 71 60 34 95 13 36 63 19 62 36 77 73 9 41 55 48 55 79 41 9 86 61 2 53 78 57 62 34 68 94 58 28 84 71 59 9 44 7 82 36 69 3 21 88 88 41 27 96 56 66 65 83 77 67 72 69 15 14 32 16 88 14 10 90 88 49 93 41 6 64 18 34 86 58 43 84 57 81 56 51 46 42 81 15 43 47 90 20 69 32 46 22 8 20 90 68 16 14 92 99 87 80 85 12 59 38 85 90 47 86 87 64 80 10 88 28 94 78 78 72 22 30 6 92 78 32 46 1 62 68 91 70 67 94 12 42 42 38 89 24 87 37 3 78 7 30 58 73 17 47 35 6 74 68 85 94 6 18 10 4 65 81 92 96 36 59 60 94 61 40 50 48 20 1 20 88 17 27 47 8 15 35 76 88 98 72 52 13 18 45 97 48 54 66 33 23 82 69 47 89 49 70 78 82 37 41 25 94 70 68 24 59 6 66 89 72 32 67 81 76 51 31 86 28 27 94 63 53 43 63 17 79 46 68 53 36 44 82 78 25 90 25 50 44 39 25 97 86 23 84 70 58 69 13 38 88 45 38 58 97 56 66 86 37 63 4 39 38 60 97 8 94 98 70 93 34 79 63 17 95 26 56 5 89 17 96 99 48 91 77 69 57 93 87 91 80 63 14 84 28 11 91 55 67 45 45 1 10 79 35 17 90 94 28 74 51 73 42 73 86 38 16 82 88 13 4 91 85 84 57 19 84 32 71 64 14 53 66 81 2 75 6
47 7 33 12 43 9 15 38 26 21 39 11 2 28 56 48 17 31 81 28 23 23 32 3 10 8 70 34 76 43 11 50 7 32 91 36 8 28 62 16 63 54 90 32 3 20 91 84 46 13 66 77 31 29 3 37 28 6 6 48 41 61 15 47 32 28 85 74 56 33 9 34 17 57 56 65 83 30 7 15 98 5 75 8 35 83 22 1 15 37 2 6 19 12 17 96 87 2 18 49 30 78 24 36 85 91 50 57 1 34 40 39 47 8 6 72 79 23 45 62 6 18 64 38 66 55 76 30 24 4 10 73 19 53 55 47 58 9 16 30 11 56 68 62 9 58 92 24 45 28 27 28 15 24 58 58 89 2 2 89 61 53 95 47 74 78 70 34 10 60 19 21 13 18 94 56 52 13 61 17 93 81 41 68 12 54 71 24 69 2 87 14 1 66 53 98 82 97 3 47 4 90 43 74 52 64 1 20 54 73 18 21 14 77 66 71 54 80 78 86 11 22 57 43 58 2 68 6 27 6 93 65 97 53 85 71 95 24 93 72 10 16 87 41 17 86 35 56 94 30 90 75 80 91 93 23 9 11 76 5 39 34 61 75 15 14 97 65 61 51 86 49 62 3 56 39 95 65 66 52 74 63 34 58 52 55 99 60 58 27 53 25 28 54 38 56 50 64 32 49 77 58 91 60 85 80 49 40 18 80 4 11 40 87 5 83 11 40 55 30 37 69 98 98 18 52 62 29 40 76 31 22 3 66 67 60 66 88 18 34 78 89 68 88 59 85 46 85 20 83 80 31 5 55 71 64 6 91 32 88 6 76 32 73 86 47 61 22 90 55 60 93 6 39 78 15 58 5 48 71 88 21 9 65 45 78 36 25 55 50 95 51 39 93 63 64 86 21 7 79 69 87 59 49 95 9 95 66 88 39 36 25 76 62 82 68 72 84 99 88 2 72 42 90 81 65 70 81 39 74 49 86 35 89 37 63 5 91 42 79 67 47 73 40 31 37 70 36 56 52 63 71 32 92 50 71 50 48 65 24 92 53 51 57 54 56 2 73 91 74 90 7 55 73 37 36 45 99 78 35 80 23 35 61 14 98 94 65 69 69 93 77 84 94 61 89 25 84 53 28
20 24 47 83 11 5 3 92 7 19 41 38 98 59 70 17 28 64 81 60 54 86 1 25 35 61 52 2 89 11 34 34 99 44 74 4 7 59 68 9 3 43 22 58 55 61 3 1 88 30 55 1 29 22 31 89 18 15 67 6 48 4 44 20 17 35 66 17 35 27 27 34 33 31 20 12 39 69 93 96 19 34 63 71 92 57 25 12 58 41 71 3 9 17 32 28 54 73 19 30 70 43 26 30 32 7 34 15 69 80 33 20 12 17 45 41 17 22 46 75 51 14 96 10 97 3 30 2 43 96 39 34 27 69 42 72 40 67 57 8 27 19 23 12 15 18 68 18 53 14 53 29 93 31 6 49 62 1 26 52 75 83 49 61 14 73 26 19 13 25 57 90 49 19 12 21 42 63 35 7 89 88 21 45 34 70 60 8 48 55 66 38 5 45 51 4 95 13 49 18 72 62 63 83 97 47 66 86 80 37 99 13 30 70 59 25 98 96 33 16 24 18 55 91 87 89 82 4 37 56 74 77 28 35 98 94 31 81 34 80 61 50 11 95 41 44 50 64 46 18 14 45 66 53 87 27 18 52 92 43 33 98 87 31 25 10 83 51 20 46 1 32 52 90 13 31 35 85 91 9 5 16 11 79 35 32 32 81 75 91 65 11 68 27 70 73 99 16 66 39 65 65 24 49 28 85 66 45 7 80 94 69 67 90 13 85 33 24 19 47 44 72 68 15 30 25 51 95 36 93 78 79 74 42 18 86 21 43 89 40 74 55 87 82 60 83 15 17 14 11 43 10 47 28 91 23 88 56 71 37 68 7 3 31 38 39 45 82 37 98 41 19 17 47 22 67 85 81 64 90 33 14 70 12 1 83 43 81 96 36 75 47 71 97 53 61 45 70 66 13 76 52 18 27 34 75 61 8 65 87 21 49 61 56 35 3 54 75 28 83 30 14 80 96 38 43 83 75 88 62 86 43 22 76 75 49 55 78 78 65 10 91 96 2 58 67 42 26 4 72 97 51 53 50 23 16 40 27 82 97 46 71 92 89 79 35 87 88 93 81 54 81 73 75 83 71 28 31 26 71 19 91 63 2 78 8 76 71 98 68 94 17 72 10 98 87 92 27 43 60
17 5 24 99 35 84 2 6 8 58 42 3 7 20 39 31 11 83 50 33 16 80 48 55 9 37 25 77 22 86 54 16 41 33 14 89 24 11 36 26 83 15 77 34 84 49 64 65 8 40 7 36 99 17 79 4 23 22 52 84 15 25 22 17 29 39 92 76 58 61 21 10 26 78 56 61 28 91 21 31 47 71 65 42 12 2 23 23 20 43 51 92 61 85 38 63 78 62 89 21 65 14 51 36 25 72 65 71 2 8 42 80 82 36 37 46 41 2 40 62 5 61 52 66 15 49 56 45 14 85 26 39 36 20 8 87 90 9 30 67 59 92 34 91 43 31 10 44 31 12 27 78 72 97 68 53 76 6 73 61 44 58 30 72 17 94 9 16 82 96 79 16 42 90 6 88 97 99 19 19 54 13 11 26 49 63 98 83 8 79 97 84 21 53 18 16 68 4 33 89 76 65 33 45 79 41 91 9 14 80 19 41 17 33 52 87 28 3 11 44 13 86 57 4 27 54 44 83 71 69 88 72 95 72 70 80 12 70 37 68 21 95 9 19 55 43 42 73 64 89 55 29 81 33 22 72 89 19 40 88 25 48 58 4 94 38 55 86 63 52 29 98 71 21 28 18 99 78 81 63 18 83 19 97 18 80 87 65 48 13 64 1 85 56 48 45 75 90 66 1 48 99 87 2 26 85 41 99 46 11 87 38 76 90 93 63 90 28 61 25 10 57 87 81 70 86 12 38 95 11 57 67 32 35 88 97 64 94 7 88 70 39 39 48 31 25 51 48 26 80 63 67 48 61 38 83 73 79 8 98 23 62 51 42 3 64 9 2 65 80 74 76 69 17 28 66 92 80 33 62 92 21 95 77 80 47 83 13 12 4 56 18 4 48 31 35 19 76 7 71 38 54 5 51 6 81 40 61 26 98 37 29 42 41 90 66 39 73 13 36 11 92 57 22 11 71 90 31 76 73 65 24 88 82 88 47 90 73 14 48 94 87 73 7 80 19 52 71 15 56 56 86 37 67 33 56 84 66 88 62 67 89 93 85 33 33 41 83 74 90 27 18 76 5 48 90 42 99 57 49 60 19 38 95 87 65 34 12 76 63 51 62 69 61 72 92 80 71 63 33
33 44 61 52 64 13 28 16 45 10 9 73 37 9 49 2 71 12 79 86 5 31 71 28 1 36 22 25 42 86 67 4 52 73 44 43 71 87 10 19 36 27 37 58 81 2 4 24 58 9 44 97 2 93 18 43 8 33 25 39 80 34 47 27 18 58 25 52 22 39 73 86 67 10 51 49 85 14 92 6 74 22 71 88 59 45 52 32 4 52 10 34 33 65 97 4 6 29 21 43 31 53 47 45 6 58 27 88 25 53 46 3 46 68 67 79 81 74 29 36 95 22 28 35 82 40 9 91 9 25 62 28 67 60 19 4 97 78 64 85 75 84 21 23 70 11 24 77 67 12 3 33 7 49 5 26 44 17 29 1 13 59 27 99 61 4 22 44 84 89 22 51 33 90 15 61 22 26 38 62 83 9 79 14 79 48 5 22 62 22 27 77 18 86 5 41 30 54 45 23 88 8 61 99 83 62 11 4 72 33 4 29 18 41 34 92 74 89 64 27 55 11 35 32 69 6 10 96 87 13 83 19 42 38 45 42 49 76 62 99 22 87 57 54 77 92 85 52 58 75 76 5 82 42 94 52 27 47 78 6 53 5 81 54 4 58 23 14 49 12 53 72 74 89 41 42 6 5 16 82 59 6 41 12 13 49 68 50 48 63 87 61 91 19 66 71 31 85 57 78 17 39 76 40 71 69 57 27 91 37 57 64 14 83 93 94 84 70 75 7 66 12 42 11 79 83 24 60 60 32 87 65 82 58 78 3 84 99 66 50 35 25 54 45 91 60 82 93 49 42 20 54 25 42 35 22 49 30 70 76 67 72 74 25 69 11 81 80 84 54 86 63 60 97 67 92 49 75 72 81 68 96 48 98 25 84 35 82 87 55 54 84 13 64 68 59 93 32 24 75 75 64 82 8 84 52 39 42 59 72 77 37 83 81 4 15 29 78 80 94 97 70 95 91 73 53 31 86 17 53 42 8 42 83 37 4 33 25 38 26 17 60 78 58 16 68 61 84 93 26 72 87 51 66 53 54 59 72 93 95 74 72 68 52 81 91 92 57 80 30 89 48 36 51 68 65 59 98 78 58 91 89 75 71 83 96 30 30 59 29 85 83 87 88 90 61 92 57 90 86
65 18 11 18 17 46 70 16 24 9 62 80 29 51 21 46 90 89 46 2 85 2 95 8 34 35 7 21 25 19 35 27 81 13 73 20 3 74 37 56 65 30 67 46 53 15 12 9 37 39 3 16 61 99 3 33 89 19 56 34 36 27 22 37 48 54 7 40 4 15 1 35 60 38 16 75 56 42 22 26 18 39 15 28 13 3 48 54 68 22 15 82 5 57 47 25 26 7 65 17 71 39 3 11 43 17 31 5 58 86 81 20 38 92 26 75 53 80 74 62 99 4 73 15 24 31 71 19 17 44 29 50 87 84 82 13 95 17 86 12 43 58 64 98 75 9 19 43 62 48 75 73 64 7 25 61 72 55 42 54 66 49 47 67 78 16 4 48 32 8 73 47 55 43 45 99 84 66 60 91 39 3 97 34 78 2 5 42 12 66 84 27 78 92 66 97 57 77 89 34 80 59 18 53 39 53 85 85 13 12 68 71 77 18 65 58 48 25 15 86 68 95 43 54 5 81 28 68 76 49 94 97 11 86 57 64 2 27 72 29 70 44 23 99 89 11 53 23 73 42 72 16 60 83 27 10 78 98 29 61 88 32 31 39 29 18 57 33 13 53 97 41 62 15 63 2 29 35 57 75 33 49 63 80 46 8 62 48 74 34 13 44 90 69 79 50 25 42 83 85 81 44 98 54 90 70 78 20 24 21 93 6 60 78 54 83 23 83 23 15 97 43 97 63 8 26 86 62 67 42 99 42 60 3 63 58 72 73 81 45 10 46 28 55 68 78 54 18 89 71 65 96 32 89 27 94 16 3 31 81 55 34 62 72 83 69 51 7 39 10 66 86 70 80 47 43 69 64 4 84 2 70 17 75 63 38 70 67 54 81 52 67 98 36 74 38 64 94 62 97 29 91 80 92 99 89 86 68 25 24 6 37 40 31 71 44 75 13 33 89 93 87 2 19 32 87 88 60 66 89 7 51 87 77 85 92 53 51 92 89 83 89 58 93 17 15 44 24 68 58 58 73 35 81 54 43 36 52 91 68 60 6 97 16 46 71 51 44 73 64 83 67 93 7 81 85 99 11 29 72 61 3 71 48 14 90 79 87 88 32 88 39 48 51 63 9 76 71 95 2
24 35 13 13 28 25 41 8 8 72 56 14 36 40 28 67 53 36 46 27 25 21 86 69 43 66 86 22 5 24 56 10 59 18 46 48 4 1 85 8 75 31 24 8 7 15 44 37 63 72 4 36 67 50 38 71 19 8 6 16 53 68 79 27 75 3 20 98 81 49 33 2 28 72 39 26 21 86 3 63 80 50 7 28 61 94 35 78 95 59 86 26 94 27 80 88 79 49 74 41 13 87 27 37 62 65 64 87 35 52 80 87 43 88 87 67 83 33 81 46 47 35 74 42 15 3 23 10 49 25 77 38 31 19 70 24 4 10 26 43 63 72 35 67 21 24 97 70 41 75 68 98 58 38 41 10 35 95 81 57 18 40 19 2 47 13 88 83 85 10 8 24 86 16 81 74 20 74 20 47 49 21 4 68 9 5 8 87 25 77 70 81 88 26 99 57 15 58 75 77 58 53 29 22 11 29 9 46 66 46 94 93 1 15 85 98 30 63 21 97 55 20 28 73 36 81 10 85 60 19 2 22 84 61 13 69 76 74 90 4 93 57 25 75 17 65 88 5 58 64 47 81 11 93 90 34 84 51 23 52 6 65 10 38 74 90 55 89 32 15 34 31 33 86 3 11 31 73 42 61 1 25 32 58 91 31 43 78 30 48 80 45 64 34 35 50 89 60 89 43 94 91 92 47 52 58 6 1 93 80 84 20 90 64 97 96 74 93 6 2 7 67 26 40 44 60 74 5 30 44 89 86 88 54 85 49 57 65 99 11 56 37 80 80 79 69 4 20 25 52 19 96 87 33 39 10 79 11 78 66 46 40 71 8 47 69 60 92 98 44 25 93 50 63 39 37 41 39 86 70 29 68 57 20 91 54 83 65 75 28 92 7 39 82 86 61 94 65 24 38 69 44 59 53 46 41 35 95 94 43 50 56 67 54 60 46 67 52 45 26 70 42 27 91 61 68 83 15 46 87 79 97 36 63 53 73 7 97 82 63 44 36 36 82 9 58 68 98 79 59 46 21 93 46 76 14 85 35 71 39 37 93 91 93 77 77 5 4 72 28 29 99 60 89 87 88 86 57 70 98 31 38 24 60 88 26 75 56 63 82 38 18 14 13 81 52 13 83 91 27
3 2 35 39 7 58 48 11 86 75 28 54 69 86 44 25 45 19 6 30 73 45 25 13 91 54 2 36 59 2 20 26 4 57 51 49 49 81 29 97 2 2 17 45 43 8 95 93 11 34 37 90 8 9 36 24 31 59 7 87 31 57 58 65 54 60 29 34 55 7 36 42 26 26 18 62 10 61 16 81 17 49 88 94 65 28 2 45 76 48 61 67 76 70 68 32 89 9 90 60 66 54 94 66 86 68 60 17 12 7 60 47 8 11 37 89 55 81 39 63 51 94 71 33 1 20 17 77 65 27 15 43 11 15 78 67 15 69 1 92 29 24 75 51 70 30 10 26 60 83 66 20 58 28 67 45 48 81 57 2 66 4 68 7 13 43 80 96 4 36 80 26 50 26 49 53 32 33 63 12 29 39 58 12 72 78 78 2 53 51 43 5 3 69 18 7 48 51 42 98 77 73 36 90 58 90 59 32 96 57 25 68 66 42 49 9 39 83 92 79 81 31 73 78 74 8 55 53 20 53 52 53 96 5 67 5 2 54 74 66 65 95 53 24 34 2 90 82 40 64 52 12 49 51 43 82 26 53 88 52 44 44 23 96 60 70 37 82 60 91 11 84 30 68 71 66 1 15 46 57 90 84 99 19 88 71 54 60 40 13 4 69 44 96 65 99 97 20 71 14 78 56 51 48 7 56 50 90 26 38 18 79 61 54 79 71 71 61 6 93 37 26 10 90 75 86 25 36 14 15 21 56 58 67 82 33 13 20 10 43 67 35 5 31 91 96 71 74 79 44 53 34 80 70 18 8 87 82 94 82 32 40 55 72 38 64 18 87 5 89 98 21 63 36 98 37 30 78 56 31 94 52 63 72 46 10 88 86 84 67 29 9 61 32 6 57 32 52 99 74 55 95 78 85 38 46 90 23 54 68 87 66 82 53 92 79 26 84 91 8 81 91 15 99 23 62 37 45 73 55 47 36 41 47 67 38 1 62 59 2 97 66 72 70 91 96 86 96 66 32 54 11 6 67 99 59 78 34 72 72 32 81 35 34 39 88 8 87 89 61 46 39 49 32 47 88 43 88 48 39 49 86 79 42 21 67 74 63 80 86 35 44 94 75 15 98 36 91 33 30
45 37 24 28 44 59 21 88 11 2 10 12 17 34 4 37 59 3 57 37 45 71 96 39 3 22 48 55 10 8 31 87 94 36 27 74 43 16 66 98 35 75 22 28 65 11 16 76 94 64 34 30 26 23 99 14 70 7 48 9 71 94 83 79 24 33 4 51 68 99 27 9 70 34 25 45 81 45 65 90 68 67 11 22 20 66 13 16 33 1 28 3 54 6 42 35 16 71 8 66 88 9 25 97 43 20 32 84 84 85 47 67 63 5 68 16 90 3 94 89 37 1 25 22 76 96 86 97 62 52 94 13 59 60 8 39 8 35 1 73 22 73 4 70 26 31 39 44 67 85 32 34 21 13 99 47 22 62 64 63 7 97 8 73 26 30 60 35 5 42 34 3 21 42 50 81 53 79 20 88 56 61 70 20 54 38 47 75 86 25 67 59 58 75 13 9 60 28 6 72 3 36 8 7 27 31 58 64 26 79 22 77 75 84 53 55 17 74 83 13 22 43 34 30 39 25 96 37 23 18 16 6 21 46 63 35 90 48 54 18 97 68 69 22 83 17 16 94 2 49 31 43 15 25 2 48 88 47 77 56 92 25 76 38 9 15 22 57 78 82 36 98 3 81 74 78 80 29 82 95 71 23 31 25 76 40 70 11 60 32 29 9 12 74 1 18 57 78 22 40 43 54 73 14 69 66 42 44 15 46 95 40 33 26 42 14 80 67 84 64 30 26 9 89 33 42 69 53 32 2 27 79 1 47 36 50 65 27 25 70 73 17 56 41 5 5 13 62 91 66 68 38 53 88 44 84 41 53 77 75 9 67 52 11 36 11 68 82 27 53 49 66 34 45 95 61 44 42 45 62 48 91 75 32 19 3 86 30 87 37 30 88 97 82 21 71 50 18 81 95 16 79 78 23 7 20 85 57 99 55 13 74 54 84 48 69 91 63 33 47 53 38 69 36 50 32 34 56 86 24 82 71 24 1 64 99 73 7 28 94 99 84 26 80 53 78 88 13 92 95 41 63 48 40 8 25 62 64 53 12 88 17 44 44 67 85 58 51 55 91 97 94 84 84 97 17 99 85 67 54 73 78 91 54 30 46 46 2 42 60 56 23 66 98 32 39 98 50 86 37
4 71 15 26 16 4 49 14 11 26 7 31 64 7 23 60 2 20 56 70 29 32 15 28 48 94 75 8 22 69 60 29 70 12 12 44 3 25 46 10 55 30 50 25 2 76 45 35 68 3 54 36 23 96 59 43 3 55 44 70 40 13 37 77 5 39 34 8 44 68 28 4 55 21 27 94 24 37 5 26 41 98 54 38 15 58 95 61 9 80 40 32 61 29 39 29 41 74 74 16 23 54 59 15 97 63 40 43 27 68 19 71 84 9 25 37 37 59 10 24 14 44 45 77 35 3 26 7 98 97 30 85 60 9 37 57 16 26 66 11 93 92 62 8 26 32 10 62 41 40 64 74 3 32 30 80 58 62 55 25 69 17 97 41 77 63 72 86 82 17 97 11 19 11 96 16 74 32 48 76 82 82 15 9 28 78 31 54 75 51 17 53 34 7 56 62 80 83 50 47 13 65 46 32 8 19 40 66 51 52 23 27 3 7 12 98 91 94 49 48 25 2 33 15 1 51 37 81 91 63 46 86 91 18 53 17 80 1 14 4 76 14 53 15 72 88 21 12 36 87 41 44 37 32 77 87 64 93 1 92 30 96 8 82 75 91 7 79 60 30 94 4 48 94 26 49 3 76 97 73 56 86 39 62 40 31 43 21 7 24 12 74 78 62 93 74 60 60 14 50 99 97 54 19 23 10 15 14 40 6 47 74 15 13 48 15 91 69 66 97 27 60 67 3 99 37 88 59 38 78 40 29 94 48 97 26 11 67 93 80 33 77 99 83 28 62 79 85 17 98 26 62 98 20 37 1 99 91 22 78 67 91 80 53 47 27 19 22 88 30 86 32 38 73 73 72 28 81 8 4 14 17 98 20 85 82 65 90 36 30 65 36 69 67 97 53 23 35 59 53 60 10 73 31 24 91 68 63 22 68 92 94 75 55 30 69 9 14 77 75 47 24 92 10 74 84 88 10 78 42 81 62 59 8 51 73 97 5 43 30 24 81 81 95 78 35 48 79 34 70 79 12 75 75 67 58 54 64 62 90 27 85 63 35 1 72 95 62 37 63 48 68 6 47 60 79 65 53 60 37 35 39 90 93 42 46 45 2 81 80 66 42 77 64 3 75 67 59 93 70
13 58 9 2 7 11 36 16 42 4 84 41 11 59 74 10 1 16 21 54 21 3 56 55 8 57 72 14 75 25 32 20 29 54 4 24 41 78 4 57 8 14 53 82 50 66 47 4 11 30 49 4 94 27 72 16 41 96 20 61 30 93 3 6 27 80 64 39 82 16 68 33 59 37 7 36 30 33 53 82 22 22 20 37 26 23 12 87 73 81 19 3 6 65 25 67 19 32 6 90 97 27 43 87 22 25 41 44 37 62 47 52 75 64 22 66 24 37 37 43 30 24 3 58 37 15 89 71 43 58 26 64 79 59 57 80 99 28 78 84 38 11 14 83 88 25 72 54 84 27 33 28 63 19 8 81 69 73 40 40 8 20 85 16 56 54 35 19 8 62 86 25 19 4 3 16 2 57 22 59 63 34 41 47 28 8 88 47 60 55 4 30 45 68 70 22 47 13 54 78 99 70 33 17 29 39 71 44 64 68 98 12 58 24 77 42 48 72 38 90 90 76 46 55 89 73 37 1 91 11 17 84 65 42 7 44 71 18 35 27 43 35 7 17 15 96 37 24 19 15 32 21 7 76 35 85 76 8 22 7 16 64 62 14 53 29 96 16 10 67 30 7 47 67 84 52 79 57 98 15 94 61 95 38 5 74 19 61 43 13 3 83 97 95 79 52 84 53 58 51 28 50 22 81 68 20 76 70 37 22 5 7 52 4 3 72 52 70 78 91 37 42 84 98 73 18 53 75 88 39 20 63 30 11 10 89 14 89 96 16 18 21 10 68 69 1 56 33 53 37 87 55 88 56 80 24 29 3 61 8 67 24 62 88 84 94 57 20 24 22 13 64 94 36 92 20 23 6 29 45 53 85 40 29 94 61 51 53 47 84 29 80 89 53 59 39 23 53 75 57 14 36 99 97 87 54 65 85 12 63 75 93 62 42 64 62 33 78 89 63 50 65 77 3 80 66 28 15 31 57 51 25 75 42 62 77 95 25 16 66 80 1 72 17 50 77 65 86 76 99 73 58 65 42 97 77 14 87 92 33 88 1 58 32 86 64 36 84 64 41 15 65 76 97 22 7 61 15 77 75 31 81 71 58 43 16 37 63 64 31 55 84 92 45 80 37 55 99 26 54
46 26 29 10 25 53 15 78 13 20 51 2 54 79 19 19 45 41 11 9 51 31 27 43 17 1 62 23 1 28 29 90 27 23 24 87 17 11 54 32 23 18 31 54 4 91 5 83 79 21 75 27 11 41 12 62 54 44 33 16 20 18 37 18 16 2 11 5 67 81 35 70 67 19 70 9 41 9 42 77 1 21 46 15 37 15 17 10 38 40 59 3 47 65 14 38 79 99 42 19 1 41 67 12 81 28 1 5 45 69 26 33 62 81 51 50 45 26 93 2 55 91 1 72 11 52 1 65 92 7 26 73 38 3 78 84 59 60 92 21 58 39 54 23 12 36 78 12 52 3 16 16 79 34 45 11 28 55 70 40 70 35 87 8 87 53 50 13 11 94 16 82 96 90 24 38 55 38 36 66 42 66 46 63 10 74 78 82 30 92 13 26 88 45 45 77 8 18 78 60 60 11 54 83 82 34 20 54 3 70 26 67 56 36 2 26 31 47 99 22 57 50 34 72 46 39 50 77 50 20 12 56 33 19 39 61 58 23 8 73 14 8 97 54 87 98 10 8 94 79 51 57 96 22 82 52 74 1 47 20 69 73 73 51 46 42 29 74 85 78 96 89 95 46 4 64 91 83 58 20 87 70 21 61 88 77 13 11 71 49 40 26 35 95 49 57 39 54 15 72 94 34 38 82 70 49 85 75 39 74 27 81 35 8 98 6 17 8 62 80 53 87 51 31 32 94 71 65 75 58 81 92 59 96 32 31 67 27 18 8 27 25 15 28 13 4 87 47 89 86 14 40 68 29 83 45 76 26 8 56 12 63 78 95 51 45 87 51 29 83 4 63 20 26 68 67 16 59 99 55 23 52 29 88 83 11 40 62 57 33 40 84 28 20 82 42 45 61 14 76 69 73 49 7 7 62 96 35 10 56 92 40 89 43 21 64 94 47 58 76 90 94 21 60 74 71 5 37 64 87 52 76 90 86 67 63 99 80 89 71 64 55 59 86 50 36 51 68 63 75 85 54 95 7 72 76 24 64 4 14 91 75 47 63 86 62 89 89 59 88 63 96 5 81 57 78 29 88 91 17 65 40 79 66 65 77 27 63 15 31 7 54 82 15 75 69 97 86 53 9
54 68 42 15 16 51 15 21 99 52 9 33 83 63 6 64 70 39 24 18 3 41 58 49 68 10 17 37 49 91 43 50 4 96 9 58 57 56 52 56 11 32 70 48 29 11 40 70 9 76 32 24 11 20 43 80 9 67 24 20 91 24 54 49 87 60 20 83 24 67 52 25 42 38 47 92 36 17 50 21 77 58 28 20 15 13 2 30 32 62 54 77 30 42 7 12 55 83 15 53 32 33 85 74 13 50 84 4 1 50 40 9 93 79 85 21 30 66 52 21 50 97 17 27 67 78 20 59 39 43 70 40 49 21 23 32 32 68 16 73 51 84 7 44 27 97 9 34 22 93 84 45 14 64 20 79 6 83 65 29 26 32 65 63 31 22 95 55 24 60 12 29 55 84 94 28 92 20 43 23 26 39 90 75 66 45 26 35 65 33 11 56 76 9 92 47 27 62 50 6 3 22 44 21 39 54 8 7 20 42 13 33 89 12 62 7 23 10 2 15 42 95 5 70 45 93 74 35 58 74 37 64 42 63 28 41 53 11 67 54 22 32 84 16 5 77 16 46 96 56 13 99 15 39 32 26 67 49 19 23 55 61 23 68 14 98 58 13 17 33 75 50 43 86 80 72 97 18 3 91 88 47 67 82 8 60 17 63 87 83 61 23 12 42 40 26 62 53 13 2 51 51 75 59 8 8 90 96 97 77 64 83 81 17 66 75 76 46 72 1 76 21 2 47 31 29 14 88 23 75 2 92 9 33 53 83 91 90 75 87 74 18 52 23 75 95 98 6 37 63 40 65 27 80 85 80 6 53 2 69 63 13 7 94 35 93 99 83 97 1 81 44 57 1 44 15 33 67 51 41 66 93 58 94 32 61 37 46 30 28 45 77 23 41 11 58 8 85 35 54 68 92 83 91 48 74 44 68 96 22 54 88 10 80 48 27 40 31 76 26 44 8 58 85 63 19 78 96 69 69 78 73 99 89 15 83 28 28 59 99 46 91 64 50 68 37 36 9 28 29 92 24 78 94 68 76 4 93 59 92 28 94 54 31 84 53 82 86 78 38 75 78 41 45 61 53 94 81 94 85 78 29 22 73 31 86 92 73 18 73 67 75 74 83 50 99 34 55 44 18
