20 500 42173 23.97
52 91 15 64 17 28 7 11 71 28 54 38 4 22 9 95 51 4 39 47 39 99 66 1 30 13 84 49 33 27 32 50 30 43 15 25 24 41 32 45 95 22 78 88 49 99 32 94 18 10 13 45 20 80 76 52 16 20 25 48 90 43 55 92 45 9 12 85 13 62 64 16 44 79 60 60 26 14 28 44 72 53 84 83 18 39 63 12 36 86 73 36 43 64 19 26 83 39 44 99 2 71 10 86 8 20 72 56 67 19 42 11 92 43 98 23 87 17 55 54 41 41 7 3 12 41 58 37 26 39 58 28 73 67 98 98 48 34 59 37 29 40 51 72 56 36 51 20 23 27 45 24 30 26 96 39 80 88 5 18 87 12 57 16 39 14 46 38 38 6 22 75 56 67 84 82 71 40 68 70 19 70 82 5 99 36 54 89 74 38 44 8 64 58 53 63 65 53 41 49 35 66 50 15 14 23 11 53 70 76 57 8 50 44 91 18 81 84 76 4 41 20 6 23 25 4 79 87 31 62 33 81 79 9 19 17 92 43 58 62 93 23 96 75 31 80 50 77 21 86 51 42 37 39 32 19 44 89 14 10 31 48 23 47 85 79 42 42 71 28 93 67 24 84 77 15 98 26 45 78 81 2 83 31 44 43 69 24 21 95 90 26 40 48 78 67 54 3 62 84 6 28 59 43 64 84 36 89 89 50 11 89 70 18 42 44 15 84 32 96 54 54 67 18 10 15 14 50 1 80 64 34 3 90 4 75 88 85 78 88 73 77 23 75 38 58 16 36 15 48 99 19 79 57 49 93 57 43 57 56 72 69 20 64 22 25 43 37 45 38 53 45 11 28 89 75 77 35 68 14 43 48 50 83 65 38 43 21 59 48 97 85 83 88 88 75 2 21 95 51 92 20 49 66 94 98 64 39 57 73 41 2 38 24 68 98 94 97 61 4 28 43 19 41 83 44 56 85 59 52 14 68 73 25 95 75 27 48 25 39 95 34 66 40 35 65 81 51 36 39 15 23 82 92 49 91 32 97 29 6 28 95 88 32 39 18 19 74 48 85 81 1 41 69 21 88 96 81 74 93 30 50 80 39 52 66 55 75 87 87 86 47 87 97 95 55 64 57 9 47
35 94 59 57 29 4 1 34 72 95 63 26 79 50 99 16 1 41 2 17 32 23 48 31 39 39 10 14 23 17 28 90 40 78 66 53 13 14 21 43 41 11 78 19 42 23 49 85 67 42 55 2 1 11 51 1 66 69 63 44 69 51 14 52 49 88 81 29 31 8 26 3 14 89 87 91 55 55 13 20 74 34 57 39 44 14 26 86 27 51 33 35 54 30 26 30 20 43 45 42 49 35 7 78 42 33 28 10 97 66 64 39 68 7 51 42 54 37 88 91 6 70 7 7 98 76 53 25 25 16 91 51 35 12 90 77 10 46 83 53 33 40 76 90 7 26 61 40 54 34 17 73 71 80 21 2 62 39 39 55 10 8 18 86 79 51 55 86 54 75 47 63 45 85 69 36 63 68 13 78 71 44 19 11 4 27 85 33 36 78 71 2 52 80 57 44 41 23 79 24 34 82 26 71 76 2 15 10 47 98 65 40 71 26 13 22 35 11 6 13 13 55 28 35 38 28 98 60 34 54 1 67 85 31 19 59 30 60 77 18 12 11 21 84 45 54 74 36 37 62 26 94 11 11 37 87 79 68 12 75 29 7 78 43 38 55 63 24 21 49 17 15 19 41 59 52 56 4 2 24 36 75 36 20 1 71 57 32 42 90 34 15 85 75 31 54 9 53 96 77 38 96 23 93 49 58 84 49 62 77 4 35 56 70 66 7 93 92 2 65 48 55 96 26 31 18 72 62 32 74 4 90 97 87 18 73 64 55 56 91 46 82 93 53 71 32 80 38 33 6 86 48 16 3 21 55 82 58 88 10 75 41 73 98 48 48 63 41 94 90 46 35 89 23 26 36 52 99 14 67 95 48 79 57 35 93 7 72 96 88 6 42 46 29 21 71 91 95 97 62 19 92 90 63 81 35 50 43 78 89 27 71 63 57 91 34 44 83 82 62 68 76 83 97 82 77 65 1 42 82 92 62 2 60 78 27 83 78 54 80 33 72 97 79 96 97 84 73 68 78 98 86 53 3 49 84 90 72 80 92 73 26 42 52 48 9 87 69 40 71 93 35 78 66 83 80 88 46 28 41 90 83 56 41 46 54 51 55 86 34 52 91 64 74 96 74 78 76 42 17
17 9 56 64 8 70 20 23 90 93 80 78 77 52 52 90 46 90 89 73 6 16 63 29 15 23 32 25 25 89 57 16 23 8 5 80 67 46 9 78 22 56 55 62 29 65 52 43 21 86 23 19 17 55 20 33 15 80 80 52 9 94 9 1 9 79 52 1 27 35 2 5 2 41 60 33 65 44 81 72 49 27 12 51 56 4 93 56 57 18 11 81 3 33 1 99 26 4 17 4 94 1 25 98 39 82 74 16 39 15 26 95 70 83 48 4 8 27 81 26 75 28 79 19 91 30 16 38 74 59 32 3 64 22 42 2 65 14 83 56 55 44 20 21 36 76 67 89 86 23 4 55 74 97 19 59 82 98 32 24 96 94 37 81 66 14 56 39 17 20 75 38 4 50 44 43 58 79 39 92 23 38 61 39 60 69 79 29 80 25 82 91 49 18 27 95 2 90 52 38 29 65 20 91 3 25 60 23 33 24 26 72 60 47 15 2 90 6 26 59 12 83 26 71 66 21 23 15 34 83 65 88 49 19 86 57 97 64 88 24 27 82 14 55 14 39 85 34 37 68 11 32 17 34 74 62 55 69 21 81 64 44 8 52 50 28 16 13 30 39 78 75 2 2 86 76 58 91 87 73 4 96 76 25 28 40 28 89 47 38 32 65 26 47 88 52 36 86 3 54 26 76 37 14 74 97 44 19 63 15 89 37 42 43 60 83 83 41 40 53 95 10 12 62 39 55 33 9 94 59 56 79 6 38 37 51 52 19 11 54 57 76 1 88 82 77 14 10 66 90 44 59 56 83 46 53 83 86 54 57 3 8 27 65 31 74 89 46 80 94 71 58 59 91 55 44 61 30 63 77 28 78 41 32 73 94 47 62 44 35 84 72 81 62 13 70 15 45 52 71 94 76 63 51 70 87 98 55 33 73 42 53 6 64 84 96 75 23 82 89 67 93 78 61 98 64 86 70 51 17 8 68 55 26 18 23 93 74 41 48 71 92 18 95 4 90 26 39 62 32 47 81 79 37 96 93 78 42 34 55 45 48 21 35 51 48 20 96 88 66 64 85 38 88 90 85 20 87 71 52 95 69 43 49 15 31 86 98 30 71 35 93 88 24 34 65 82 93 69 73
10 54 18 18 97 8 31 26 18 27 44 68 90 81 56 78 30 21 34 55 40 34 40 7 35 2 61 8 63 11 90 58 58 32 56 86 41 1 9 14 7 71 65 7 53 7 95 96 39 96 58 69 61 63 92 8 17 38 57 76 38 42 25 18 5 72 71 58 19 39 61 65 95 86 6 11 20 24 44 15 41 40 20 23 60 54 60 3 49 65 17 65 57 81 56 96 57 44 11 35 89 32 88 7 28 16 51 6 32 84 22 94 3 17 28 37 4 51 36 30 2 35 37 31 13 72 24 28 22 34 80 88 39 8 9 16 28 20 66 94 49 36 92 64 72 42 25 21 18 42 94 54 16 23 90 31 54 37 39 27 37 35 10 67 18 25 72 53 72 16 79 64 47 25 14 95 41 91 73 48 79 96 64 8 27 99 82 38 6 47 3 67 18 53 76 94 88 17 19 61 8 4 26 55 52 22 33 60 88 50 41 90 94 25 5 72 78 3 8 23 96 79 69 13 38 34 64 59 3 12 38 8 58 75 4 58 92 67 14 93 74 26 84 48 36 43 30 87 9 84 93 35 25 59 42 80 19 37 41 82 55 28 5 12 52 54 8 27 8 38 56 62 74 5 70 9 51 77 98 71 48 91 75 4 81 72 21 5 85 99 67 82 43 25 93 12 86 32 70 39 31 67 42 52 79 38 93 62 64 34 7 92 45 21 10 62 91 79 92 46 68 15 21 10 50 26 15 96 89 10 28 53 97 47 16 6 54 95 18 34 86 92 92 24 48 59 65 73 77 8 44 79 24 80 56 3 55 84 55 86 50 84 61 10 80 78 97 76 64 61 83 79 92 84 64 64 65 60 19 62 43 45 2 71 81 10 92 69 39 11 85 51 31 50 23 92 17 70 14 42 36 45 35 88 80 20 82 42 64 47 67 83 86 72 97 40 6 57 87 74 99 39 2 39 66 55 69 90 10 77 99 70 26 23 87 79 46 36 88 62 11 82 31 40 3 17 45 44 88 96 21 80 78 74 38 82 42 88 80 71 82 72 10 61 27 75 90 62 94 4 78 90 72 48 99 91 32 90 48 17 74 35 64 78 61 71 26 79 25 87 62 97 65 69 75 48 37 17 82 55
80 46 45 8 21 18 66 28 37 41 25 53 72 4 14 31 39 55 43 8 97 79 58 8 51 3 12 5 93 29 1 49 43 11 45 21 20 21 89 13 49 56 5 76 55 6 64 5 15 60 38 50 14 48 74 51 28 3 11 92 5 47 34 22 33 68 46 43 19 58 23 64 60 18 37 40 12 43 49 80 31 67 14 55 30 99 57 26 56 12 47 63 21 22 71 15 73 83 80 30 22 93 58 48 20 61 77 34 13 19 18 97 7 71 37 40 96 8 2 46 73 11 13 30 85 86 70 61 5 10 1 88 14 6 1 11 88 15 37 53 34 74 31 16 91 16 51 79 77 49 13 2 70 34 95 61 26 49 87 14 65 34 95 53 9 74 69 45 82 30 33 20 62 67 56 98 49 21 27 27 23 56 52 58 28 43 12 59 44 36 40 43 35 5 39 47 48 46 81 31 86 16 25 1 21 26 62 39 95 97 43 28 96 53 43 27 3 57 76 46 88 27 61 52 81 95 26 69 81 32 58 8 57 65 87 62 79 23 80 6 82 52 50 38 48 1 67 71 39 12 20 65 96 43 92 27 82 21 40 39 18 36 44 68 54 61 55 64 46 85 22 48 70 80 18 76 41 71 36 78 35 86 16 88 35 80 65 90 29 5 59 76 93 84 25 47 46 52 38 47 71 66 33 48 82 25 3 51 67 91 98 3 92 31 74 27 61 10 58 92 12 3 95 71 28 29 75 19 49 27 40 69 50 3 68 85 94 53 11 84 23 77 25 13 81 87 15 93 93 52 33 79 43 64 73 72 72 93 93 55 84 56 18 36 28 28 12 87 27 59 68 81 92 51 58 27 76 40 44 23 91 90 22 39 81 67 63 67 88 76 83 94 45 58 12 47 55 55 28 89 53 17 13 8 76 32 53 39 52 71 16 77 90 83 3 48 7 22 19 57 88 75 73 22 91 97 71 35 77 97 84 92 93 87 97 98 61 46 95 51 77 9 48 30 44 82 37 39 76 68 75 35 74 84 42 8 58 9 78 73 61 14 92 96 90 33 58 38 91 33 61 51 21 77 47 7 53 72 77 53 31 79 98 97 22 97 39 41 60 85 95 25 44 71 6 55 57 71 44 8
5 33 44 19 73 67 29 5 93 13 24 56 59 18 1 8 59 24 18 64 70 16 6 31 48 22 36 70 17 51 7 13 30 21 37 5 35 26 5 20 76 15 92 12 46 44 14 40 25 35 1 78 40 3 28 40 12 51 20 64 13 53 15 54 24 15 55 85 97 24 26 79 43 92 34 48 31 4 90 71 26 21 42 39 20 7 68 25 66 63 27 37 38 33 12 17 11 82 16 90 53 74 13 65 74 12 7 85 66 41 17 18 6 25 89 74 8 86 45 6 2 67 89 61 19 19 40 87 74 11 26 81 19 46 76 8 48 94 77 36 79 78 14 14 13 84 78 65 86 57 17 23 92 43 20 35 9 24 57 70 14 48 95 65 23 79 63 74 31 92 21 55 21 13 73 91 62 9 25 1 71 55 80 84 46 70 62 68 88 64 1 37 82 47 23 58 94 40 64 74 96 41 32 53 47 71 53 9 55 42 56 85 99 61 86 72 87 67 86 92 13 17 79 57 91 19 59 20 67 83 96 31 21 28 78 90 10 6 5 70 7 71 47 87 29 57 15 69 64 40 68 33 66 12 21 28 5 36 2 46 99 77 6 41 24 8 64 34 92 91 17 53 60 90 11 8 17 36 81 12 45 22 92 7 89 60 83 2 50 29 92 83 69 36 19 74 82 75 63 54 22 6 56 6 86 86 35 11 72 25 43 47 60 56 40 69 76 72 79 20 11 99 65 49 98 55 81 44 81 48 26 39 19 76 10 36 77 74 33 33 87 92 68 7 95 62 13 9 77 33 4 76 8 17 54 83 1 31 16 38 41 29 13 13 26 94 89 46 55 61 76 93 20 58 34 16 30 52 89 38 95 9 52 57 32 38 72 68 23 81 67 72 74 25 14 32 46 5 44 43 28 52 14 50 36 56 77 18 72 54 98 80 18 54 79 70 35 89 53 61 7 44 92 59 84 68 23 28 3 97 10 93 9 86 78 79 58 70 96 13 26 52 40 36 91 95 71 29 94 47 33 23 19 85 97 74 46 53 81 40 76 92 81 85 89 42 98 51 93 32 99 90 27 30 29 22 44 46 90 63 79 9 40 49 63 58 12 90 98 21 35 28 78 90 25 98 72 68 55 64
60 11 54 30 14 23 51 1 23 4 7 6 12 28 14 68 85 26 14 60 21 63 22 76 22 30 37 50 3 42 32 3 38 44 78 8 93 42 59 27 9 64 60 84 8 13 14 52 72 2 34 34 51 15 82 27 73 37 97 69 3 78 2 25 26 68 36 99 78 2 77 61 36 45 79 36 80 93 46 7 74 89 86 64 1 51 47 58 80 80 7 41 71 36 48 49 56 19 72 26 18 4 42 72 72 8 85 43 2 21 27 43 12 34 20 67 25 51 59 1 47 60 30 17 79 6 48 76 77 93 48 12 30 20 23 49 27 90 91 47 51 7 47 24 51 35 2 21 44 17 94 72 38 42 39 22 91 83 36 62 86 35 28 76 72 99 27 11 89 3 61 56 68 96 38 2 14 21 75 5 51 65 9 20 5 34 44 3 1 24 76 78 51 9 97 7 24 65 38 72 55 66 16 39 82 86 86 81 46 36 78 86 39 91 95 15 3 20 78 14 10 66 36 85 50 82 67 11 3 20 65 90 6 57 54 97 13 38 43 12 81 9 18 50 74 7 15 61 78 69 32 46 45 85 12 11 71 86 79 22 97 6 76 41 43 60 64 2 8 73 33 38 91 99 26 94 89 28 26 98 40 8 42 31 17 15 36 59 18 68 44 81 97 6 14 85 94 66 67 93 55 50 87 58 20 57 76 62 67 54 93 77 93 76 52 14 26 48 40 2 33 70 46 34 63 32 90 84 91 51 53 93 7 36 79 95 83 21 21 90 65 47 41 57 5 99 30 83 26 99 24 38 52 61 43 59 43 1 28 60 49 78 80 95 93 26 28 63 7 55 5 52 90 52 62 48 4 77 78 43 79 90 25 26 66 54 92 55 4 14 76 95 75 75 48 62 77 96 2 26 19 78 50 96 87 1 13 92 58 99 50 61 54 35 5 67 55 42 39 84 71 78 36 34 77 30 57 85 57 80 79 97 72 86 21 25 82 61 1 66 21 60 62 72 42 43 59 84 97 48 87 75 65 94 51 42 34 95 31 61 75 53 26 11 66 12 63 85 77 67 90 53 40 87 92 64 52 55 69 73 10 69 64 87 46 91 27 58 6 90 45 97 9 60 71 44 40 43 23 60
15 31 33 6 32 29 17 3 35 34 14 11 11 36 79 85 64 45 73 2 55 11 87 36 2 73 65 34 20 1 29 46 98 28 39 97 25 90 49 74 46 87 6 46 6 92 53 41 22 66 46 47 42 65 48 39 68 36 24 2 7 11 99 94 30 38 70 47 53 87 44 28 1 33 9 56 98 71 10 7 81 4 1 27 71 54 24 34 43 47 89 75 17 12 40 16 76 45 33 36 1 82 66 44 34 72 18 9 5 3 43 4 79 37 13 8 96 63 58 13 55 21 24 74 65 42 38 23 28 27 83 93 46 32 43 33 42 28 9 39 64 97 40 54 4 98 46 25 28 55 80 53 30 97 79 14 64 37 83 68 38 55 9 23 94 13 35 24 23 84 60 4 64 58 2 15 31 14 67 12 98 27 24 22 94 35 5 2 25 89 51 5 29 67 1 1 76 78 75 98 5 27 58 68 64 69 82 91 8 81 7 59 8 63 83 48 11 21 73 33 61 20 68 31 27 58 5 5 22 87 33 73 15 10 4 87 70 81 4 73 59 33 74 42 15 15 54 23 57 61 46 31 14 46 34 27 70 92 22 24 5 42 93 3 50 5 22 82 96 34 10 91 97 28 41 68 64 3 95 41 55 27 43 28 27 56 71 1 99 78 38 45 43 17 37 93 27 5 92 56 36 19 2 34 3 48 57 25 69 48 82 51 27 99 73 22 13 64 63 64 18 2 82 67 98 25 84 87 68 94 71 24 73 8 74 1 50 85 78 17 81 11 49 81 16 89 77 92 99 52 42 11 76 64 74 1 83 94 87 46 84 36 64 87 67 9 61 28 96 13 78 22 20 48 23 94 20 27 52 69 80 93 91 27 86 99 86 49 18 41 60 37 11 11 30 22 41 64 58 57 62 96 14 92 13 6 97 90 7 2 40 54 55 21 98 62 77 30 42 53 75 51 7 81 31 20 65 64 78 5 94 52 60 22 4 72 70 68 99 64 37 21 78 62 35 75 51 67 16 92 19 60 88 58 65 37 54 78 88 9 35 95 69 18 49 78 68 91 10 82 85 50 93 48 37 64 31 15 93 9 83 76 85 96 56 31 77 38 97 49 61 74 95 85 96 36 51 92 92 2
4 17 1 89 30 58 52 14 48 81 17 11 47 12 22 31 23 75 54 21 46 72 80 81 78 60 56 13 88 14 47 1 36 17 93 48 27 32 75 34 21 3 31 7 55 77 62 38 22 36 6 26 55 54 28 85 31 55 90 97 47 3 29 70 98 40 71 22 38 36 63 64 10 22 26 87 25 14 3 14 87 89 61 84 20 78 15 88 11 69 3 82 47 25 39 44 27 73 34 96 2 72 80 57 19 9 57 36 17 72 6 91 90 44 58 61 72 30 21 90 30 61 83 83 6 97 62 8 39 90 71 99 72 95 1 65 70 23 27 33 23 10 59 78 86 59 18 2 14 83 87 29 29 21 8 52 55 17 45 98 2 61 59 88 71 13 10 85 30 86 56 86 22 6 20 16 56 42 5 62 7 46 72 77 61 9 29 42 14 61 84 10 43 52 83 22 3 56 40 84 35 63 43 43 35 90 88 55 76 48 37 4 18 11 56 16 25 12 96 50 70 83 37 13 42 66 70 76 39 68 96 18 55 91 9 1 31 13 88 88 97 63 63 81 74 51 16 44 72 16 46 10 91 88 52 51 12 85 92 46 39 99 96 67 97 64 14 29 51 51 91 33 64 93 1 32 71 43 3 90 13 84 76 87 81 38 55 4 37 5 26 64 35 32 27 57 27 70 7 32 53 16 64 87 50 96 56 4 2 53 42 60 41 4 24 83 66 42 34 83 48 35 9 23 62 68 5 50 3 34 33 32 95 61 26 9 24 2 99 59 82 46 91 66 49 15 97 7 51 45 90 74 4 65 75 3 48 12 8 64 90 68 99 22 76 95 61 11 63 79 31 63 61 34 78 7 57 94 28 56 9 62 64 4 97 74 88 53 96 93 38 30 28 49 79 5 69 80 43 89 45 45 76 73 15 95 80 78 72 14 36 29 63 22 16 64 35 53 75 30 63 97 99 68 26 25 73 6 31 28 35 81 38 90 80 92 62 12 63 67 81 29 94 62 77 40 8 18 50 52 87 9 99 23 21 3 90 60 52 96 73 96 56 63 74 96 93 67 24 87 56 21 13 79 91 99 98 51 83 70 67 40 14 97 40 99 99 23 91 62 8 73 40 46 15 80 99 78 75 21
56 6 45 61 34 78 31 93 37 17 14 54 8 98 10 12 52 2 11 12 17 3 15 85 38 55 10 3 30 11 28 39 40 40 34 12 28 51 24 69 79 32 53 35 39 73 45 4 58 83 77 11 85 17 79 21 60 52 45 19 19 25 75 7 65 59 22 27 86 11 91 83 91 40 41 12 24 30 21 20 2 59 44 42 90 9 65 39 23 39 29 13 93 19 2 25 48 72 19 48 46 14 2 7 34 83 94 8 14 89 86 8 70 61 25 27 60 40 13 47 97 86 43 69 3 26 44 12 40 67 96 13 73 77 81 95 69 42 94 5 14 3 57 71 86 69 98 90 13 34 31 33 23 32 25 76 64 19 42 43 30 90 2 25 47 20 1 88 89 88 1 13 36 83 69 70 40 93 48 47 53 60 41 76 79 79 26 77 40 33 34 15 41 52 97 37 17 62 73 10 1 13 42 62 23 50 48 35 1 47 19 9 77 97 31 74 55 73 58 73 65 31 70 73 7 63 76 42 84 58 15 47 46 25 31 12 55 89 76 93 5 31 48 56 64 50 56 60 90 68 83 67 9 4 55 58 52 56 52 75 80 57 79 22 29 41 1 56 25 74 95 96 57 20 79 47 33 20 38 16 69 16 36 62 16 33 21 13 3 82 20 54 80 72 44 72 93 43 28 44 60 17 70 40 55 84 27 87 31 53 75 28 6 64 44 85 6 76 70 18 65 64 75 93 41 34 18 74 48 54 76 47 10 26 68 97 35 77 6 85 54 41 74 93 83 45 77 79 66 98 19 49 45 1 93 9 60 1 20 42 39 54 61 42 14 69 56 77 53 38 34 66 5 39 91 78 37 75 94 62 72 71 69 95 25 1 6 30 45 82 66 55 36 67 61 17 47 28 54 80 38 71 35 36 84 72 19 76 97 89 92 44 83 22 46 7 84 40 11 79 72 43 14 63 22 1 57 4 89 26 76 63 93 46 42 65 69 17 41 27 44 46 31 29 12 86 32 15 32 81 85 74 30 64 29 97 91 29 85 2 29 28 97 41 65 83 58 34 80 23 37 32 71 88 85 87 61 68 36 82 84 19 74 58 95 61 74 97 71 53 71 17 15 43 64 68 74 63 86 12
9 69 13 23 1 1 48 61 21 22 64 79 98 12 46 1 12 6 23 82 1 84 9 6 68 5 11 4 45 28 87 81 37 68 62 10 4 37 28 28 2 76 13 9 7 18 18 30 27 90 56 69 85 83 32 40 72 32 1 66 64 31 78 35 73 47 7 51 63 70 17 16 57 2 53 59 5 79 77 97 53 87 11 5 66 58 25 69 28 61 84 91 64 13 44 90 80 21 32 96 23 20 21 30 56 26 38 93 18 81 78 25 35 22 39 56 49 51 13 54 27 52 55 3 26 17 40 19 3 71 1 35 16 34 41 57 47 16 6 5 38 46 25 62 27 42 9 75 24 5 20 64 4 7 5 44 71 11 33 33 93 17 25 42 27 75 47 66 8 61 70 89 68 45 25 36 3 73 75 55 50 44 81 93 68 55 21 41 2 81 22 12 42 85 48 80 17 6 53 1 24 96 65 55 43 94 98 60 64 93 29 96 39 26 11 55 20 94 90 38 46 51 37 78 30 40 7 60 67 54 28 35 65 9 92 17 25 28 24 18 95 27 88 51 85 74 92 29 51 50 47 96 95 81 39 88 51 95 84 50 51 49 40 47 19 68 22 52 61 41 49 17 56 53 1 52 3 78 56 12 23 22 93 7 90 20 28 58 98 74 21 34 64 93 47 14 91 62 62 6 34 17 50 83 74 26 67 67 34 66 76 29 82 53 6 18 25 6 89 62 71 30 83 20 11 75 13 19 15 41 21 8 95 84 96 44 59 82 55 24 80 47 2 6 77 7 47 26 61 69 5 39 87 77 48 65 72 68 90 73 57 29 14 50 90 7 93 66 91 10 57 18 93 87 71 80 61 89 80 69 28 21 86 11 32 71 2 43 60 8 32 52 43 76 45 62 64 87 7 19 11 88 60 35 39 71 94 78 85 90 87 67 1 67 94 48 61 84 64 69 31 83 79 79 22 93 78 63 68 94 62 45 93 95 53 40 64 48 84 85 51 55 35 77 89 98 47 68 18 84 8 43 27 42 77 72 80 37 88 50 82 3 47 65 96 65 73 68 97 74 34 5 79 70 76 4 31 29 78 73 1 66 45 85 96 7 79 23 96 80 61 32 43 40 91 89 75 84 63 82
76 47 62 38 48 27 21 55 4 89 20 45 19 67 38 24 54 27 2 39 32 23 4 13 18 96 31 90 18 8 24 44 33 25 4 24 47 1 2 8 90 32 49 35 55 71 43 21 29 5 10 5 69 78 17 94 51 11 60 51 82 13 86 23 68 51 4 68 52 96 12 40 8 78 48 23 83 29 26 40 65 77 20 22 41 68 2 96 87 74 15 32 64 63 13 47 29 12 76 19 42 54 85 35 32 14 96 12 63 76 99 46 72 87 10 72 87 71 93 53 5 21 11 17 49 39 63 99 88 26 34 22 54 71 28 20 26 53 10 79 22 47 96 77 22 30 55 59 47 71 13 60 45 2 50 32 6 78 21 27 3 11 41 66 44 98 77 30 23 29 62 17 40 3 93 18 35 61 55 5 80 10 18 93 63 23 8 89 47 47 17 77 50 62 53 69 56 15 17 11 97 74 9 50 82 76 53 80 27 38 20 35 43 60 98 11 66 12 30 88 35 62 79 21 45 64 85 5 71 34 35 94 54 95 85 29 29 54 20 7 86 75 25 82 82 87 35 6 33 72 96 53 83 2 12 69 34 34 94 85 51 24 66 83 93 70 99 84 91 37 56 27 73 45 18 43 48 69 94 74 65 76 60 82 21 33 26 84 57 54 21 72 62 40 95 16 16 39 13 20 79 72 71 39 92 41 69 54 39 73 33 96 12 18 40 80 74 79 41 37 14 82 51 80 91 64 88 80 81 67 99 93 47 26 84 50 66 57 45 67 2 58 22 61 25 76 92 67 63 14 75 78 22 65 2 6 77 45 20 30 13 90 13 78 11 49 17 67 75 59 2 60 99 62 7 81 68 6 18 28 44 21 50 64 25 5 21 91 84 88 11 37 91 23 48 48 82 26 7 53 38 81 33 42 92 23 84 72 37 9 54 44 94 86 29 65 76 19 36 13 24 2 50 91 13 30 89 89 83 80 71 59 61 14 77 56 79 78 47 47 31 25 33 73 98 40 93 91 79 56 97 91 15 81 27 64 16 71 58 82 14 87 88 37 46 2 83 28 79 58 28 95 78 97 47 33 79 78 94 92 60 96 67 45 99 85 52 24 16 41 94 34 47 59 91 80 39 39 44 39
62 5 1 10 47 70 23 87 43 18 83 19 41 11 3 13 4 83 8 66 37 4 27 5 34 43 11 44 40 52 46 51 46 82 4 94 46 48 28 16 36 67 3 42 76 32 65 68 94 2 10 34 61 81 25 36 40 35 75 9 20 61 33 2 10 89 53 40 4 80 23 64 22 9 1 16 53 68 65 70 88 6 31 19 89 83 11 1 60 76 24 11 24 75 55 54 31 82 19 61 25 83 30 6 75 79 7 76 90 9 30 74 44 47 76 36 1 94 77 47 73 46 91 30 58 79 63 23 91 87 59 85 15 76 29 64 7 87 61 68 61 49 15 1 9 17 79 74 62 91 39 28 40 17 65 78 39 8 46 38 58 54 55 10 66 70 45 25 10 44 32 69 26 70 6 5 41 31 93 51 95 54 69 15 89 52 92 32 78 72 93 63 56 56 2 34 12 76 12 30 34 35 79 58 51 32 96 44 82 15 97 63 79 11 8 72 48 74 3 48 48 49 53 21 68 18 13 91 29 38 44 9 71 71 25 17 69 48 52 11 42 78 77 55 20 93 57 5 79 88 33 27 64 82 76 67 58 29 88 9 16 41 34 35 6 46 87 86 75 44 58 41 3 84 96 75 1 56 1 39 93 35 81 57 71 84 39 33 63 70 66 49 73 76 70 94 22 56 21 10 90 95 94 11 2 20 87 88 45 39 4 12 99 51 62 5 75 18 26 72 90 47 87 65 93 47 94 1 95 39 64 18 54 57 90 7 46 64 80 29 96 12 55 89 4 7 52 42 35 92 4 93 34 4 85 23 16 57 89 83 60 66 55 92 82 76 37 68 19 45 21 54 19 2 78 91 60 16 90 88 72 60 48 89 72 15 78 39 59 49 74 12 72 6 56 40 72 48 87 23 78 60 68 13 27 47 47 91 55 37 57 66 80 66 16 80 20 94 14 70 53 86 91 47 10 97 46 22 99 2 62 44 9 80 43 54 19 32 44 68 74 89 90 33 97 48 16 80 27 45 86 51 74 47 54 6 34 89 88 82 53 95 2 45 7 86 42 85 64 31 67 55 80 40 70 59 77 61 4 47 31 91 88 71 92 91 47 83 75 79 90 33 50 44 70 87 95 82 99 66
12 31 74 27 64 4 62 69 16 12 14 19 24 34 72 52 58 25 88 25 6 35 47 23 63 78 5 74 60 82 6 30 58 24 44 13 67 94 93 67 48 66 11 61 53 2 19 3 99 38 71 61 6 65 34 5 87 65 57 12 78 58 5 24 74 27 7 38 50 85 88 68 22 4 79 78 76 67 35 15 36 65 15 22 1 69 69 3 4 14 37 12 7 56 86 7 77 14 96 53 81 69 10 29 52 54 21 80 52 10 82 4 6 25 54 3 46 10 48 33 93 52 27 99 28 50 45 84 41 8 3 47 61 66 83 42 28 32 33 27 8 23 11 84 93 59 51 48 12 43 32 24 93 94 1 13 70 30 65 48 43 17 80 27 61 55 2 33 84 36 97 17 93 21 17 23 66 26 23 85 58 55 27 73 49 5 71 51 93 60 70 33 45 21 33 39 25 4 22 69 34 59 85 58 97 14 11 49 5 16 65 83 46 13 68 59 68 94 16 33 75 32 53 61 63 86 20 90 82 28 12 16 19 52 97 72 3 87 93 41 9 91 28 24 70 27 58 51 70 3 77 74 9 95 12 33 34 91 53 29 47 92 73 45 20 61 44 82 21 68 14 65 18 62 5 5 18 94 93 42 9 11 1 97 96 76 51 87 36 42 25 31 50 63 98 10 46 80 85 15 95 78 3 81 31 60 9 52 42 78 84 70 14 35 37 22 60 46 85 53 19 96 97 86 46 93 55 18 19 52 93 54 24 26 40 73 84 26 84 7 58 9 77 28 71 28 10 76 71 57 43 11 14 48 6 52 7 14 61 82 57 26 40 21 64 73 81 33 37 45 72 20 46 97 4 36 39 76 98 80 33 31 61 70 38 22 22 52 70 82 30 77 20 86 66 71 77 79 86 69 90 36 77 65 38 95 40 55 4 59 9 81 38 97 70 70 54 92 89 13 95 82 47 28 99 11 41 27 62 41 63 76 98 10 11 31 18 60 29 72 99 84 89 57 7 46 82 86 62 28 35 41 54 25 98 90 96 49 62 41 92 75 71 95 34 95 8 60 53 57 8 50 87 10 5 61 97 62 84 51 19 57 83 18 73 50 43 21 62 52 88 99 91 79 85 97 97 97 87 25
75 9 6 18 19 17 55 58 35 23 66 4 14 13 80 35 22 47 34 18 67 39 35 1 14 93 52 48 25 43 25 99 3 35 56 17 19 30 19 67 22 18 48 48 85 16 71 36 41 41 47 46 9 1 64 67 70 86 95 38 73 16 82 31 97 41 72 33 24 34 33 1 37 27 57 33 27 4 16 11 4 17 81 58 97 8 37 46 26 6 68 12 81 57 97 81 62 11 82 43 5 54 34 24 55 66 69 80 34 67 28 83 74 21 73 33 18 73 46 46 45 19 53 27 33 48 43 68 71 19 14 1 64 18 17 95 43 58 33 29 50 96 39 4 3 52 34 11 55 27 50 97 8 26 48 81 18 18 52 67 96 39 34 6 6 66 3 26 44 51 7 50 93 41 63 15 84 80 13 95 47 47 47 63 30 54 91 54 39 44 81 74 74 8 61 15 5 22 2 70 82 17 34 39 55 63 4 22 65 10 67 8 3 34 45 21 43 57 82 15 52 14 49 14 74 44 64 76 62 81 89 73 20 10 9 78 72 76 49 81 5 38 58 15 16 94 20 68 33 70 45 42 59 81 67 95 89 4 24 19 65 30 76 63 90 80 9 90 32 68 90 62 6 26 99 30 54 45 23 76 74 90 53 75 94 81 47 49 58 13 37 29 1 7 27 32 86 24 39 91 95 23 38 22 5 3 37 44 29 88 88 55 48 83 39 88 67 52 7 23 78 66 52 2 5 68 86 5 69 64 43 70 75 75 50 83 18 38 41 90 2 59 64 20 19 6 23 63 34 9 81 90 86 52 93 93 12 65 65 67 57 49 34 40 24 6 44 47 38 90 60 45 54 91 92 66 91 9 8 42 91 93 59 68 41 88 85 78 80 58 38 76 84 58 98 45 15 10 67 22 63 28 66 52 14 38 5 12 19 84 92 75 68 94 84 64 36 52 15 67 28 51 71 46 82 90 49 95 50 12 61 8 11 92 8 94 18 35 73 94 19 92 63 29 83 83 77 69 36 72 96 74 75 86 69 81 87 42 17 52 77 50 66 50 93 78 50 77 14 76 23 89 79 1 46 73 98 74 6 26 99 12 72 31 71 97 85 92 60 93 52 87 94 60 93 89 77 91 62 18
8 21 18 6 61 63 37 17 25 23 16 62 24 8 20 8 14 3 87 75 73 71 25 45 18 15 25 4 63 91 46 38 90 59 24 41 43 81 21 11 61 34 15 5 53 24 16 56 41 39 81 20 32 49 27 49 56 33 15 6 39 56 44 45 12 4 27 2 65 5 17 39 54 38 27 5 22 37 89 27 13 36 19 83 58 34 86 40 75 51 78 49 16 94 61 26 35 37 56 13 74 37 41 14 92 26 1 32 94 60 45 8 92 79 4 83 74 46 41 1 93 73 44 16 88 94 14 36 62 99 8 13 26 49 14 26 67 35 78 61 10 28 83 2 72 95 6 49 31 64 69 31 84 27 53 17 29 13 12 70 63 13 74 5 10 33 83 70 2 6 13 13 41 76 13 54 68 52 11 35 10 3 29 33 13 60 21 68 91 15 66 29 94 89 2 55 85 95 38 40 31 8 42 41 67 14 17 82 8 34 2 62 26 98 21 93 46 41 23 94 22 56 71 79 41 50 36 38 89 30 53 1 52 76 14 27 96 58 11 84 28 93 43 61 50 56 64 86 68 3 87 62 8 72 89 40 64 39 44 38 15 43 34 84 90 67 81 23 29 27 39 23 56 66 86 99 89 39 97 27 45 36 33 76 96 39 58 45 21 25 93 32 83 87 11 16 9 90 35 64 75 88 40 61 75 38 22 56 65 63 24 98 90 84 80 97 4 30 5 76 75 41 4 93 42 65 97 97 32 91 27 26 13 19 26 79 6 12 93 9 32 36 71 74 4 87 6 52 27 89 59 39 72 57 44 90 72 70 4 8 89 63 57 66 53 87 43 62 21 57 87 42 13 89 75 16 69 92 65 50 50 79 52 81 76 46 32 68 6 71 81 10 12 95 97 87 36 84 20 64 54 75 98 39 77 85 70 81 74 54 63 57 50 34 25 48 41 14 58 99 48 8 88 26 83 54 37 94 6 74 37 46 92 12 74 68 72 66 66 69 82 48 57 64 42 53 55 61 27 60 84 99 1 41 86 53 42 94 51 89 27 38 74 82 16 98 59 30 63 91 73 98 53 94 84 1 6 87 59 72 42 52 87 70 78 49 77 46 80 90 69 99 71 87 48 18 45 15 83 75
4 6 21 49 21 71 22 5 42 51 7 15 18 99 12 94 60 95 12 12 41 36 30 94 51 30 17 78 21 13 11 30 34 29 77 22 94 75 3 86 92 22 64 7 43 33 72 71 63 16 19 17 20 29 12 6 48 2 4 17 75 50 40 58 13 4 36 91 51 22 33 87 79 31 20 22 11 57 15 66 19 22 36 4 58 12 58 28 31 6 32 86 45 68 47 75 46 52 39 5 45 44 90 58 26 56 14 94 52 1 52 13 10 6 11 98 47 33 18 78 4 32 9 81 46 5 84 31 24 28 14 9 68 93 95 37 47 91 2 48 93 55 43 71 99 16 63 96 50 61 50 4 73 83 98 64 76 72 51 8 4 91 27 76 35 35 68 17 81 29 4 83 26 37 44 90 17 27 72 45 11 89 73 42 23 35 14 67 29 40 28 81 57 61 80 92 82 56 55 69 47 56 76 13 5 5 29 1 43 31 92 33 3 44 90 96 12 50 41 74 80 72 1 71 80 67 43 60 56 43 45 76 78 78 52 40 33 85 43 30 2 97 47 12 48 85 95 23 64 65 9 38 88 17 20 61 48 26 95 71 48 85 21 91 90 14 85 52 89 24 77 35 37 5 23 18 93 42 92 5 41 94 26 28 21 52 31 98 72 43 95 78 33 53 7 83 58 51 54 87 35 47 92 28 26 28 76 31 40 1 80 63 5 6 19 36 10 27 82 33 41 84 22 41 87 76 87 82 35 58 81 77 92 82 98 73 63 23 94 59 3 22 21 87 93 53 85 21 56 18 89 37 87 69 32 70 39 91 73 2 99 12 91 38 99 74 48 36 37 20 66 87 14 39 28 45 98 48 1 18 9 23 95 54 73 45 48 75 24 92 74 72 76 58 27 47 20 78 72 67 81 19 70 68 72 58 28 43 16 55 39 63 47 56 76 26 84 59 98 49 65 76 73 85 39 67 6 97 43 42 43 86 80 87 66 3 61 72 58 34 96 71 27 92 69 25 41 34 87 74 9 94 65 45 58 41 53 22 19 80 25 36 94 60 83 64 65 30 34 40 55 94 51 76 38 32 19 76 20 81 71 93 65 28 1 31 75 58 37 45 77 84 79 98 66 85 43 70 93 12
2 51 25 61 9 80 14 34 28 62 84 32 53 33 58 1 8 7 24 19 21 33 21 31 60 29 54 97 67 26 99 2 5 62 13 61 33 35 89 14 9 17 35 41 7 60 9 25 32 79 61 27 74 15 21 66 15 51 15 36 41 81 53 44 42 24 33 6 33 62 85 54 4 41 89 13 37 62 5 17 39 6 82 80 15 11 28 61 20 7 94 21 16 30 75 42 6 14 15 3 93 14 14 35 67 59 34 44 31 24 85 72 4 86 22 43 18 13 2 45 62 89 94 74 34 2 16 52 90 15 48 83 36 73 70 88 34 66 30 38 99 7 13 16 51 8 3 10 63 32 87 74 62 94 34 39 17 89 66 37 62 83 56 40 73 65 75 83 8 3 56 64 33 46 76 67 15 10 64 10 58 31 28 36 76 51 36 26 25 11 48 53 28 64 85 11 70 47 88 63 57 88 61 76 46 16 75 29 3 22 74 34 10 16 32 15 98 60 43 99 76 60 84 65 72 64 54 10 13 21 77 8 4 47 90 23 21 3 32 3 84 29 19 14 74 2 87 87 47 26 33 50 50 28 72 50 62 18 26 74 47 84 63 21 1 61 83 64 4 15 27 56 66 19 96 71 58 97 13 23 83 3 40 64 3 75 68 66 91 34 83 74 9 58 62 43 93 15 86 1 28 39 85 70 99 3 10 99 59 4 52 25 62 89 77 77 26 35 71 6 81 35 14 98 29 42 15 53 31 87 32 64 46 49 51 1 29 99 7 15 77 30 85 89 64 79 95 59 8 69 77 40 92 35 72 70 71 1 60 91 41 64 78 32 5 76 19 73 63 65 20 48 73 42 58 62 43 34 69 83 33 34 42 22 68 51 42 2 77 10 45 52 93 83 86 39 80 50 90 66 7 44 44 14 47 76 59 28 70 17 69 9 83 58 89 13 64 16 90 22 33 5 17 50 11 18 75 93 96 76 47 14 94 60 69 24 30 97 34 35 7 73 93 61 98 18 64 90 79 48 66 49 44 87 12 23 1 56 45 66 91 44 54 79 35 88 21 50 13 96 73 48 85 47 33 75 72 4 59 63 98 80 16 64 61 43 81 89 99 96 79 42 86 7 28 67 44 88 68 19
9 24 85 27 8 17 58 43 3 7 13 62 10 28 61 10 9 13 86 19 58 1 7 91 79 35 89 75 49 66 43 15 48 70 5 41 84 49 94 61 3 35 16 54 12 74 34 21 24 5 82 82 16 16 30 63 2 50 9 5 20 2 15 83 76 3 48 24 11 30 19 14 98 72 20 99 50 67 94 84 11 65 91 2 5 63 38 40 61 41 18 38 38 27 57 25 29 60 10 48 99 35 99 59 49 19 1 5 14 86 27 66 13 13 92 63 28 74 24 82 68 26 69 70 60 60 38 88 7 37 74 18 49 36 19 16 62 41 16 83 14 46 69 63 31 38 54 30 66 81 3 71 4 11 69 75 10 87 64 31 34 36 45 5 63 15 77 35 81 79 84 20 10 2 41 46 50 72 25 24 4 46 19 62 3 18 78 53 93 57 26 84 29 33 6 1 60 86 41 1 86 13 78 37 21 86 17 80 65 43 21 67 62 48 29 86 13 86 41 36 52 88 49 37 22 40 56 14 64 9 81 58 47 41 48 79 20 6 34 79 93 52 37 41 63 57 13 13 39 15 28 88 88 82 97 23 55 9 60 41 99 45 27 39 40 67 59 41 79 19 7 68 49 16 83 67 36 60 24 48 50 50 41 56 50 20 72 87 22 5 43 23 30 51 82 77 8 93 53 51 72 62 33 83 53 58 78 67 3 19 13 35 61 41 90 39 71 88 69 91 42 73 38 45 82 73 2 50 96 3 75 18 97 73 30 37 39 9 82 91 30 83 25 1 68 26 76 48 3 70 57 78 67 94 22 69 82 53 95 68 1 66 83 40 91 60 50 27 97 65 89 65 59 51 32 64 62 69 13 76 37 77 11 84 10 84 83 61 47 38 3 66 79 71 93 83 99 64 94 62 93 67 76 78 3 63 2 37 80 72 55 4 19 77 26 50 67 54 13 46 64 21 7 19 57 94 48 24 82 79 60 6 55 88 42 76 93 61 82 33 98 40 61 75 38 25 94 50 33 43 12 13 49 98 93 69 98 33 41 66 76 70 45 81 87 25 57 84 58 30 73 81 72 2 50 91 99 77 59 81 53 97 13 18 59 90 66 95 34 26 52 85 59 56 81 16 96 5 90 19
65 15 5 22 82 1 94 73 4 6 41 17 3 58 20 16 79 82 32 62 18 36 89 86 17 43 90 4 7 95 58 42 10 26 47 53 3 1 66 41 10 36 47 87 53 2 4 7 28 8 51 98 82 15 3 62 20 42 5 46 57 36 58 72 4 28 52 6 42 11 53 7 82 13 28 42 65 4 60 90 4 6 64 69 33 59 3 64 38 14 95 2 84 45 34 20 12 78 90 41 25 1 75 38 17 96 48 74 93 50 16 4 48 88 48 27 20 23 79 57 3 11 37 92 11 15 46 10 19 72 67 39 55 9 51 12 56 28 18 22 88 88 33 30 6 17 65 13 64 25 76 51 36 67 9 91 2 29 51 89 6 96 82 73 29 19 22 6 69 98 57 42 84 48 92 38 78 32 72 97 36 10 51 36 29 93 39 29 45 28 13 89 12 31 31 90 84 18 65 61 82 70 92 35 76 97 24 59 82 62 67 1 41 97 46 92 84 45 15 36 14 6 15 71 12 30 28 86 44 79 13 96 97 89 76 58 43 53 92 90 2 2 47 15 49 15 4 59 1 31 59 5 36 31 57 16 9 10 52 79 39 59 57 96 30 12 83 55 73 97 73 31 81 86 29 67 27 26 2 81 99 85 6 84 50 23 86 88 66 67 30 5 3 50 65 23 38 27 48 97 22 61 44 70 6 76 61 11 87 98 32 29 26 89 97 74 91 46 50 44 73 76 21 55 32 79 15 59 11 7 55 55 43 81 80 71 15 70 56 22 14 53 72 40 62 63 86 83 96 39 83 21 95 64 73 94 31 97 2 48 6 79 87 80 66 18 41 81 14 32 58 44 68 10 53 49 10 53 91 37 52 11 86 51 11 93 79 36 72 29 44 7 16 26 92 82 94 14 82 44 99 10 70 72 56 44 40 33 73 16 71 86 71 19 13 60 96 93 88 77 39 66 95 85 45 87 35 55 42 70 35 3 20 50 97 61 37 84 26 92 94 73 35 42 88 24 87 63 85 10 97 56 93 2 58 60 48 55 64 61 64 61 57 93 90 91 78 12 73 90 15 74 40 85 81 90 58 53 82 76 99 46 65 99 94 23 76 50 31 1 32 29 62 81 44 35 28 81 72 62
