20 500 42519 23.91
70 27 37 50 65 8 1 45 22 13 31 20 4 14 6 19 44 4 27 58 69 72 33 61 5 93 24 10 26 90 10 15 81 20 11 55 33 10 73 92 22 8 29 14 26 18 71 21 99 12 65 40 11 40 65 16 93 44 46 7 29 18 33 86 53 20 74 17 36 63 11 3 5 27 5 35 5 36 50 9 39 72 73 45 8 92 16 81 74 70 14 9 45 35 13 55 52 91 34 37 19 20 37 12 59 98 94 92 47 76 26 4 82 48 5 9 3 16 44 41 70 23 61 15 33 77 53 83 22 64 89 17 58 14 26 84 86 93 54 99 11 8 36 11 38 35 8 63 49 28 9 69 68 65 8 30 49 76 27 88 24 90 86 17 97 22 53 2 1 51 88 12 51 87 67 4 58 55 39 35 3 8 77 34 9 77 29 60 15 6 6 50 21 37 82 70 9 38 74 3 12 22 36 18 28 68 56 28 39 69 38 62 92 79 5 77 86 34 95 44 53 76 70 22 65 69 12 86 83 66 78 29 93 92 69 5 50 80 6 30 32 5 84 82 56 90 10 68 52 28 55 34 87 54 83 74 32 79 54 81 65 34 97 16 83 38 96 11 53 43 17 70 19 61 30 12 95 42 37 17 65 29 88 84 1 35 59 42 28 39 32 59 13 98 33 57 12 48 39 15 11 97 22 31 40 95 15 17 30 77 11 11 68 24 34 41 18 58 24 92 13 66 25 94 76 53 11 13 68 59 73 22 78 42 41 77 55 63 33 60 43 99 57 26 85 6 14 6 19 48 73 77 22 22 3 49 51 12 33 14 77 53 90 44 95 81 84 75 50 93 74 53 62 95 85 65 81 69 49 41 45 54 93 79 50 33 80 37 80 15 55 97 32 63 74 37 67 55 95 97 64 66 70 93 73 41 84 41 27 60 35 83 46 77 47 60 80 16 58 69 22 58 50 55 88 81 53 20 89 83 47 90 96 30 68 72 38 87 49 47 68 20 45 88 40 74 86 78 99 88 84 76 59 77 66 45 93 41 45 96 64 97 61 89 86 98 57 72 71 48 44 72 38 26 20 88 88 94 92 63 69 93 96 73 71 78 84 54 97 63 40 9 20 42 94 93 40 50 85 58
65 23 4 10 73 20 42 63 12 13 16 20 8 9 20 7 70 6 93 2 30 15 51 12 41 1 5 30 28 24 83 14 75 33 41 35 15 8 2 38 26 42 6 33 15 32 27 13 40 22 51 21 37 1 6 29 29 3 51 43 3 81 42 16 45 25 9 46 9 1 25 91 38 41 28 71 30 57 69 7 96 39 74 84 70 28 83 28 11 4 54 58 74 58 38 18 33 88 24 59 54 99 61 51 27 49 21 63 33 20 27 98 44 85 70 26 97 84 8 88 81 16 36 18 76 22 33 60 81 69 97 4 7 24 19 31 26 45 27 74 55 67 99 81 30 43 13 27 41 24 31 80 32 56 43 46 43 55 53 72 61 88 59 10 41 96 95 81 74 29 56 30 32 69 13 71 36 65 8 24 63 61 50 74 49 47 92 65 14 18 77 1 4 86 87 21 58 31 34 17 98 5 29 53 8 68 9 81 99 37 91 1 48 5 56 17 34 26 31 90 48 83 11 39 20 46 48 14 39 10 56 52 56 26 70 59 78 72 29 18 64 26 81 74 17 87 84 58 93 18 66 49 80 83 28 58 95 92 70 13 13 75 20 59 23 63 67 95 40 9 96 16 40 70 24 65 11 60 92 26 5 87 15 91 17 2 96 55 26 36 42 54 69 15 65 92 29 5 10 36 47 13 17 93 81 53 46 4 69 58 89 98 41 82 43 51 90 27 41 23 90 46 93 80 68 82 33 33 94 85 12 69 11 18 28 18 23 57 96 62 85 6 99 59 55 16 42 92 57 70 12 72 75 94 47 26 90 19 38 38 28 25 33 27 98 34 78 29 87 98 15 89 4 90 65 96 50 63 77 93 44 51 84 60 58 85 90 86 70 98 80 27 61 94 78 60 4 10 34 64 51 95 23 15 67 48 86 74 72 87 3 2 13 22 64 85 36 22 19 35 88 5 75 29 79 63 82 14 19 93 15 92 86 39 75 60 37 58 47 79 33 24 73 70 46 16 55 58 51 6 80 42 71 35 58 90 80 49 41 61 33 3 48 23 80 7 7 34 86 26 79 70 56 83 23 79 80 96 15 99 40 77 25 60 11 87 34 74 34 90 82 97 97 58 84 79 48 89 64 2
45 14 31 70 38 3 35 61 16 5 82 53 39 8 13 82 2 31 44 17 23 16 26 3 36 19 10 8 83 86 15 84 44 40 74 51 46 85 79 15 19 88 62 52 11 12 92 8 21 3 74 69 16 21 90 38 25 79 1 39 11 85 35 66 39 56 10 7 70 19 47 20 73 53 96 60 77 24 75 78 19 10 52 6 18 31 13 62 91 7 8 48 69 39 39 10 34 59 92 53 49 13 57 71 81 27 96 46 27 39 25 16 57 18 25 95 83 94 57 15 53 59 40 47 60 11 65 56 68 20 51 92 84 10 37 30 38 26 77 50 58 32 7 80 72 23 25 70 7 64 67 76 24 33 23 94 20 21 61 31 6 15 47 87 85 2 23 75 63 98 50 51 71 5 83 86 83 98 51 32 43 93 57 15 78 42 93 73 92 95 12 12 77 22 94 60 82 26 44 65 53 33 39 57 81 19 9 18 68 61 57 26 83 74 30 5 52 80 80 44 12 49 66 97 81 93 11 57 35 86 90 63 77 98 2 44 3 50 71 84 8 95 30 72 30 27 33 35 95 86 38 39 18 16 25 87 77 11 37 93 89 18 59 17 45 73 21 16 83 97 69 10 29 49 42 57 81 61 18 72 97 96 6 93 83 81 85 50 72 86 94 71 85 74 23 69 89 69 95 40 88 51 77 23 28 16 63 35 72 86 90 97 72 18 6 59 99 59 60 14 89 22 25 91 45 50 70 89 2 90 19 28 34 69 87 89 62 66 34 87 48 30 85 16 53 65 86 14 56 49 4 45 8 46 97 94 24 44 64 60 45 59 94 72 51 86 49 40 60 21 77 94 47 27 37 3 65 11 5 26 71 65 69 23 22 9 22 78 26 59 25 12 8 56 1 49 55 95 40 4 27 41 13 18 92 28 86 99 61 22 85 72 34 69 30 96 94 41 72 81 83 74 60 24 23 34 91 88 31 38 71 88 86 64 63 25 60 61 21 95 83 91 5 26 81 70 74 91 87 48 89 39 52 3 59 74 98 58 92 25 87 14 73 44 46 67 55 14 80 98 88 30 37 42 99 31 64 34 43 63 72 81 93 43 30 98 81 76 39 27 53 16 42 80 61 93 52 90 62 17
1 39 33 23 15 48 23 31 15 63 48 54 3 65 30 5 35 87 27 66 15 35 32 81 20 26 37 52 53 12 1 99 10 14 27 24 33 44 22 25 80 36 7 43 12 34 37 21 66 90 43 90 81 6 93 54 84 84 2 8 45 10 42 98 47 2 14 96 70 69 31 28 14 11 7 68 61 47 4 11 37 41 72 97 81 71 43 41 52 27 53 45 14 17 37 62 46 45 73 21 12 9 37 45 66 28 74 5 10 78 97 22 51 41 73 13 48 10 34 67 49 26 28 1 70 95 69 93 34 26 16 37 56 34 57 75 58 11 33 23 2 20 33 58 51 33 38 47 41 85 86 46 80 11 2 6 78 44 27 79 49 23 65 9 55 20 5 88 4 66 85 70 71 61 25 29 63 39 38 69 16 52 69 5 74 91 83 56 8 36 30 91 46 65 58 42 36 44 44 22 81 57 95 7 62 59 62 87 49 38 5 55 37 37 2 30 46 31 32 12 55 14 78 14 73 38 81 84 79 45 68 67 82 40 73 5 7 21 59 65 91 11 12 83 95 45 37 41 37 30 69 84 1 97 27 40 62 60 9 47 16 27 69 19 36 92 16 26 65 1 91 19 82 60 17 75 24 14 74 28 46 54 56 57 53 39 49 89 75 60 66 63 59 3 82 46 20 8 31 17 62 90 13 52 35 43 87 87 30 35 63 60 84 1 99 26 35 39 91 41 31 6 49 34 43 3 29 13 75 50 27 66 14 42 95 37 67 3 50 72 8 81 98 91 43 86 57 77 74 6 59 59 71 34 56 72 91 80 42 10 98 51 42 64 80 57 36 10 50 44 51 56 14 5 27 73 37 80 88 86 53 49 84 32 77 67 41 16 98 96 10 22 51 13 46 97 89 94 62 9 87 73 57 14 61 77 35 70 65 31 53 56 49 17 88 38 15 79 75 60 93 60 81 13 3 54 58 55 97 92 16 75 75 83 28 79 45 66 60 56 36 99 33 15 66 54 59 17 65 38 61 6 96 14 1 50 67 71 78 20 91 69 85 12 79 85 60 78 26 34 85 68 30 79 56 46 88 99 59 46 69 95 56 52 66 66 32 18 77 59 39 55 13 71 79 85 69 98 21 66
15 70 14 14 34 54 8 2 71 63 27 57 49 44 83 17 2 25 45 29 20 17 46 31 85 31 69 13 90 34 61 61 13 2 50 20 44 13 14 23 58 9 8 41 54 10 39 46 14 89 40 63 45 23 13 11 43 23 12 80 16 64 69 53 75 63 49 82 18 6 96 23 14 53 30 23 94 4 39 33 6 10 79 27 74 15 66 54 24 8 22 7 58 9 59 7 65 14 88 90 68 63 21 54 34 64 12 38 81 72 84 57 68 93 32 13 55 76 23 76 36 71 19 45 8 89 58 38 99 73 95 70 50 87 57 43 31 41 33 19 91 44 27 49 11 52 72 35 26 3 15 7 1 66 91 89 6 92 78 38 76 50 28 24 62 75 72 82 89 39 43 51 39 27 92 68 75 13 49 32 87 49 30 37 32 53 31 19 43 37 2 9 33 11 68 66 96 96 56 90 64 83 92 26 46 83 42 70 20 2 88 14 74 84 70 68 1 96 65 86 55 24 9 70 58 26 98 3 40 37 46 59 49 81 51 94 4 11 10 4 81 62 60 4 24 1 66 86 34 80 29 47 17 97 13 16 77 43 94 5 47 92 61 47 18 44 65 66 23 71 28 38 50 56 77 63 93 39 85 17 79 53 94 30 33 80 28 54 89 3 16 18 51 89 93 90 19 32 37 72 69 26 13 6 19 20 79 3 63 43 31 16 79 92 75 83 66 84 96 81 69 97 96 65 16 49 79 51 76 67 63 38 47 9 61 23 18 43 25 30 2 60 80 79 78 91 64 14 12 99 41 20 92 54 97 79 42 9 66 82 73 73 73 4 66 28 44 79 34 79 27 65 64 14 40 2 71 68 1 99 3 40 74 17 53 94 35 28 32 55 97 96 84 23 33 90 32 90 97 81 16 82 47 62 80 53 45 79 71 47 76 88 69 47 55 97 28 99 68 47 95 33 74 4 82 36 27 52 88 96 65 3 15 43 32 82 62 34 68 33 81 34 74 12 54 80 89 69 66 64 76 92 2 70 21 63 36 45 6 95 15 98 97 15 95 41 99 32 90 87 93 55 92 91 55 84 54 9 43 71 99 28 10 69 79 70 72 43 7 3 66 66 51 73 80 84 84 49 86 29
7 17 3 7 25 93 74 9 9 77 63 32 83 34 85 27 2 33 52 71 29 24 13 26 44 17 71 34 1 26 5 22 62 94 11 36 10 73 99 1 2 61 51 71 70 12 20 29 20 7 1 14 81 66 63 31 43 10 33 79 27 79 3 99 30 1 66 10 2 93 5 75 45 34 18 92 9 89 70 34 6 3 11 89 24 31 37 77 20 6 60 41 71 79 64 75 26 12 3 4 51 88 83 25 55 13 99 41 39 4 19 9 14 21 32 36 51 65 83 6 95 7 73 54 16 72 78 58 27 28 14 59 20 22 43 74 57 65 76 61 62 36 80 48 33 48 27 76 59 31 26 64 41 96 39 8 45 28 55 57 35 52 78 61 23 41 40 63 38 2 87 85 40 21 68 1 73 50 42 10 18 21 22 15 24 19 7 51 43 62 46 26 92 75 18 67 80 36 25 57 31 60 21 73 1 89 85 34 33 80 73 18 9 26 56 40 52 27 19 12 97 5 66 26 43 64 78 47 61 63 46 30 65 98 92 19 20 95 69 55 53 92 22 32 9 69 73 63 82 76 93 38 37 59 32 40 76 79 90 57 19 84 74 73 54 61 96 83 98 97 84 2 47 95 15 10 62 18 68 89 24 32 67 53 51 70 72 32 75 97 24 88 42 39 77 74 99 60 76 85 25 86 84 49 21 1 94 43 42 84 19 62 39 97 69 46 2 42 8 65 29 79 11 13 23 80 91 18 53 1 13 87 89 94 50 77 26 58 78 7 11 22 44 47 19 23 38 97 94 39 83 39 59 82 56 12 53 70 86 89 63 14 88 1 30 99 55 92 34 14 44 60 65 62 99 49 95 69 97 79 95 65 56 69 17 75 91 86 54 92 12 38 69 44 46 31 88 49 82 79 93 75 90 96 15 79 92 20 28 12 74 52 72 18 69 70 98 77 78 88 62 56 37 98 48 82 72 94 29 80 21 57 79 52 11 40 98 76 66 23 27 26 94 95 83 75 64 73 2 54 59 95 75 49 50 71 94 98 95 42 81 30 81 17 60 50 82 70 49 39 60 73 62 77 56 84 27 89 61 87 54 55 8 56 91 81 84 76 89 84 30 79 68 88 84 77 75 20 83 71
20 40 61 71 29 94 63 41 98 56 25 5 3 21 36 33 41 85 46 69 21 56 20 79 15 44 6 14 59 63 85 23 12 9 24 9 98 26 40 76 18 59 89 43 57 34 94 29 21 8 42 14 9 76 6 10 4 60 39 18 21 63 34 47 38 72 24 95 29 81 20 34 88 74 71 60 83 19 31 58 18 51 20 85 37 19 91 73 72 60 19 29 74 6 30 40 53 15 56 80 99 66 72 28 77 46 20 49 4 19 74 2 11 37 61 82 25 29 99 25 5 98 55 24 73 23 31 54 19 19 52 90 27 19 69 62 63 23 98 62 14 44 61 32 36 32 6 65 63 95 50 20 83 47 19 18 64 56 67 39 11 75 15 63 55 52 97 22 96 47 72 38 52 5 27 56 34 3 20 73 73 80 29 91 70 46 91 16 23 83 13 39 34 47 32 98 78 7 19 14 7 61 44 63 17 17 81 32 35 97 79 24 89 49 90 10 82 47 63 19 48 17 90 94 24 9 86 47 99 37 96 22 14 6 50 93 49 86 46 15 23 31 37 5 69 59 6 91 67 50 10 28 8 8 86 4 93 74 17 63 50 89 28 62 78 54 35 7 48 14 34 43 55 32 62 93 52 15 14 26 54 35 83 21 93 18 96 51 45 54 80 86 27 74 77 60 31 1 97 64 91 73 83 54 20 77 7 54 76 46 58 5 37 42 5 96 59 71 42 35 53 63 45 84 95 40 19 74 48 64 86 76 77 34 75 57 6 99 33 67 47 26 61 52 84 12 29 40 56 96 7 71 75 53 93 93 33 97 84 68 26 89 40 24 26 5 48 26 86 63 49 75 60 87 50 96 30 4 27 3 9 83 32 26 46 23 67 42 83 17 41 13 90 77 31 50 84 70 10 85 94 22 20 60 90 8 55 75 30 39 46 89 62 29 89 58 94 71 9 48 79 83 70 89 25 91 41 78 1 33 68 40 54 99 70 87 74 36 63 87 5 40 98 49 53 40 72 71 27 75 37 93 48 84 70 72 17 14 24 90 73 27 89 4 94 70 98 97 20 36 56 41 90 12 74 97 92 72 50 21 71 39 86 56 93 78 73 87 69 72 9 94 63 93 54 62 25 80 73 69
38 60 94 15 6 7 48 58 76 60 23 33 64 13 45 46 5 51 23 2 53 51 79 38 68 1 91 12 39 24 3 39 37 3 47 57 24 22 59 62 59 55 87 12 48 69 20 93 10 52 8 13 32 62 38 65 61 49 53 6 94 88 60 47 79 45 63 2 44 52 53 31 51 89 69 54 34 17 42 7 18 41 79 34 42 2 86 49 11 90 31 23 19 49 99 91 42 9 3 58 48 91 69 98 15 25 11 41 58 77 39 89 43 3 12 54 58 95 6 31 74 39 50 84 62 1 11 35 13 64 2 6 91 12 19 36 20 49 7 25 19 67 45 13 20 77 68 2 4 30 78 17 50 29 59 60 2 51 88 6 63 72 9 39 77 34 40 10 8 52 33 18 93 81 2 75 12 35 27 38 77 10 49 4 45 4 27 91 82 18 91 21 94 37 18 23 16 12 74 15 85 71 67 98 84 59 47 60 84 32 33 74 31 84 2 41 25 49 7 49 13 51 63 25 16 63 23 15 98 20 33 14 75 75 57 67 63 18 8 2 96 56 70 80 45 97 65 19 77 95 89 35 71 62 66 63 72 38 54 36 96 12 55 11 17 70 36 1 71 63 68 75 71 88 56 81 62 1 58 43 95 33 4 70 93 37 22 19 19 5 94 38 53 29 99 75 28 69 84 48 18 65 59 9 82 49 59 89 49 34 9 75 85 96 62 1 61 9 64 94 97 41 36 7 27 5 7 96 52 68 52 89 8 87 30 99 73 58 43 9 93 61 69 4 25 94 4 52 49 6 73 35 87 83 69 32 50 50 4 71 45 54 25 64 87 58 5 68 69 44 22 89 51 40 57 21 62 68 23 90 76 33 89 36 73 38 53 95 71 17 61 50 62 60 52 11 53 75 55 29 91 61 89 53 86 52 2 40 56 93 99 32 11 93 30 70 68 65 94 68 22 94 25 81 79 69 79 87 64 92 78 77 61 83 93 69 33 8 83 97 76 53 29 93 72 67 12 69 83 78 25 92 34 98 98 22 74 10 93 20 38 26 45 71 73 28 35 84 74 46 24 52 18 65 60 54 82 78 40 81 62 68 34 77 74 78 99 80 46 73 82 48 96 62 69 8 10 36 64 2
23 49 4 15 59 92 1 55 57 31 65 28 43 15 21 80 9 42 27 24 51 5 46 74 22 19 4 36 39 13 12 16 88 60 29 47 45 20 16 9 10 43 18 6 37 9 40 15 80 28 69 39 55 82 10 91 28 4 63 43 89 9 64 1 48 65 66 53 37 54 28 99 6 67 98 9 56 24 10 39 68 56 5 59 5 51 82 5 62 88 53 48 87 12 96 17 57 15 48 43 23 57 32 47 86 3 60 44 53 21 92 69 9 15 67 61 21 21 11 72 10 7 44 99 53 19 42 82 37 45 17 21 87 97 84 1 33 11 64 6 9 92 14 50 35 46 78 30 93 59 13 8 53 85 52 18 76 68 60 92 75 87 28 98 57 69 19 30 17 16 38 50 18 23 36 52 61 70 84 10 19 36 22 64 58 23 40 84 73 8 99 78 4 81 43 14 39 84 85 84 25 50 22 25 49 90 27 32 80 42 51 2 20 14 88 66 9 17 64 69 48 62 16 85 9 25 74 52 12 20 28 52 46 3 36 36 82 96 84 94 31 36 81 89 57 13 91 17 82 84 3 63 26 86 95 96 70 70 3 50 26 92 83 27 15 61 20 54 1 59 36 54 93 21 73 99 11 18 92 99 23 66 31 49 1 62 65 3 61 70 35 22 91 41 11 63 82 57 14 8 4 59 50 2 99 27 56 39 16 31 91 97 62 44 35 71 7 72 40 19 61 39 66 14 62 69 75 39 34 93 95 97 51 99 91 32 83 15 58 69 71 36 63 33 40 52 93 51 63 97 73 84 23 85 56 63 24 80 3 85 29 46 54 63 80 94 66 58 99 94 94 99 90 90 38 94 28 80 52 41 70 85 30 37 92 55 35 9 88 87 84 92 27 68 65 81 79 5 55 83 31 78 93 72 29 46 39 59 57 93 85 83 96 63 21 26 10 74 79 70 31 98 73 21 96 83 42 45 62 49 60 17 38 5 66 89 28 90 38 98 74 98 88 91 80 42 82 58 93 91 63 18 22 45 91 69 36 89 58 42 93 86 82 76 90 89 53 75 29 17 52 38 26 57 97 69 96 23 69 1 35 69 31 85 94 30 4 67 70 66 84 95 45 83 81 22 73 64 70 24
15 2 40 40 11 53 46 36 11 29 23 93 63 60 42 85 69 4 30 9 11 62 5 43 11 58 8 64 31 12 99 70 67 21 60 5 9 59 92 52 57 25 77 68 38 5 68 69 28 6 45 3 49 51 36 96 3 61 68 68 79 11 11 75 33 16 19 22 43 37 8 6 82 39 67 14 54 22 18 35 22 36 6 60 70 55 7 52 21 25 10 32 75 41 23 34 39 98 82 18 98 16 59 37 42 27 54 66 63 61 89 44 46 63 61 41 58 34 18 3 13 73 77 83 46 31 15 14 24 68 99 97 10 84 44 61 45 34 54 48 51 99 41 7 93 2 66 21 63 93 68 29 22 3 18 33 73 38 45 71 77 20 14 31 20 38 38 17 29 43 76 90 12 13 97 39 50 46 27 62 76 85 14 26 71 36 27 77 40 15 74 33 25 26 28 12 42 54 72 32 65 58 17 30 70 18 36 97 24 52 6 6 87 65 38 22 91 48 39 1 57 47 46 91 77 47 3 12 7 90 48 53 94 48 35 30 62 54 88 56 22 15 75 13 5 19 83 93 66 11 49 67 91 69 79 35 1 83 23 23 49 78 68 16 99 45 25 75 11 28 34 87 97 32 73 97 58 38 7 71 12 11 81 89 28 33 80 99 91 7 18 48 78 53 13 56 70 68 18 67 72 17 26 76 32 50 8 96 30 15 29 47 25 71 62 21 31 82 56 56 66 3 69 40 97 82 74 4 63 17 41 34 10 75 15 27 46 33 81 66 78 58 18 85 52 93 24 82 18 82 20 79 55 87 8 94 85 51 57 66 17 84 30 98 61 97 46 35 79 59 93 31 57 67 67 63 2 47 95 35 14 59 71 35 50 20 98 71 64 94 84 57 36 33 8 76 62 39 60 29 65 50 93 14 51 55 48 10 42 88 69 96 58 58 77 76 58 14 76 72 55 40 40 72 77 6 10 49 23 9 45 72 84 13 86 41 85 83 67 87 88 88 14 19 66 16 46 4 68 84 40 90 90 98 82 99 76 49 52 91 41 23 53 90 70 23 91 96 88 90 72 9 23 74 22 48 69 55 8 19 72 82 80 76 60 53 59 75 75 33 8 71 64 43 94 91 46 72 81 9
14 9 51 67 58 19 19 28 10 50 43 14 28 89 22 1 93 35 19 39 11 96 40 26 97 29 78 96 8 23 30 5 39 41 66 99 27 20 37 31 85 89 12 35 23 40 72 31 61 1 15 99 47 83 44 80 12 29 66 21 77 71 81 16 35 33 52 6 59 44 71 30 68 31 62 55 8 53 34 10 97 94 49 5 79 77 98 19 12 76 66 23 78 56 2 2 45 57 35 22 27 62 94 3 63 47 47 77 80 88 7 11 15 88 1 99 87 19 92 48 71 33 46 46 43 37 10 69 53 97 61 67 59 66 35 95 55 34 34 26 66 71 46 73 24 68 96 78 93 95 89 48 75 41 92 7 71 1 24 54 49 57 64 86 25 29 47 51 23 36 13 51 29 30 58 16 82 73 92 86 64 28 65 90 49 30 75 23 12 95 57 54 89 21 30 38 33 88 18 25 85 65 29 34 40 67 5 1 50 82 89 91 97 78 52 85 54 97 14 65 25 94 21 37 80 65 15 44 30 56 36 39 17 11 40 33 49 64 39 84 97 51 9 28 46 83 12 70 32 51 70 63 80 64 45 23 77 55 53 18 67 76 7 92 46 91 72 91 28 18 28 76 15 30 50 61 36 84 26 24 84 57 68 82 49 32 4 51 78 14 87 64 4 97 16 73 19 6 63 67 65 11 43 19 80 43 61 58 87 56 74 65 74 58 59 96 58 73 48 95 33 37 65 88 7 57 48 89 34 22 16 73 86 14 3 86 55 79 3 83 78 19 43 63 68 36 73 17 34 41 55 27 74 7 31 62 75 86 3 36 79 91 45 52 49 84 43 29 52 45 67 58 98 57 25 29 61 67 93 43 79 80 44 29 37 74 60 84 13 33 90 45 60 73 86 80 76 10 2 61 78 70 91 92 10 67 16 32 20 54 27 76 61 52 70 26 20 22 6 1 63 86 36 69 55 97 93 72 12 36 83 84 70 61 37 30 95 42 83 5 41 91 7 70 16 96 75 48 33 64 38 68 97 51 56 41 69 10 11 83 54 96 15 80 43 76 99 59 74 51 75 48 42 38 45 63 34 66 86 68 45 39 15 88 99 35 72 97 78 68 93 11 27 52 89 79 98 77 33 39
20 15 54 2 19 12 23 6 16 11 20 37 37 54 84 99 30 50 52 4 77 22 10 27 49 94 11 62 29 52 39 36 11 12 84 97 7 84 10 14 19 8 29 93 98 19 13 69 6 73 56 26 32 18 14 61 43 7 70 9 15 54 42 13 20 34 88 86 5 15 66 92 50 22 57 73 66 74 26 60 74 77 94 13 36 58 14 87 86 10 35 51 1 59 10 54 61 91 1 87 70 36 52 37 5 7 14 28 36 63 29 74 15 86 48 40 32 96 80 62 88 23 6 62 22 66 63 71 57 47 23 8 20 19 30 6 52 90 46 17 5 71 67 66 55 78 28 60 29 18 66 55 3 97 21 85 23 9 27 18 76 32 7 28 41 46 5 56 64 35 27 84 34 93 8 68 84 66 53 91 72 74 55 67 34 59 31 48 58 81 9 48 85 3 76 90 36 23 65 66 49 54 14 52 83 29 99 25 3 84 9 20 22 98 79 59 45 37 56 63 38 62 80 15 83 93 30 58 22 87 95 18 92 61 33 89 73 38 8 60 27 80 69 46 26 39 98 96 82 52 54 18 70 1 13 71 25 18 49 22 15 71 43 99 1 56 40 68 93 91 18 47 21 58 63 36 46 94 56 56 40 87 47 14 86 55 66 93 14 20 58 31 67 94 3 53 89 94 87 88 25 57 98 87 81 83 54 8 12 74 7 1 4 51 20 44 88 82 16 86 37 55 54 61 98 58 13 92 46 13 96 75 71 28 34 47 95 76 53 25 88 50 5 25 16 49 50 45 74 94 3 49 45 52 13 21 15 99 68 99 54 82 58 95 13 38 78 34 2 20 12 59 93 93 48 60 81 98 50 58 68 90 14 42 56 20 25 37 36 2 52 90 94 40 37 81 66 57 82 84 49 71 26 53 65 59 45 29 24 85 13 71 78 77 9 76 92 4 68 17 45 98 73 93 83 33 42 46 75 49 58 6 70 55 99 98 48 84 4 70 72 79 61 92 88 51 41 76 84 63 70 99 18 90 59 90 50 83 46 58 38 58 68 89 58 79 82 24 38 96 38 45 89 32 77 97 93 69 89 98 71 27 96 67 13 88 54 59 90 94 95 24 97 72 99 44 86 67 77 4
26 7 4 98 56 11 77 28 31 22 32 97 41 29 9 51 88 42 20 33 89 6 41 19 12 58 64 97 54 99 61 7 41 96 5 32 55 3 68 23 24 32 6 38 64 97 8 85 96 80 27 67 18 22 54 68 88 43 69 83 24 44 66 79 57 22 47 2 28 7 11 67 68 88 14 7 14 21 19 82 47 9 31 8 11 21 43 43 77 91 21 28 10 61 17 2 53 84 1 51 87 25 19 97 16 1 23 12 56 86 34 9 84 47 99 66 7 16 25 70 77 80 81 28 69 17 71 47 76 42 18 47 76 34 56 80 34 70 18 93 86 1 45 27 74 78 98 19 79 19 24 12 86 5 10 32 57 93 75 28 87 62 82 58 16 93 77 28 55 73 14 64 36 20 43 2 35 26 18 52 67 59 23 92 86 43 51 43 54 25 70 8 18 7 92 26 23 96 19 22 12 34 6 53 89 49 63 62 57 33 23 58 15 32 63 52 24 19 80 63 11 45 89 54 36 53 90 35 24 39 14 97 7 79 45 47 15 31 52 80 11 40 8 16 15 56 10 10 63 7 32 8 79 6 8 56 55 31 46 26 86 18 63 38 51 82 79 58 99 72 67 96 74 26 34 28 86 97 26 38 16 63 20 75 33 80 56 30 86 74 41 34 7 34 63 9 66 34 61 54 70 40 55 71 83 77 78 66 28 12 53 43 89 48 94 80 60 32 87 38 29 55 23 80 35 42 28 82 38 90 24 53 7 36 45 47 72 51 73 53 91 47 4 81 54 24 92 79 61 32 94 4 37 48 45 58 71 16 57 95 33 53 50 20 58 28 4 61 87 68 84 80 56 40 99 20 77 50 70 46 88 5 95 93 41 99 89 41 6 96 51 90 82 43 48 44 80 59 21 7 36 4 37 68 60 38 32 93 69 79 97 2 91 56 12 39 75 65 74 96 74 16 94 71 95 92 84 14 70 65 68 11 7 73 15 16 35 49 92 50 91 46 1 7 59 92 99 82 41 13 26 44 60 75 43 15 18 75 65 75 88 88 4 59 28 36 65 74 25 98 24 82 80 72 90 14 78 32 82 73 56 70 56 35 36 13 99 21 80 47 66 2 61 62 32 21 84 48 47 33
60 9 53 11 10 36 12 33 39 12 38 90 22 70 33 89 61 49 36 75 25 10 39 82 73 35 15 16 77 49 98 53 79 78 33 26 10 78 76 81 95 22 53 48 49 31 30 28 26 89 87 41 11 53 28 59 5 86 24 14 58 17 92 18 31 8 70 27 89 62 31 28 3 29 96 2 54 65 87 24 1 94 11 52 82 57 7 2 16 8 11 95 24 62 16 34 61 11 24 39 8 5 51 41 79 95 42 42 36 10 54 55 31 5 91 24 42 9 78 33 39 46 24 59 70 26 91 6 23 30 11 69 18 46 87 25 7 26 37 84 13 77 46 59 48 53 36 41 6 12 79 31 8 12 92 10 45 64 25 72 63 21 39 7 76 77 30 50 93 5 20 38 92 33 29 35 11 5 4 56 63 60 89 22 3 2 4 4 17 23 30 81 51 86 5 28 85 33 92 97 92 21 98 25 11 69 93 68 87 62 34 81 19 9 33 4 67 80 79 40 99 81 47 64 7 11 63 78 9 44 27 19 17 37 38 16 45 36 2 91 75 76 53 15 79 89 34 5 18 48 89 44 58 91 64 75 15 30 44 87 87 63 81 75 72 21 29 62 47 88 64 39 92 77 63 9 88 48 34 99 86 49 40 11 98 11 21 88 28 26 48 91 86 53 14 79 60 89 8 71 60 35 67 87 19 85 32 4 5 32 63 36 29 22 76 97 93 15 50 66 78 52 91 52 50 95 72 50 46 4 57 36 75 42 47 23 26 62 60 4 48 70 41 91 43 38 73 99 56 98 66 66 37 62 76 99 83 64 90 54 44 64 58 65 80 3 12 92 95 37 55 2 56 6 72 65 82 59 40 97 97 81 67 56 47 75 1 35 73 59 55 82 75 64 75 41 33 78 76 49 67 3 6 51 52 84 76 50 64 90 36 13 18 83 63 4 60 61 38 19 47 23 45 79 78 20 57 29 99 96 7 87 97 88 40 5 92 51 78 65 86 2 94 30 40 76 84 94 78 91 45 30 28 83 97 33 23 81 85 69 91 81 32 65 6 94 13 41 45 99 91 63 62 88 31 90 15 25 20 88 99 76 80 53 43 71 45 46 36 37 94 99 54 31 47 19 94 84 39 75
41 92 69 76 59 64 27 30 94 26 33 55 54 4 11 83 17 24 56 92 26 47 3 35 25 51 81 81 8 1 15 21 16 52 33 50 6 21 36 85 58 16 81 84 40 92 16 63 73 69 5 48 28 1 6 31 38 44 12 35 18 2 31 33 76 27 21 50 7 48 54 71 74 11 31 9 67 88 3 80 29 10 70 26 16 71 11 20 39 92 73 27 1 79 42 70 91 53 31 40 21 31 26 49 5 38 11 21 71 5 62 96 36 19 81 29 31 27 70 73 22 88 76 36 64 80 40 10 43 1 26 19 9 86 27 8 64 14 46 91 90 5 71 17 34 38 46 48 7 18 93 17 46 30 73 83 52 17 28 5 45 10 59 89 28 61 11 71 80 80 85 29 48 70 70 74 3 97 9 50 31 24 20 64 50 26 29 17 92 94 69 97 87 70 39 42 9 54 63 95 11 15 74 77 68 60 56 57 74 2 99 52 73 40 27 65 67 64 69 69 37 77 32 97 50 84 58 39 48 53 15 94 36 20 30 75 78 94 73 20 26 92 22 88 77 45 11 12 12 71 26 77 49 64 46 15 23 14 92 48 37 8 70 33 16 14 25 82 50 10 96 97 19 53 95 40 1 41 75 16 47 7 69 19 80 86 31 33 38 91 15 66 21 15 15 38 94 87 74 99 40 15 22 60 99 48 27 94 94 89 78 77 31 24 12 23 15 81 37 36 48 88 12 48 74 73 95 68 89 73 79 48 25 36 87 51 80 18 84 90 55 86 64 95 18 94 82 44 9 49 21 54 32 17 28 57 65 40 80 95 79 97 61 34 57 29 43 32 2 73 65 40 60 86 48 67 44 8 51 3 20 75 91 93 46 77 64 30 11 94 77 73 7 65 95 31 49 41 9 7 28 35 64 83 77 55 71 98 72 18 29 12 85 10 88 82 53 48 22 45 47 73 6 68 25 7 25 84 95 53 68 26 63 61 75 49 30 54 91 76 9 88 99 78 16 51 78 41 46 20 37 51 97 62 46 79 60 95 74 98 88 42 75 39 52 86 25 45 85 72 63 65 80 61 67 7 70 80 88 75 91 68 91 66 91 90 22 98 60 80 69 74 99 19 14 54 60 77 70 92
2 45 15 58 42 4 39 8 20 77 76 13 31 1 72 1 34 18 88 29 51 13 88 21 52 59 7 32 13 35 53 28 21 57 19 42 83 53 12 80 2 64 22 12 65 27 19 52 35 7 44 43 55 95 96 35 34 40 22 51 75 41 13 29 56 95 17 13 60 3 48 61 6 47 24 42 82 90 43 2 64 84 60 15 69 86 16 3 52 21 20 5 55 43 68 49 22 25 56 10 98 68 53 64 7 83 48 33 13 20 40 47 29 26 63 44 86 76 31 2 17 1 31 23 61 94 50 21 15 67 60 15 64 33 64 91 35 61 70 24 92 5 17 46 50 30 30 74 71 6 3 69 86 55 56 72 49 24 20 26 49 6 39 41 12 28 99 14 61 83 28 40 83 78 22 94 22 41 54 43 58 54 53 68 76 79 33 39 70 15 54 83 30 4 24 84 23 99 33 50 35 20 34 19 1 12 68 92 60 23 1 83 38 59 93 97 34 39 80 65 57 89 59 27 9 93 24 78 56 69 66 69 9 34 64 49 66 37 83 2 73 2 88 98 51 85 6 37 10 69 84 73 60 29 37 93 27 95 97 86 18 40 24 77 59 18 68 5 63 84 37 76 41 20 3 57 74 43 15 88 58 68 55 19 62 91 18 97 9 88 43 36 71 79 45 42 53 32 97 15 12 50 74 98 24 98 58 96 86 27 31 49 15 54 84 48 80 21 23 46 10 23 73 5 72 9 20 6 92 78 99 11 84 46 75 80 43 55 55 58 35 87 56 80 64 62 93 70 86 31 90 46 65 18 19 53 3 56 95 2 94 17 98 72 17 27 68 63 70 36 56 21 33 79 53 82 65 96 75 39 77 28 1 68 89 66 7 88 13 24 9 58 84 95 63 39 31 91 80 94 32 40 21 15 70 76 27 46 91 86 15 84 20 83 91 41 8 44 31 71 47 93 78 71 21 56 96 9 25 46 76 89 4 73 28 79 43 24 66 69 53 35 95 87 50 8 53 45 12 92 44 37 75 94 55 80 38 73 51 40 36 68 19 94 53 31 89 10 32 81 47 91 33 77 63 46 94 87 86 94 15 42 97 37 59 73 65 72 55 90 46 81 92 37 46 92 22 56 90 29
2 53 41 32 26 60 1 2 14 99 3 26 42 74 70 14 50 55 19 1 26 93 92 15 1 98 18 44 37 10 33 48 36 38 26 77 80 91 64 41 97 85 34 9 41 49 86 90 64 67 79 38 52 39 50 9 94 35 32 76 37 11 26 33 1 83 40 56 61 48 88 36 22 38 39 96 43 22 50 77 53 86 17 90 45 8 9 23 27 16 93 86 63 29 91 58 11 16 78 65 8 75 25 22 33 79 42 7 66 50 23 11 91 84 42 46 4 11 27 61 25 18 76 36 20 13 24 10 81 3 51 33 52 96 91 39 59 46 3 36 76 34 4 17 98 25 92 38 24 76 37 78 66 80 19 33 34 82 38 35 11 21 22 31 50 2 39 45 64 21 10 22 24 90 17 47 2 31 87 60 65 7 81 33 40 69 74 21 13 20 57 67 52 80 21 74 80 18 43 18 52 89 49 97 13 20 73 35 17 71 55 96 42 3 58 97 20 57 10 47 72 24 41 23 18 1 25 85 63 63 67 6 8 94 76 65 29 48 58 79 29 37 75 45 64 2 82 34 7 43 13 39 95 20 73 72 34 36 93 80 66 18 21 40 93 61 66 55 28 58 18 25 11 53 44 64 11 74 71 52 97 48 69 50 91 29 28 23 34 66 8 33 4 88 88 9 85 62 26 95 95 11 83 80 36 51 63 56 33 32 46 72 71 71 68 52 22 91 72 22 31 68 74 18 28 39 74 13 36 43 52 78 88 74 74 56 37 56 71 11 24 93 56 21 75 27 69 50 22 25 82 20 83 49 47 61 63 76 26 20 10 7 62 90 9 55 85 95 5 36 54 26 57 61 12 29 75 4 8 52 19 62 6 51 81 4 80 88 93 25 71 20 11 15 92 25 31 6 62 82 82 76 73 83 44 69 78 41 49 7 91 30 53 83 15 69 58 96 87 86 67 40 44 43 24 36 64 73 82 4 99 73 89 41 94 41 12 56 34 75 42 26 91 68 4 30 15 41 36 87 45 51 61 30 76 48 72 87 39 34 16 40 76 62 56 75 37 69 34 22 35 97 99 41 13 12 33 51 76 33 58 63 75 25 72 9 70 42 80 43 68 97 73 67 23 77 79 45 79 1
46 37 32 4 34 20 74 80 24 2 67 14 1 9 33 7 76 21 2 42 66 21 53 32 29 18 68 12 24 6 13 26 2 71 63 14 89 88 2 30 38 4 54 10 11 91 51 29 37 4 7 50 55 9 11 13 32 89 95 29 10 62 3 35 39 89 40 8 37 44 28 19 25 56 4 14 7 18 91 64 97 4 35 36 96 23 17 78 54 14 95 99 38 75 11 83 24 68 40 62 3 37 3 96 49 67 60 61 19 67 59 80 30 57 34 91 42 45 72 92 34 44 28 14 2 12 67 57 59 87 4 33 61 99 64 15 98 35 53 4 34 17 61 63 38 34 1 85 83 71 50 58 61 18 50 54 68 53 1 49 24 78 49 26 55 61 36 16 46 15 13 17 22 36 46 16 15 3 70 67 43 88 49 53 39 65 99 66 95 98 37 91 18 80 26 91 1 12 64 92 45 57 83 36 97 6 8 4 27 26 50 99 13 61 27 66 62 17 1 71 7 28 21 5 55 6 67 53 92 26 28 91 29 25 64 57 64 4 58 82 11 46 3 45 85 21 30 8 11 5 34 91 17 17 75 1 12 15 12 5 51 85 4 65 52 15 30 39 3 6 34 81 90 40 87 24 9 93 51 23 75 70 84 16 23 27 3 28 62 87 53 69 81 34 45 24 43 95 76 3 47 94 57 45 62 30 31 72 77 80 80 27 52 58 2 58 27 14 78 35 73 95 92 32 32 96 85 94 6 64 25 41 68 96 20 32 79 82 11 35 77 58 78 16 67 77 30 59 83 12 81 87 93 38 66 20 47 56 60 61 7 14 1 72 30 72 80 1 3 81 26 20 35 47 46 86 37 7 73 92 41 76 56 93 67 52 46 44 89 39 1 81 2 29 94 98 28 55 50 75 80 97 26 64 13 73 29 49 75 87 69 5 70 51 83 69 26 94 98 28 28 16 70 8 27 72 7 50 67 45 41 15 3 13 25 20 53 98 58 25 30 88 54 96 89 50 20 75 77 39 59 13 16 31 57 41 40 48 68 68 61 96 93 93 57 3 92 96 76 58 34 99 69 25 78 42 10 63 80 94 11 71 50 73 40 35 68 51 71 75 99 95 63 83 21 90 81 82 72 42
69 1 1 24 40 4 60 40 13 13 17 4 92 79 35 13 1 84 41 53 7 48 34 16 63 5 76 3 28 74 20 94 36 17 8 8 12 7 1 15 13 34 16 20 11 71 10 36 37 84 80 11 43 15 75 40 17 42 59 97 88 19 93 4 31 15 73 98 91 98 56 36 67 36 5 70 14 81 96 92 75 28 24 1 6 77 47 63 35 86 92 71 2 47 60 76 21 15 49 24 24 9 6 7 10 91 37 45 10 28 13 88 90 12 1 7 60 67 5 26 28 71 46 65 25 63 33 38 71 14 88 58 5 11 3 37 4 86 54 7 50 98 23 37 44 38 32 33 4 55 3 57 15 61 95 73 67 26 71 23 7 50 84 83 30 72 52 94 24 57 70 82 7 64 57 48 49 58 84 18 4 48 1 17 19 88 35 69 71 59 70 21 34 49 41 17 76 53 13 59 28 58 87 90 86 90 2 51 37 77 65 68 39 37 21 50 51 93 15 54 63 35 68 48 86 57 41 97 54 77 37 84 54 29 15 93 89 10 89 43 73 58 57 45 53 37 94 96 78 53 54 64 28 36 69 24 47 63 8 82 97 12 9 97 59 43 88 59 62 55 22 19 65 15 27 29 55 62 75 65 19 54 30 23 20 79 77 53 86 67 93 43 53 9 97 5 44 86 19 5 57 83 83 5 46 69 69 45 77 56 47 52 77 94 49 52 75 89 33 63 31 55 12 70 14 51 65 66 47 57 53 1 53 69 95 45 52 32 67 97 85 14 43 9 37 51 54 12 71 4 68 76 29 88 75 23 91 19 83 8 91 60 12 32 29 13 70 78 56 22 72 12 72 39 47 76 3 53 47 34 51 10 6 98 84 50 66 34 39 9 84 9 69 70 43 53 74 36 75 19 25 17 91 55 57 21 72 8 75 4 49 76 84 47 45 5 70 41 1 78 69 80 83 91 72 49 46 79 57 52 95 49 11 95 55 91 83 5 70 6 81 83 9 6 80 89 19 5 61 15 96 68 74 68 52 33 48 34 56 55 68 73 45 84 12 51 19 20 89 72 94 35 92 80 99 96 18 51 83 14 31 12 77 98 25 49 62 53 55 55 81 46 97 94 77 35 62 57 19 53
14 68 39 6 7 16 48 75 88 17 13 3 41 56 7 1 37 24 25 58 74 66 25 56 32 28 46 73 68 67 66 44 36 50 98 26 85 9 16 27 40 43 82 94 59 82 25 12 6 51 4 54 86 81 47 8 70 14 31 43 33 20 9 1 17 79 8 75 57 12 80 13 65 19 44 12 8 16 11 66 4 27 10 41 7 5 92 19 44 82 52 58 25 27 69 47 50 21 72 27 24 21 34 9 86 7 30 85 95 13 6 18 55 54 5 27 14 14 41 15 20 85 12 70 37 62 6 9 9 47 39 72 62 24 5 25 54 60 36 71 37 34 99 89 39 90 65 13 84 44 39 86 27 38 66 78 7 32 61 48 44 23 59 45 31 19 62 45 11 94 34 20 89 38 84 63 97 72 90 40 6 15 98 82 49 57 5 35 44 71 57 51 68 76 81 1 62 61 29 47 40 58 36 39 38 1 52 40 31 5 30 46 50 44 89 29 78 22 83 21 90 23 14 54 98 46 62 5 38 1 15 32 72 36 54 19 70 51 66 34 76 88 64 40 97 37 76 63 5 46 46 42 32 46 41 62 35 20 62 86 15 18 75 49 95 10 39 60 49 54 77 48 8 85 86 21 67 80 50 76 3 27 19 81 33 82 75 43 18 44 89 22 74 19 78 25 9 39 29 92 83 70 18 97 58 32 61 82 73 84 82 62 18 5 98 8 68 13 88 47 87 66 46 82 96 27 73 72 64 25 82 44 90 57 14 64 69 62 60 83 2 66 5 97 94 75 4 71 77 94 68 64 12 55 93 7 20 53 38 24 86 46 65 86 63 92 86 84 63 57 48 56 11 3 73 12 43 89 70 34 72 2 32 57 10 81 47 69 59 89 62 49 97 77 35 28 21 89 58 70 13 53 80 49 19 82 94 99 66 35 67 96 49 84 74 34 78 89 70 44 9 1 15 51 53 74 67 99 53 29 61 91 54 72 85 74 96 86 11 6 74 40 87 59 71 77 32 61 47 47 83 56 85 4 24 46 73 52 85 4 10 52 35 71 42 91 23 93 76 18 35 63 79 77 73 53 16 28 35 17 88 55 54 22 71 41 45 35 17 72 29 75 15 41 27 65 86 37 99 58
