10 20 2027 0.00
4 18 13 90 9 39 86 54 17 35 16 1 5 96 19 26 64 51 65 35
16 68 34 46 22 73 10 87 12 14 11 24 93 6 78 16 48 24 92 14
20 9 52 42 49 13 33 33 32 57 55 6 2 94 61 87 30 39 83 57
13 17 84 34 16 14 87 87 87 33 37 27 18 24 22 99 84 59 31 33
16 28 66 25 57 5 38 40 90 58 89 60 90 1 61 15 9 81 98 58
17 47 2 69 87 77 32 5 93 1 21 51 73 44 23 92 93 95 13 1
48 24 40 35 57 65 40 40 29 40 56 88 21 34 78 57 71 63 20 40
89 5 20 7 67 31 68 50 61 98 58 63 81 65 69 93 72 97 41 98
12 50 7 8 34 58 18 7 6 44 86 97 89 95 34 39 33 35 81 44
25 34 54 40 31 59 27 49 31 84 55 70 32 47 83 37 85 46 72 84
