10 20 1826 0.00
7 4 5 23 95 58 12 46 31 65 69 64 69 73 46 84 58 24 88 65
2 21 31 98 46 49 12 63 45 66 54 43 52 13 29 49 78 83 52 66
15 3 8 18 20 3 5 75 82 7 55 9 94 56 60 49 50 65 76 7
26 11 19 33 21 29 28 38 58 15 23 38 10 98 72 36 55 79 69 15
21 21 74 19 20 16 98 10 27 81 10 2 84 1 55 52 90 37 76 81
75 54 6 29 12 99 96 49 9 56 47 79 22 57 3 6 42 53 61 56
25 9 38 20 25 26 50 50 82 8 71 16 15 41 85 5 7 67 12 8
17 63 20 15 28 74 42 70 9 51 38 85 68 33 93 94 32 91 56 51
22 96 79 64 77 41 83 25 30 55 68 89 69 71 44 89 76 46 64 55
41 21 58 21 43 24 8 20 98 81 53 69 19 83 50 92 74 18 50 81
