10 20 2189 0.00
22 29 12 38 76 20 71 28 86 9 69 70 93 33 19 82 85 97 48 9
15 21 27 36 4 23 13 21 71 91 38 74 46 5 54 44 88 25 36 91
78 27 17 72 24 98 80 75 7 96 15 5 73 83 78 38 54 80 20 96
5 69 10 24 74 30 53 49 17 73 58 47 10 84 88 86 97 11 80 73
38 17 89 1 19 2 9 2 51 37 95 63 89 95 94 16 93 94 98 37
4 87 49 11 46 55 21 76 52 28 42 61 5 52 58 97 60 82 89 28
70 60 47 60 27 95 34 93 3 32 26 39 58 17 18 69 73 71 72 32
30 2 57 76 82 49 97 49 59 27 42 96 23 18 63 85 1 70 52 27
68 10 28 24 26 65 68 44 77 4 93 3 49 67 67 37 6 18 80 4
3 53 67 74 63 18 14 28 50 83 13 46 59 69 4 8 31 43 27 83
