10 20 2080 0.00
1 27 37 57 1 23 24 84 39 37 36 19 28 51 98 39 33 16 82 37
75 43 4 7 56 37 26 71 9 92 24 23 17 7 7 87 65 19 86 92
9 4 43 37 4 13 66 49 72 18 26 89 82 37 21 48 58 13 81 18
34 60 28 36 18 97 10 20 93 94 38 60 4 1 83 24 85 77 61 94
30 22 17 15 97 44 84 29 8 47 48 77 13 87 26 85 26 83 10 47
2 46 18 94 40 64 74 16 75 47 91 85 77 72 32 98 49 70 77 47
16 30 99 14 39 23 28 85 16 34 58 10 69 63 85 29 82 98 34 34
51 69 97 88 13 43 51 46 98 10 33 63 92 66 71 54 41 49 95 10
64 45 21 17 71 59 74 14 65 98 95 97 77 73 32 45 91 93 50 98
68 29 29 34 63 3 29 61 21 20 68 6 75 78 85 50 53 98 84 20
