20 20 2831 0.00
92 93 21 37 33 66 38 14 20 45 39 60 17 90 44 63 92 3 77 77
2 64 24 92 19 25 48 59 57 68 20 50 9 6 6 64 37 83 52 29
2 12 19 15 12 90 56 99 55 90 36 85 43 24 38 98 41 86 47 95
73 19 29 12 57 73 74 71 48 49 65 42 98 38 20 28 32 56 40 39
38 22 61 58 43 82 20 33 44 33 34 83 8 43 78 64 63 88 72 67
28 41 51 34 80 87 33 37 36 42 25 23 50 90 54 22 69 70 90 52
77 55 5 49 65 15 36 78 60 40 44 43 83 97 77 46 85 59 89 72
6 11 91 36 7 23 13 7 21 66 29 79 56 81 50 87 74 42 91 10
51 4 71 90 9 46 19 10 54 98 20 46 64 23 88 50 34 91 15 50
15 1 49 4 84 55 64 38 82 71 91 67 34 18 71 44 5 18 34 31
1 39 33 90 12 9 59 62 49 57 95 48 81 67 41 17 82 36 87 53
23 3 28 66 13 3 84 90 36 4 57 49 3 59 74 39 40 40 47 80
99 30 33 2 99 5 64 38 58 40 39 58 85 31 97 68 55 33 56 75
21 57 77 4 96 83 39 65 58 25 1 7 91 11 36 41 77 87 68 94
26 68 93 14 81 74 37 82 15 20 81 45 4 79 78 63 55 36 94 69
21 28 25 93 20 26 39 7 84 41 40 74 69 60 81 25 76 79 57 82
51 45 15 51 5 82 82 18 36 92 63 15 30 72 16 70 76 56 57 39
91 54 40 10 93 74 60 41 83 20 99 17 75 18 61 85 23 72 12 96
4 98 77 61 44 1 43 40 39 34 97 89 71 68 7 54 24 35 22 95
88 96 17 45 41 14 50 80 36 54 45 42 54 77 65 54 83 78 99 27
