20 20 2837 0.00
13 42 23 74 21 45 42 45 6 92 20 47 71 83 30 88 96 23 70 54
41 64 79 63 8 31 77 68 21 66 47 60 47 14 49 16 62 40 38 59
84 47 17 8 61 75 31 33 68 28 34 19 4 55 10 83 57 82 37 2
13 35 12 21 62 7 67 43 59 62 24 76 83 23 91 60 82 73 4 2
69 75 33 14 67 7 57 34 23 57 49 68 15 86 68 18 19 95 75 11
3 29 16 19 28 41 23 53 44 53 6 44 45 68 40 56 62 6 81 85
14 29 24 71 30 1 58 25 47 46 44 35 66 70 54 96 2 99 95 99
47 4 63 50 70 4 94 53 57 58 12 88 37 76 78 56 78 96 78 77
58 85 65 24 92 63 30 86 84 69 99 45 41 34 53 46 72 60 94 88
7 48 34 54 31 6 51 55 88 26 98 31 27 12 20 80 64 15 50 74
78 24 79 77 26 22 12 56 51 86 46 59 57 45 64 50 35 15 60 13
77 33 40 67 65 98 34 80 65 10 47 13 89 58 82 2 98 98 41 53
19 72 30 20 13 6 3 83 22 64 67 31 1 60 57 49 9 45 18 68
44 20 48 72 6 90 65 58 36 37 90 86 97 28 68 62 70 94 55 44
37 60 27 34 24 85 56 3 97 83 99 34 39 55 58 44 46 40 88 80
28 15 34 17 49 92 75 63 5 8 54 75 97 97 28 25 59 35 50 89
50 53 31 23 73 21 2 33 52 41 20 62 29 92 83 84 71 26 77 82
38 12 52 91 68 75 65 58 6 13 59 58 88 30 90 26 28 53 79 93
15 14 96 1 31 6 61 4 97 53 16 71 17 32 50 86 55 71 55 92
30 30 7 26 25 83 70 41 54 36 61 16 76 62 13 67 44 66 31 62
