20 20 2968 0.00
72 12 66 30 7 1 19 57 21 95 34 80 15 80 12 99 51 28 96 59
37 42 71 75 25 6 60 53 74 10 68 68 54 39 15 74 22 93 36 75
50 14 68 20 77 10 6 99 39 43 39 75 70 74 77 28 83 92 65 25
17 27 2 97 71 28 13 18 74 96 11 89 70 40 66 14 41 13 13 77
3 86 4 24 98 69 67 91 10 5 60 55 22 65 39 95 30 73 34 58
88 75 57 34 83 95 98 3 24 51 67 28 17 65 94 65 37 54 75 22
29 84 21 18 49 90 98 85 20 24 37 93 40 39 61 99 76 44 38 72
3 65 16 19 54 87 34 17 8 7 43 33 76 18 66 36 95 70 32 72
43 44 57 70 89 80 1 14 63 96 65 28 24 91 92 39 88 59 10 79
50 17 3 48 94 60 86 94 38 50 30 43 81 48 23 28 80 33 70 95
12 49 69 1 14 17 35 39 87 39 28 88 55 40 99 91 67 53 74 17
17 27 56 34 57 13 79 20 79 65 68 25 47 73 31 36 33 67 98 54
18 67 98 15 44 66 28 45 89 28 91 94 55 27 26 41 77 78 30 98
14 52 51 97 29 79 89 78 96 78 28 27 38 98 67 51 62 46 12 91
92 1 40 72 59 79 7 61 25 89 20 35 76 37 79 97 24 79 93 85
61 26 62 51 30 6 71 30 64 23 99 38 39 65 63 46 87 76 73 94
43 46 13 4 10 43 98 9 46 42 42 7 73 80 24 15 38 32 45 25
90 3 8 36 8 3 13 61 38 52 54 5 35 38 78 25 62 31 69 31
41 2 21 25 5 36 16 3 7 58 82 63 98 85 99 56 26 85 98 61
38 79 39 84 5 67 39 89 70 44 45 73 79 1 16 99 55 33 96 50
