20 20 2772 0.00
9 11 21 96 31 56 59 64 65 43 77 63 83 27 37 82 82 55 67 27
97 21 10 88 90 41 37 72 89 1 36 71 69 88 54 13 46 74 39 65
9 16 14 69 62 82 28 46 62 67 14 7 63 29 91 43 28 99 70 34
3 43 16 31 21 67 37 67 73 32 83 11 64 26 79 71 39 34 98 41
94 68 71 30 74 33 36 14 28 6 49 53 22 24 17 30 76 59 47 83
44 42 25 73 55 35 18 58 47 4 81 13 19 91 19 11 42 20 51 14
89 17 68 30 86 43 54 85 11 75 77 54 42 27 83 74 24 94 22 52
13 29 15 38 28 8 26 15 39 84 21 10 75 42 83 23 78 12 68 32
14 3 45 29 17 4 49 20 25 77 25 94 23 80 35 11 20 76 70 59
5 92 58 8 85 78 62 7 96 53 13 24 22 75 94 98 37 12 57 81
61 60 93 37 19 44 83 95 6 69 11 68 74 12 97 87 85 97 39 86
43 20 27 34 13 71 61 12 10 58 86 94 24 28 57 37 82 50 2 64
31 43 66 17 30 87 96 16 73 32 33 62 2 8 22 76 35 5 34 75
13 3 59 19 7 5 24 1 11 14 52 67 16 14 47 7 5 76 99 76
12 17 4 13 87 21 38 96 81 86 37 57 72 90 43 62 94 84 94 81
52 45 88 58 47 24 43 45 22 35 53 99 7 32 31 87 99 4 24 88
28 83 38 94 65 39 71 15 65 50 72 17 26 84 13 95 98 75 93 16
51 94 97 35 11 35 84 14 53 29 68 49 93 98 29 40 19 79 61 13
13 50 7 44 49 85 3 95 47 20 2 7 93 83 30 72 63 18 75 97
92 80 21 59 31 52 4 83 19 88 41 11 69 70 99 73 57 99 15 47
