10 50 4478 0.02
19 2 38 44 73 58 26 13 53 46 61 2 73 23 19 32 11 44 16 24 85 88 7 7 10 49 61 98 12 8 75 44 85 95 52 69 45 47 24 76 79 42 90 84 66 63 97 85 85 46
66 74 42 96 15 67 22 26 37 61 36 10 71 99 4 25 85 28 50 90 11 56 55 96 93 2 35 4 7 69 59 4 93 16 87 94 25 40 40 30 51 56 87 81 64 63 73 63 94 61
25 28 23 10 7 83 39 11 2 3 26 87 38 49 36 41 61 58 76 56 11 17 32 67 71 69 35 53 90 32 43 88 3 96 1 24 85 53 91 71 58 9 96 64 48 69 33 88 64 3
62 37 41 4 54 15 77 39 2 51 87 65 12 29 47 91 57 50 18 51 87 75 10 68 51 91 6 56 49 39 19 22 24 11 24 43 57 63 92 67 21 69 31 36 63 78 69 59 21 51
66 3 10 25 49 78 31 97 44 37 62 91 7 48 77 24 44 94 93 34 3 37 87 36 14 51 71 69 86 82 36 58 44 41 16 54 47 99 98 6 42 59 94 11 88 33 94 38 72 37
11 11 2 76 8 16 73 27 25 79 62 44 66 62 82 15 6 34 24 39 40 30 99 33 44 28 43 60 52 1 62 99 36 78 93 35 75 83 60 90 68 27 3 91 74 91 37 43 76 79
4 11 54 76 57 46 46 71 97 83 22 3 48 6 29 87 85 23 5 19 61 27 95 8 67 67 23 49 82 95 78 7 85 7 87 37 38 8 72 57 38 92 65 77 66 52 86 94 97 83
26 28 80 36 98 41 3 42 92 22 38 98 69 30 14 59 72 80 94 82 86 66 75 89 55 74 61 8 55 47 68 39 74 26 29 24 25 55 47 57 99 41 5 11 47 47 98 90 33 22
2 93 53 5 40 1 43 22 16 27 30 23 51 32 65 54 36 37 87 58 59 78 15 22 41 39 81 79 12 41 20 62 27 91 92 81 94 14 30 34 75 94 77 88 2 93 18 66 56 27
34 49 34 22 2 10 57 82 62 24 21 32 23 84 91 39 11 24 10 23 38 11 12 62 46 22 81 23 59 93 50 90 51 64 47 87 66 97 11 81 39 81 27 54 93 40 41 26 68 24
