10 50 4349 0.02
38 20 8 2 3 58 81 1 19 23 93 57 14 30 34 23 60 5 1 50 57 25 78 71 8 88 78 98 46 17 48 17 43 73 40 88 66 28 54 66 77 72 5 46 54 56 18 52 45 23
3 91 23 27 26 12 30 37 10 4 29 20 2 21 30 36 12 22 33 7 2 71 53 46 58 54 77 35 63 74 94 52 56 12 65 5 55 43 10 87 53 45 73 65 85 95 85 35 90 4
18 8 11 1 40 5 72 23 54 85 46 33 7 2 75 18 2 25 61 74 50 49 25 10 89 16 31 65 35 95 5 67 89 62 14 87 65 87 96 57 23 15 56 88 33 70 65 54 79 85
81 71 70 7 79 12 4 36 82 94 18 2 89 6 11 74 31 28 24 54 16 48 62 62 35 16 57 21 72 10 71 55 24 19 98 16 57 72 67 31 73 93 95 87 93 75 70 83 74 94
4 56 83 17 18 56 12 88 84 6 3 38 53 69 93 19 60 96 78 9 55 5 45 71 84 7 65 60 66 38 36 59 66 26 93 84 58 51 85 85 40 23 96 60 51 15 58 93 92 6
62 2 5 6 71 27 26 60 9 25 6 21 5 1 44 94 51 43 40 76 9 13 64 56 88 63 33 5 23 10 27 49 65 81 76 27 38 35 67 94 33 90 76 7 98 93 49 87 81 25
1 31 1 42 41 24 15 59 21 70 62 79 88 54 95 25 85 48 74 67 88 36 46 6 18 41 34 95 13 76 77 67 25 35 40 61 5 98 22 31 68 97 36 29 80 44 93 45 81 70
26 15 44 98 27 44 55 4 12 6 29 25 72 84 2 79 44 92 41 29 42 84 18 23 51 99 47 60 40 74 55 65 79 71 39 94 26 2 10 17 70 93 1 88 92 64 56 89 79 6
28 11 70 70 23 55 54 34 63 2 50 99 33 62 1 11 32 43 41 28 46 74 6 22 21 54 45 32 41 70 65 66 12 51 30 59 66 63 45 16 75 74 97 97 4 39 66 48 2 2
45 22 16 71 14 52 4 17 11 52 31 15 33 71 41 51 56 35 46 49 78 48 59 95 12 44 24 22 95 30 17 3 45 82 22 4 93 76 99 88 68 9 85 53 45 87 87 66 78 52
