10 50 4404 0.02
17 2 58 16 16 96 42 45 13 47 57 22 52 39 74 43 47 82 90 63 77 94 58 34 44 16 29 41 11 24 75 71 63 38 35 2 7 33 96 5 94 94 73 57 52 74 57 76 96 47
3 71 73 16 13 41 4 10 21 15 73 23 57 76 9 37 84 96 27 85 51 39 85 2 59 96 29 40 44 61 6 88 27 36 24 79 61 4 76 67 58 96 9 85 94 32 88 72 94 15
64 7 41 77 42 14 6 7 68 36 15 97 10 7 58 77 80 37 21 21 57 1 85 41 47 93 55 23 81 16 83 5 21 98 31 98 77 81 63 20 56 72 90 93 92 39 54 86 18 36
35 6 16 38 37 8 17 32 50 2 33 59 63 73 66 34 3 22 43 72 30 35 51 8 73 66 49 82 94 38 20 67 87 82 65 28 46 76 53 97 66 78 77 77 75 85 39 24 87 2
13 38 12 5 68 16 64 87 25 5 47 38 29 38 5 80 11 3 3 50 64 13 66 99 89 13 72 48 38 88 61 85 58 78 79 82 85 84 53 41 55 65 57 67 30 81 49 82 32 5
9 73 4 4 24 16 29 76 11 11 17 45 66 10 3 38 86 68 1 25 33 93 96 90 19 8 55 9 85 39 59 75 57 92 93 84 37 64 69 80 96 13 86 46 74 80 35 14 50 11
14 95 54 64 51 32 56 27 42 79 21 50 37 72 44 27 41 44 57 61 86 88 44 66 82 57 79 46 16 22 18 6 82 73 70 58 48 7 38 78 7 71 47 39 41 72 82 56 87 79
33 1 4 14 8 49 59 16 70 75 82 65 28 12 90 23 60 25 54 47 2 45 15 60 30 35 73 68 71 83 96 13 15 36 17 59 75 80 44 95 54 43 47 87 54 62 73 85 68 75
89 13 41 77 59 61 99 17 43 73 28 8 69 95 78 78 8 52 85 11 53 59 2 58 33 57 48 73 89 66 79 63 73 8 65 61 88 52 18 13 64 21 87 23 85 19 87 83 51 73
35 10 29 47 67 52 20 86 66 75 45 17 22 15 23 23 40 38 99 48 36 28 8 55 39 77 32 98 2 95 37 66 57 9 82 18 53 97 73 97 50 60 47 55 32 97 93 83 79 75
