10 50 4460 0.02
18 10 54 26 31 34 38 70 57 27 28 24 64 74 46 79 68 35 75 97 2 84 62 47 65 8 59 64 83 28 45 74 28 40 87 78 62 65 85 52 89 38 71 89 94 40 4 26 63 27
19 12 81 43 7 38 21 14 4 54 29 27 46 22 24 42 61 14 11 56 16 34 47 50 67 49 32 74 3 71 63 23 4 57 40 90 87 55 31 8 68 59 7 75 65 73 99 77 65 54
11 33 4 19 77 48 43 59 15 51 56 8 36 46 53 59 86 89 80 52 99 33 28 83 43 50 15 79 98 51 93 88 26 45 50 13 76 87 76 83 90 64 13 49 39 37 72 59 35 51
96 37 49 14 8 90 24 11 99 54 46 19 33 33 15 56 42 91 23 51 84 93 78 5 18 29 72 56 33 97 25 3 92 1 75 51 2 38 42 63 38 83 80 15 89 63 19 53 93 54
40 23 42 70 15 36 57 33 17 92 10 63 91 72 17 5 46 63 10 20 50 20 9 32 50 66 75 32 25 29 12 99 94 92 59 70 93 38 14 72 48 87 72 45 60 30 90 86 74 92
48 63 30 27 53 42 66 40 34 82 15 74 21 19 73 43 27 37 19 50 97 26 61 81 23 85 28 66 82 37 10 25 38 36 38 88 65 22 98 73 68 56 65 79 84 70 63 84 28 82
72 4 4 33 83 1 13 79 51 13 46 69 25 69 53 13 30 89 44 14 29 35 37 16 99 48 34 4 52 84 70 20 23 98 98 38 39 34 68 76 22 3 89 15 11 78 88 90 28 13
26 6 43 47 6 81 34 9 46 17 98 21 4 42 58 85 72 31 89 11 56 12 80 99 51 4 53 7 33 24 94 70 91 77 45 41 71 99 98 27 95 94 41 85 65 79 59 49 80 17
1 80 50 38 52 15 51 43 5 17 51 68 71 38 22 13 16 2 8 76 23 41 25 60 60 58 70 51 5 45 11 62 88 28 55 90 52 81 53 64 59 96 94 83 75 77 51 72 99 17
12 94 13 80 73 25 72 62 96 24 58 67 49 28 83 51 1 1 96 34 9 92 45 3 5 88 48 59 88 37 97 58 41 54 1 3 21 50 6 58 8 16 73 91 58 96 99 48 85 24
