10 50 4341 0.02
11 32 23 74 69 74 19 16 91 54 50 21 43 56 88 16 59 13 30 15 33 41 48 22 56 28 77 30 48 86 66 72 92 61 26 80 88 7 85 62 34 63 48 50 78 40 98 69 17 54
43 3 37 10 52 39 53 89 13 2 50 69 78 76 50 70 50 99 42 34 48 48 89 91 13 52 36 53 21 20 69 68 8 39 11 31 29 89 32 69 60 76 12 73 78 85 97 28 51 2
45 6 26 80 24 30 58 50 4 75 72 68 13 10 17 61 55 13 97 35 72 85 97 75 24 82 13 24 48 79 40 80 83 5 36 19 37 38 69 2 93 40 89 35 79 60 32 46 84 75
7 5 45 72 54 7 77 66 58 56 14 34 10 35 63 70 66 90 20 47 42 15 98 68 36 11 71 99 78 28 52 71 87 83 86 34 65 85 73 71 9 79 90 19 31 60 81 94 92 56
25 32 69 15 9 69 26 18 3 25 78 42 75 41 23 17 41 25 41 88 12 1 40 52 39 15 95 31 76 24 67 12 9 94 61 15 23 6 63 9 96 59 28 79 33 80 53 51 29 25
14 49 31 66 5 9 57 94 54 14 16 22 19 94 7 30 34 43 47 38 62 38 13 38 26 80 81 41 62 7 42 58 18 6 26 73 56 40 33 96 72 36 91 94 37 12 80 86 88 14
51 94 37 6 54 1 5 23 29 42 4 44 73 20 30 60 71 55 53 9 21 58 5 12 67 91 1 42 52 82 89 31 73 94 57 89 31 46 42 45 68 89 3 10 44 63 73 50 78 42
23 11 2 25 36 50 24 20 87 97 92 39 68 17 78 89 12 25 56 26 41 55 1 40 73 52 22 67 72 67 44 38 89 33 87 96 99 81 81 45 90 67 59 77 48 32 6 84 88 97
19 39 14 10 28 97 17 4 15 3 8 32 6 52 44 10 4 97 36 87 82 40 16 31 53 63 78 17 8 93 4 80 50 68 76 67 76 50 46 80 28 38 60 72 81 95 20 65 67 3
6 9 44 26 61 35 77 34 61 66 51 68 55 45 57 36 72 5 45 91 60 94 75 54 97 14 19 98 44 23 40 12 16 43 64 28 28 94 23 69 3 13 81 65 80 63 84 89 77 66
