10 50 4482 0.02
27 30 78 37 70 14 21 77 33 5 94 50 91 88 52 63 70 42 4 82 12 47 49 91 57 47 51 61 11 39 58 58 10 84 37 92 46 90 11 53 78 18 47 96 73 80 96 79 73 5
71 35 18 67 8 31 16 49 19 81 17 52 48 35 28 70 6 54 54 32 70 40 27 64 65 17 41 65 95 81 6 66 36 98 92 23 8 38 7 61 51 97 34 68 33 71 65 49 76 81
95 78 46 16 10 10 95 17 19 56 53 64 37 44 40 40 54 40 54 4 14 66 63 4 62 30 76 34 93 54 31 7 84 2 46 96 99 86 97 63 63 14 73 85 31 42 23 72 92 56
8 27 43 52 33 5 71 29 99 29 17 36 14 30 76 20 1 4 8 68 81 24 24 42 68 49 12 60 46 57 57 48 14 69 59 87 66 67 54 32 79 74 82 30 77 44 68 94 76 29
10 22 34 2 71 3 58 43 37 11 45 44 11 78 2 31 9 29 93 46 90 40 85 63 70 52 69 22 59 70 83 94 88 99 16 45 13 71 90 49 22 75 43 64 70 14 97 73 62 11
18 1 2 70 16 82 29 98 78 20 7 66 17 41 27 3 58 77 27 11 50 65 90 47 26 97 59 15 65 96 96 94 71 23 99 43 66 18 61 41 71 27 33 35 62 82 27 73 45 20
28 38 30 13 13 58 4 28 2 81 35 20 38 1 96 97 52 70 71 24 28 67 38 36 75 43 30 56 39 61 53 6 19 74 48 44 75 54 81 90 7 69 36 89 95 93 66 33 92 81
29 36 13 23 66 51 26 21 60 14 77 69 72 36 6 84 80 71 67 72 61 29 3 38 30 73 2 78 18 2 37 47 85 34 32 5 80 38 73 82 87 65 90 4 60 45 76 58 94 14
3 46 76 37 2 43 17 41 38 39 61 12 7 3 87 24 71 40 49 55 35 98 69 51 44 70 84 57 36 26 49 56 53 75 58 74 92 52 33 63 82 89 82 84 16 86 55 98 59 39
39 22 21 45 78 87 59 3 21 73 3 5 87 85 29 21 53 30 36 74 28 2 33 63 11 31 87 65 53 53 76 75 92 4 82 67 32 79 95 72 69 83 93 60 99 59 52 47 81 73
