20 50 5429 0.03
28 14 73 4 34 60 53 95 21 20 91 4 84 37 41 4 40 95 37 33 8 89 44 2 86 80 68 28 12 44 42 83 98 51 55 46 62 59 2 53 75 96 57 85 89 97 71 52 95 33
24 18 33 17 82 47 31 17 91 7 5 75 80 74 97 90 68 99 42 78 75 71 53 14 93 46 52 55 60 24 69 50 33 57 6 99 18 82 4 15 70 91 21 98 10 49 58 63 93 78
35 24 5 80 24 9 95 65 48 59 24 93 87 66 78 19 53 21 48 2 90 62 46 66 63 12 65 16 81 34 79 20 85 67 76 74 37 73 13 32 95 35 23 30 40 6 11 82 67 2
71 76 36 86 17 55 8 67 86 49 3 53 37 53 61 47 26 26 93 47 56 5 76 66 66 27 95 28 29 68 46 69 52 26 62 21 21 36 71 96 66 59 31 76 36 56 41 16 72 47
39 79 75 27 7 8 25 58 66 8 78 23 30 61 29 38 33 55 9 10 67 44 21 70 24 86 85 74 20 83 59 14 60 84 97 26 38 75 92 84 35 56 59 20 78 72 10 63 76 10
28 55 23 19 55 76 15 96 27 6 24 60 18 18 41 12 76 34 56 91 30 10 47 53 17 77 77 88 85 65 89 93 39 14 67 15 54 10 55 65 62 8 66 85 76 92 81 94 96 91
32 25 9 7 43 12 78 21 47 64 17 22 26 56 29 68 74 21 57 38 1 28 8 62 34 19 60 12 14 75 93 89 14 90 89 37 98 84 32 14 32 33 45 99 37 89 97 79 24 38
67 21 62 2 33 88 5 71 24 30 70 45 50 82 77 36 22 6 65 93 89 58 48 31 38 52 29 46 39 56 24 53 85 49 27 68 83 98 84 49 55 78 57 44 78 86 96 22 50 93
33 25 2 76 65 10 4 67 82 30 68 76 72 21 77 43 46 13 75 59 85 80 17 21 35 59 14 59 69 3 64 49 72 83 19 57 93 46 71 77 77 86 78 70 82 33 70 80 93 59
10 64 22 30 39 79 55 11 91 4 31 95 70 11 48 32 73 3 10 45 31 9 66 98 96 5 25 14 30 14 50 7 77 60 34 22 32 88 93 77 57 81 84 1 98 95 43 96 58 45
45 79 74 35 75 13 72 9 30 95 39 46 42 3 14 72 17 19 93 93 77 26 88 36 39 90 57 98 62 43 99 25 30 79 55 98 65 77 48 80 62 67 93 94 34 48 92 53 29 93
48 97 26 85 69 36 20 27 51 92 65 44 15 81 31 61 56 67 72 73 3 25 38 97 51 90 75 82 64 44 25 27 31 21 67 46 36 38 66 81 77 18 98 96 96 61 63 54 24 73
32 2 78 57 13 65 49 14 13 16 76 81 78 53 14 22 48 90 94 55 35 3 22 44 98 68 4 30 81 84 59 95 25 43 63 59 69 27 98 26 82 96 88 76 35 1 19 71 26 55
38 46 14 52 4 59 56 16 24 90 52 63 51 39 17 96 65 93 51 42 43 50 65 61 91 66 30 17 71 39 49 69 74 88 73 95 97 8 82 56 63 19 34 88 10 76 75 27 85 42
3 16 44 76 17 22 80 79 11 83 25 30 84 91 10 51 82 53 53 19 12 90 84 29 23 65 83 97 42 89 54 53 83 95 14 38 66 56 96 11 22 69 54 34 2 90 47 95 29 19
30 22 37 6 64 59 19 37 31 32 66 3 48 75 68 82 52 80 63 52 23 51 53 88 22 11 19 58 11 85 78 35 44 9 65 6 49 21 40 23 32 80 43 64 85 77 11 3 59 52
2 6 23 8 51 94 42 3 36 92 52 13 23 17 21 55 49 62 21 68 88 64 87 83 13 64 81 58 50 71 11 63 18 46 36 64 45 94 31 82 83 30 66 50 98 42 52 92 97 68
73 60 83 40 75 31 66 98 87 33 61 48 19 4 76 79 13 38 23 13 51 82 85 28 49 66 27 72 96 68 55 92 78 9 45 88 66 77 77 98 34 90 44 16 47 74 98 80 71 13
48 3 42 32 16 30 77 72 4 63 78 39 46 95 95 53 2 86 21 27 65 95 14 34 6 42 42 59 85 14 16 37 7 92 95 74 41 32 59 58 42 12 92 34 67 66 93 61 59 27
43 47 37 99 91 40 57 6 61 60 13 35 9 33 51 19 91 38 16 62 76 70 62 41 89 10 57 62 55 56 4 50 69 14 64 84 54 48 22 62 31 53 39 12 97 1 87 74 97 62
