20 50 5174 0.03
25 11 23 39 1 41 28 29 5 29 1 67 20 3 51 85 20 79 42 35 39 37 35 66 73 46 65 74 85 2 13 28 36 67 59 22 77 18 86 80 20 99 98 47 63 77 2 67 92 35
20 11 5 60 13 64 22 28 50 71 27 85 40 72 36 69 27 60 35 2 25 19 16 17 51 46 46 67 97 6 87 2 63 14 72 94 35 33 82 58 62 47 83 46 8 12 39 39 22 2
3 56 13 14 57 98 66 9 15 66 43 85 6 95 33 56 83 1 98 59 35 66 26 56 65 75 25 47 27 47 22 64 46 42 12 90 44 1 89 39 76 76 52 70 85 96 58 77 83 59
14 22 70 9 37 54 93 79 17 6 10 51 64 25 30 41 62 33 47 5 53 97 71 89 42 12 6 14 75 78 51 60 5 3 91 46 34 1 29 65 55 72 22 23 96 21 27 33 37 5
2 66 39 83 2 29 70 77 45 17 75 92 56 92 31 64 57 65 62 59 94 11 48 41 15 98 80 81 42 50 79 65 16 77 26 85 58 66 2 3 18 42 66 53 89 66 38 12 19 59
26 95 22 29 6 13 78 2 37 65 65 9 47 7 46 94 7 30 37 58 38 59 76 82 39 60 60 4 30 18 96 65 23 55 61 53 68 86 18 71 47 71 84 61 77 18 64 58 75 58
35 26 51 35 92 17 10 33 34 37 75 10 70 5 80 44 81 31 6 3 77 77 90 69 38 72 47 74 10 86 8 87 72 80 39 88 84 80 94 52 39 49 60 77 27 74 45 94 89 3
51 49 27 53 58 8 16 81 75 86 97 11 56 36 72 9 42 33 95 37 93 42 83 32 66 80 30 56 55 64 37 1 85 56 37 35 19 96 78 43 71 22 92 25 90 96 96 96 94 37
21 14 58 33 79 6 38 25 20 39 7 80 84 82 27 12 50 41 44 35 10 4 5 11 13 57 94 64 66 79 98 45 1 63 73 26 77 9 24 67 8 40 41 15 44 71 86 27 9 35
4 90 11 44 57 11 40 35 66 57 39 31 19 42 56 13 27 53 27 95 34 63 13 54 63 61 43 50 91 96 10 81 90 43 83 88 35 18 27 93 95 54 64 54 78 1 77 61 59 95
96 47 87 3 45 81 22 5 60 62 17 45 67 19 12 25 84 94 19 10 16 50 89 76 77 7 42 33 26 30 84 84 30 70 18 84 35 98 56 42 70 74 74 72 55 79 86 73 14 10
68 11 19 16 17 82 79 35 39 17 76 60 28 35 86 1 63 26 7 29 2 12 96 35 51 32 18 58 99 13 86 43 76 41 56 20 50 27 84 58 69 35 22 57 49 4 34 78 98 29
40 3 28 29 22 3 16 59 34 56 58 4 31 5 2 78 78 14 73 43 48 57 27 18 12 65 41 27 79 19 14 80 48 62 66 19 60 48 88 42 60 72 15 65 47 89 89 60 9 43
23 39 19 11 48 30 59 61 61 84 80 4 77 32 68 85 18 98 7 26 65 70 70 5 15 26 15 28 76 94 34 37 95 51 52 32 24 94 70 66 46 48 19 55 12 71 78 35 98 26
63 15 55 61 14 56 40 17 32 14 32 40 9 60 49 30 1 12 98 44 11 65 4 88 81 75 52 28 13 75 99 83 84 98 44 55 82 44 27 50 47 23 38 99 56 76 40 91 53 44
4 77 1 86 71 63 5 48 36 4 27 42 5 21 13 78 43 53 9 70 18 49 13 65 72 21 95 93 66 89 27 2 1 44 26 98 77 73 19 57 62 20 38 26 42 97 70 55 48 70
1 26 28 77 75 46 55 46 61 75 7 89 23 71 79 76 86 55 97 95 93 73 41 52 16 45 36 61 37 40 40 74 34 28 51 58 49 59 94 72 65 96 29 72 46 47 79 98 86 95
83 5 62 1 17 69 7 99 26 26 20 36 83 89 5 12 65 47 25 84 61 80 63 41 30 50 90 72 7 38 18 36 95 57 61 34 14 68 48 86 99 93 75 80 76 95 67 4 67 84
23 5 68 57 19 24 44 5 22 26 96 27 24 19 92 5 7 82 55 95 73 42 23 88 92 32 31 25 1 77 69 14 40 79 46 33 51 85 3 37 56 68 90 90 18 30 69 79 78 95
50 25 28 15 27 12 25 54 99 31 22 12 83 84 79 71 50 51 93 93 97 12 98 4 80 34 98 59 34 20 58 80 94 21 86 5 94 66 55 19 37 24 80 57 95 61 38 61 82 93
