20 50 5197 0.03
2 38 30 23 8 34 14 1 78 58 81 57 60 50 20 5 1 3 66 17 40 25 78 8 71 93 46 98 54 19 57 43 48 28 73 77 23 52 66 91 18 54 17 46 72 5 56 88 88 17
27 3 21 4 58 30 2 37 77 12 30 20 12 7 91 22 33 26 55 52 65 71 53 23 46 29 63 35 10 10 2 56 94 43 12 53 36 35 87 97 85 85 74 65 45 73 95 5 54 52
1 18 2 85 89 75 7 23 31 5 72 33 2 74 8 25 61 40 65 67 14 49 25 11 10 46 35 65 96 54 50 89 5 87 62 23 18 54 57 68 65 33 95 88 15 56 70 87 16 67
7 81 6 94 35 11 89 36 57 12 4 2 31 54 71 28 24 79 57 55 98 48 62 70 62 18 72 21 67 82 16 24 71 72 19 73 74 83 31 69 70 93 10 87 93 95 75 16 16 55
17 4 69 6 84 93 53 88 65 56 12 38 60 9 56 96 78 18 58 59 93 5 45 83 71 3 66 60 85 84 55 66 36 51 26 40 19 93 85 74 58 51 38 60 23 96 15 84 7 59
6 62 1 25 88 44 5 60 33 27 26 21 51 76 2 43 40 71 38 49 76 13 64 5 56 6 23 5 67 9 9 65 27 35 81 33 94 87 94 29 49 98 10 7 90 76 93 27 63 49
42 1 54 70 18 95 88 59 34 24 15 79 85 67 31 48 74 41 5 67 40 36 46 1 6 62 13 95 22 21 88 25 77 98 35 68 25 45 31 82 93 80 76 29 97 36 44 61 41 67
98 26 84 6 51 2 72 4 47 44 55 25 44 29 15 92 41 27 26 65 39 84 18 44 23 29 40 60 10 12 42 79 55 2 71 70 79 89 17 93 56 92 74 88 93 1 64 94 99 65
70 28 62 2 21 1 33 34 45 55 54 99 32 28 11 43 41 23 66 66 30 74 6 70 22 50 41 32 45 63 46 12 65 63 51 75 11 48 16 20 66 4 70 97 74 97 39 59 54 66
71 45 71 52 12 41 33 17 24 52 4 15 56 49 22 35 46 14 93 3 22 48 59 16 95 31 95 22 99 11 78 45 17 76 82 68 51 66 88 88 87 45 30 53 9 85 87 4 44 3
22 49 34 26 13 49 50 70 6 31 15 20 61 48 28 61 44 78 39 53 71 45 65 87 83 29 12 51 34 36 58 22 93 69 93 59 35 67 83 13 86 65 11 96 88 1 4 34 89 53
14 11 18 20 11 56 71 81 22 82 79 45 22 53 19 15 88 56 42 54 45 25 82 82 19 62 79 13 1 59 60 54 92 98 80 60 87 18 99 63 11 92 75 8 98 32 8 24 71 54
58 37 13 60 17 10 28 74 90 87 36 76 10 9 44 70 19 94 40 27 40 8 97 80 86 60 62 59 72 92 94 82 37 7 41 70 82 58 19 25 46 68 87 67 69 70 71 78 92 27
37 37 18 50 66 17 36 21 7 65 68 47 50 99 86 50 5 82 7 58 8 69 52 86 37 62 34 4 7 30 61 8 92 52 77 88 92 14 9 16 47 10 98 29 96 70 62 77 53 58
8 61 19 42 26 7 38 34 4 2 59 90 17 97 92 34 60 39 50 56 22 20 60 80 72 65 4 25 99 50 76 92 70 46 59 23 89 12 82 59 42 40 58 51 25 56 41 90 73 56
43 5 50 27 23 55 25 77 37 27 78 38 61 1 67 94 69 55 27 80 65 79 2 44 20 55 60 31 81 61 99 91 13 94 70 77 27 74 63 2 30 20 15 12 4 75 91 85 54 80
2 60 7 66 43 88 52 21 49 65 46 4 95 46 69 23 54 24 64 5 12 58 12 31 84 45 44 98 9 97 55 63 31 78 46 13 5 49 52 58 8 15 69 29 18 73 3 94 83 5
69 21 76 98 21 26 36 55 55 28 23 72 38 2 49 56 38 85 20 82 7 50 15 58 10 74 65 98 20 79 10 10 19 16 3 19 81 84 21 29 27 76 75 11 1 33 90 52 74 82
25 93 75 8 16 61 15 9 26 56 49 54 12 25 22 29 71 53 79 6 96 99 50 38 6 82 18 20 85 95 38 50 9 7 3 41 42 5 12 42 20 17 47 85 15 57 74 68 67 6
64 21 56 8 77 22 89 50 76 83 68 44 89 69 94 33 25 6 28 9 51 32 55 30 69 58 91 71 43 46 20 53 79 24 63 21 81 19 41 41 98 50 70 96 83 64 74 92 88 9
