20 50 5251 0.03
48 15 75 12 64 26 66 22 8 66 30 43 85 7 35 7 49 72 18 6 78 86 87 28 16 79 7 4 78 80 69 2 52 40 71 43 90 46 33 92 34 63 87 27 87 82 71 73 51 6
23 36 30 28 73 51 30 24 56 12 29 21 42 57 11 5 62 34 9 21 28 36 40 25 51 34 15 99 91 49 27 84 98 94 3 33 69 97 10 69 48 44 70 43 48 41 30 86 54 21
51 71 32 49 23 52 55 34 29 24 76 78 27 19 63 86 4 59 30 12 72 21 36 34 24 39 92 72 52 19 22 43 56 54 46 28 5 63 85 84 92 70 56 79 77 37 83 16 99 12
26 6 6 31 49 53 21 85 72 46 95 32 4 88 49 3 88 98 62 68 1 3 95 93 56 59 48 66 79 74 94 44 72 57 97 30 1 95 90 46 15 11 2 42 18 64 20 82 81 68
8 29 57 40 30 42 5 25 60 75 15 91 97 87 4 8 56 4 51 97 81 14 76 24 69 16 75 43 81 60 30 88 39 10 86 33 90 23 55 37 77 57 8 80 97 2 93 97 38 97
82 4 46 34 73 54 13 53 73 56 37 72 26 79 46 86 37 22 76 25 33 17 67 15 46 72 72 75 32 25 94 52 48 66 68 3 81 31 54 97 82 68 93 82 46 99 87 58 62 25
1 49 33 15 38 67 8 73 7 14 21 81 2 1 57 46 42 29 21 38 92 32 14 25 64 63 35 12 61 89 23 71 59 8 3 92 6 48 89 77 2 54 79 96 60 59 79 58 75 38
32 8 22 67 11 54 9 30 75 51 30 27 59 71 93 80 96 75 51 89 8 98 7 73 6 10 13 68 59 98 41 41 7 59 97 67 32 84 74 38 98 63 78 74 81 48 65 31 75 89
1 59 68 13 98 40 83 7 52 46 71 12 94 12 22 10 35 95 69 36 5 56 57 90 66 70 25 26 30 49 41 64 46 69 58 53 83 3 89 59 18 39 12 28 47 96 55 81 48 36
2 12 64 51 30 19 57 57 33 65 8 45 33 34 8 33 56 35 82 11 20 13 8 5 46 24 53 38 31 39 43 58 71 76 96 86 62 65 49 21 54 59 22 96 56 8 89 12 88 11
28 44 20 60 14 10 97 51 29 6 9 18 15 70 99 79 19 4 71 18 69 67 77 62 5 30 44 22 9 45 23 17 87 51 51 96 98 30 50 81 88 46 80 59 93 65 98 78 97 18
43 81 45 26 20 30 79 52 6 81 15 56 69 54 22 82 35 85 6 99 41 55 21 29 42 58 34 51 54 94 78 69 10 53 66 67 80 31 14 63 84 46 27 75 90 64 54 84 41 99
4 35 43 83 15 24 3 41 33 81 49 78 14 55 37 80 41 88 66 75 24 87 16 81 79 59 79 74 99 91 67 13 48 35 49 5 93 89 2 40 70 55 92 48 82 27 10 29 46 75
44 38 13 2 1 61 3 55 20 7 9 14 69 8 96 80 40 10 31 69 10 48 10 81 55 41 37 28 61 43 75 82 84 27 10 89 42 40 86 23 53 88 33 35 5 89 15 38 44 69
44 28 7 6 8 24 12 3 84 17 45 53 27 60 51 77 87 57 73 68 87 81 42 69 3 57 89 61 88 78 85 94 36 69 61 18 58 15 15 6 58 65 36 14 81 29 84 63 47 68
82 1 62 69 81 46 81 70 25 9 79 56 84 10 63 14 38 40 38 51 82 70 38 64 76 32 39 99 27 29 33 4 11 18 68 84 58 36 22 73 44 66 73 83 16 64 67 93 73 51
6 46 32 9 70 42 68 9 69 59 97 6 77 61 72 39 10 6 45 13 68 24 97 15 83 77 82 1 12 8 24 59 49 51 2 84 30 91 73 49 17 86 71 99 51 82 5 36 51 13
49 34 2 70 7 30 3 10 23 62 39 44 9 20 37 56 30 82 5 34 27 25 10 37 66 30 56 45 14 25 40 92 54 98 63 46 36 44 83 25 71 82 51 41 12 89 89 78 50 34
57 57 49 70 2 20 75 50 33 3 36 12 3 69 43 25 94 41 90 77 77 39 78 74 74 64 4 37 4 28 37 23 97 71 3 88 43 53 71 88 13 51 85 2 58 30 97 54 81 77
34 22 37 21 79 55 38 70 34 46 73 52 81 64 32 45 24 25 69 60 64 96 93 45 47 63 80 59 34 3 93 41 28 50 58 15 12 93 49 31 92 18 78 45 49 99 13 61 50 60
