20 50 5349 0.03
56 41 47 11 7 36 96 53 51 84 80 23 99 30 3 27 80 42 17 6 9 11 71 23 58 22 13 81 61 42 82 36 89 52 3 75 62 6 36 28 55 20 69 37 71 86 86 85 5 6
38 77 63 3 11 22 72 14 81 66 22 12 52 15 14 16 5 46 10 51 15 88 96 54 82 62 88 68 59 4 70 57 7 71 41 86 53 83 82 67 97 82 26 82 3 86 59 71 90 51
31 7 68 17 72 84 73 10 81 14 20 18 97 27 53 11 50 12 2 97 5 15 22 2 18 63 61 85 87 30 18 77 10 47 12 97 67 98 78 85 86 68 76 37 99 69 3 87 96 97
21 48 12 26 33 54 37 85 30 44 32 28 34 36 31 7 1 84 19 21 93 8 4 81 51 94 65 64 70 30 48 45 98 53 9 24 8 34 61 73 30 57 76 85 87 82 69 86 7 21
49 5 32 98 38 98 3 23 5 68 15 34 17 81 2 56 34 11 12 87 12 99 24 42 58 1 32 29 71 82 49 64 68 10 73 44 80 82 45 75 71 60 35 11 33 70 52 61 85 87
35 11 25 72 90 21 59 7 16 41 75 56 23 79 35 65 11 86 24 82 68 20 44 63 37 29 24 13 7 58 50 55 42 25 37 80 15 19 42 64 12 5 50 91 74 24 88 56 48 82
97 1 25 33 55 84 10 15 26 44 45 6 5 88 86 84 52 39 75 12 68 13 22 95 22 15 85 19 9 95 85 10 20 79 35 94 40 54 62 51 70 79 39 9 87 36 42 60 63 12
2 46 20 62 25 5 3 61 23 43 41 14 2 12 25 97 95 64 61 86 79 40 89 48 45 36 77 45 5 96 96 69 18 70 31 71 86 89 13 61 50 37 86 63 30 52 92 12 28 86
27 3 6 32 82 77 97 10 38 13 71 43 13 13 26 58 45 82 39 6 27 74 75 55 88 50 85 64 40 45 95 40 35 49 95 66 81 1 97 41 6 45 86 44 44 88 22 18 83 6
37 62 26 74 89 30 30 21 64 83 35 57 95 58 90 26 29 26 24 38 59 71 18 87 3 62 80 36 72 6 15 67 43 61 95 56 49 28 32 73 85 75 95 97 17 2 93 81 69 38
50 24 35 2 26 7 20 82 88 31 23 3 98 54 77 33 91 29 52 44 43 83 2 51 56 38 92 79 38 50 11 97 74 61 89 16 93 49 29 8 88 42 68 62 83 26 92 69 59 44
42 2 55 5 21 43 62 89 19 54 39 44 50 1 6 62 8 88 42 33 93 55 4 18 60 70 46 78 69 32 24 67 28 82 71 18 76 3 54 13 51 60 14 12 68 96 21 35 99 33
59 8 26 4 21 5 30 31 4 27 46 79 17 65 58 33 74 24 97 8 3 29 74 1 59 78 29 48 80 90 94 48 67 68 80 18 71 86 29 34 61 79 81 49 37 34 79 96 76 8
23 19 32 6 61 58 52 55 45 33 78 58 5 22 74 37 96 89 98 98 21 21 82 20 20 66 5 49 82 85 27 26 63 21 3 92 12 72 60 32 92 85 13 74 64 59 48 32 28 98
22 50 46 81 18 12 3 22 69 22 1 55 57 58 48 31 77 70 5 93 26 73 21 79 51 86 17 46 41 14 12 11 65 36 73 37 37 61 71 33 37 71 39 99 37 54 29 45 89 93
17 21 57 26 42 1 66 49 1 53 64 47 8 80 49 21 33 19 69 38 68 92 92 64 6 97 16 48 11 14 95 82 25 52 62 37 36 90 82 59 37 41 89 90 32 75 69 80 85 38
30 78 18 27 56 33 30 26 64 70 12 81 27 21 69 71 10 3 24 40 97 6 25 33 63 11 24 50 52 78 6 51 72 65 53 41 54 40 7 60 68 56 97 43 95 87 41 2 48 40
31 59 84 85 41 43 36 45 57 39 77 83 50 28 83 88 26 6 78 45 20 73 51 34 79 32 41 82 48 28 67 73 55 64 77 31 85 70 65 56 19 23 52 65 98 21 99 68 44 45
15 75 14 81 25 25 16 58 81 18 62 64 47 41 14 88 27 72 95 27 89 47 28 99 22 53 8 11 48 74 88 9 80 58 15 25 5 66 42 97 30 81 12 89 22 99 97 66 56 27
2 72 78 35 5 95 49 95 9 27 37 80 96 84 55 2 69 27 79 18 35 23 98 5 80 4 96 14 69 77 9 64 90 26 99 50 51 44 90 99 81 64 31 6 65 7 8 98 86 18
