20 50 5374 0.03
60 62 5 51 61 17 65 49 43 50 52 46 39 98 33 1 15 27 47 14 15 3 25 35 62 88 2 3 89 25 97 29 39 48 1 33 95 78 74 77 82 51 66 74 1 45 21 94 77 14
6 88 37 38 24 15 97 28 57 90 1 76 54 85 95 78 89 47 37 42 62 87 31 37 76 15 20 69 41 44 7 51 54 71 63 16 66 30 93 69 67 81 81 70 60 76 46 19 36 42
32 5 9 75 1 25 10 60 31 19 15 41 88 4 81 79 91 42 12 75 89 59 35 95 47 10 79 40 47 95 34 12 55 81 38 78 78 33 45 67 21 14 79 81 88 58 78 11 57 75
4 26 1 38 34 16 80 92 67 68 5 67 41 14 20 57 26 12 87 30 83 90 59 22 5 40 77 23 43 54 58 44 7 46 54 77 28 90 69 95 84 38 98 18 89 76 60 97 83 30
10 3 74 3 44 31 50 79 67 37 93 76 67 14 74 75 4 15 45 23 70 25 9 25 32 4 33 54 91 74 71 63 2 60 14 55 15 79 79 94 48 74 7 44 94 95 97 75 64 23
40 81 87 5 11 37 8 23 25 21 19 16 48 95 32 36 75 19 88 67 23 82 35 5 28 6 64 88 32 29 11 26 91 68 55 9 56 53 99 86 41 12 32 54 39 19 89 27 67 67
71 71 18 79 78 59 25 39 26 49 67 31 53 25 62 1 40 45 25 45 96 81 97 36 62 15 13 91 74 26 50 61 52 3 76 78 66 95 23 9 20 42 39 63 34 82 54 34 58 45
34 35 56 7 92 58 23 85 91 13 71 55 35 33 8 49 1 81 41 86 43 32 84 36 86 52 38 65 63 35 10 14 99 63 53 87 7 72 32 45 36 94 53 19 84 67 61 47 72 86
58 59 70 98 64 62 19 47 20 64 99 26 2 45 47 42 41 68 86 16 23 43 30 31 6 82 80 81 51 44 89 50 82 60 96 15 36 15 61 1 16 97 29 84 68 92 70 12 19 16
54 88 80 41 82 25 65 9 30 58 54 40 61 20 95 93 18 70 81 58 97 32 20 84 51 96 27 64 6 29 7 45 5 12 87 93 92 95 22 64 13 95 21 82 65 28 59 85 92 58
45 46 24 90 59 92 59 33 22 39 17 92 85 54 25 11 55 63 23 3 97 90 40 30 94 56 87 61 51 29 80 60 85 73 81 38 9 78 92 58 94 64 99 1 44 91 60 14 72 3
8 15 21 61 7 54 18 5 64 60 27 62 9 98 89 77 94 2 39 20 44 43 22 88 34 83 96 43 85 85 93 30 86 1 94 71 41 33 53 53 77 75 94 80 54 99 21 12 87 20
4 12 57 7 89 54 52 9 77 26 37 20 13 27 95 47 50 66 8 91 50 8 99 58 33 97 80 17 7 38 38 66 3 87 70 7 76 70 24 2 45 69 8 72 13 28 68 98 76 91
52 61 46 11 21 33 2 48 53 51 52 11 87 6 86 17 67 57 81 12 4 67 31 27 7 24 34 14 82 86 98 72 50 61 25 89 98 25 60 14 86 99 7 75 84 36 61 73 81 12
73 17 70 23 58 30 36 49 94 51 71 7 33 18 3 8 76 60 23 68 4 21 23 20 47 5 92 41 71 94 8 75 69 16 38 3 19 9 88 60 65 39 62 41 42 96 81 82 27 68
50 11 39 7 11 38 51 15 27 38 5 42 27 67 7 34 2 38 41 89 28 22 65 57 69 21 58 50 29 76 39 78 16 32 42 43 26 82 10 46 73 8 69 13 46 16 83 76 27 89
1 39 22 64 26 71 15 84 11 54 17 59 12 48 19 50 17 31 21 75 37 45 99 94 97 65 97 33 5 63 24 65 39 71 24 60 70 48 35 65 1 39 33 38 94 89 45 89 1 75
31 9 11 6 6 54 52 52 3 64 13 32 92 78 9 71 71 38 78 33 53 30 22 87 39 65 2 14 51 24 69 57 86 57 52 33 89 61 99 87 98 6 67 64 34 34 33 92 88 33
85 6 22 26 31 18 72 46 23 2 88 54 72 27 31 20 17 73 12 5 3 72 54 61 6 60 8 67 12 5 72 74 41 68 55 79 1 7 10 35 68 29 86 88 77 8 9 66 78 5
20 23 8 48 18 67 74 25 55 36 96 57 4 71 23 93 91 88 67 95 34 23 82 35 83 96 3 72 74 49 59 55 79 82 44 99 96 12 4 57 52 65 90 73 26 1 47 41 31 95
