20 50 5253 0.03
46 54 2 17 14 43 6 79 65 78 16 63 1 47 5 44 30 12 89 6 90 45 74 87 20 33 37 86 67 39 77 14 61 23 80 52 52 35 76 72 97 53 68 58 22 40 98 56 93 6
55 21 45 29 51 53 55 34 75 59 24 47 41 21 94 82 60 38 32 53 68 43 15 15 99 28 94 3 78 61 54 59 26 82 51 63 23 90 66 55 95 31 97 72 89 49 57 84 29 53
14 42 78 4 28 38 74 44 32 9 51 27 50 57 81 17 45 77 38 23 69 35 79 2 20 3 21 94 63 36 55 98 4 12 56 26 99 98 69 65 7 4 61 29 97 24 92 50 96 23
56 28 29 32 43 91 3 49 25 24 23 63 44 88 4 73 97 51 28 27 94 96 69 94 60 44 16 35 81 3 83 40 98 13 93 78 54 34 6 6 17 25 39 17 91 49 14 55 99 27
32 11 14 26 26 24 20 47 5 40 12 78 77 39 7 73 95 23 52 55 8 61 58 75 3 27 46 30 4 32 29 16 89 62 99 53 16 30 62 35 7 92 64 18 77 67 5 86 97 55
5 21 37 66 57 3 84 38 40 41 75 12 28 38 45 40 41 70 46 89 22 1 83 59 80 41 33 72 18 86 42 58 14 85 28 43 7 68 78 91 84 36 17 76 99 76 77 65 74 89
33 74 95 20 24 51 33 7 23 7 7 92 38 68 78 6 23 3 31 68 59 85 58 2 39 44 69 63 20 84 81 54 3 27 44 71 80 83 63 94 27 84 6 51 35 59 72 68 47 68
20 24 68 92 56 39 91 33 18 19 42 37 51 1 23 52 1 43 15 68 45 9 28 61 18 74 71 44 40 47 83 21 39 1 70 67 14 68 83 27 86 99 82 85 70 85 87 47 87 68
99 76 12 82 49 48 91 84 13 30 46 77 68 31 58 84 74 38 37 84 51 82 9 49 35 57 60 16 98 43 90 81 18 84 80 73 86 84 49 88 71 52 86 7 56 17 21 79 55 84
20 21 54 70 33 72 43 23 38 68 61 37 88 1 86 14 3 44 18 8 14 50 49 6 62 81 4 75 83 78 43 58 59 55 35 90 62 33 63 36 48 67 60 80 13 47 73 64 60 8
14 18 51 35 35 17 50 83 62 47 2 85 5 58 1 2 13 81 51 55 60 48 79 37 61 4 52 19 8 21 6 85 26 30 48 68 51 30 50 7 92 94 40 94 60 99 78 22 44 55
81 52 11 27 30 31 27 18 63 51 81 29 88 30 8 39 60 93 74 43 1 55 15 45 61 22 35 87 27 62 65 78 68 76 67 79 42 25 2 75 42 25 63 73 92 94 53 73 16 43
45 42 43 11 6 41 65 67 76 31 47 91 56 78 79 19 87 40 4 15 60 22 20 75 94 85 30 26 62 67 2 92 57 96 26 55 34 13 23 72 73 15 82 37 17 81 25 59 41 15
53 73 7 20 74 11 33 35 98 87 17 15 4 43 3 48 7 70 78 49 71 59 39 37 82 80 30 54 63 99 39 31 91 48 66 19 69 45 34 93 52 69 1 81 40 68 28 90 48 49
24 3 35 67 74 72 1 26 35 28 75 6 56 86 73 65 89 83 32 8 71 36 60 37 17 86 93 1 54 49 55 99 97 43 50 41 40 16 92 9 68 66 99 43 68 37 90 19 54 8
12 3 57 18 64 20 26 74 54 62 65 49 7 41 90 77 15 53 47 89 50 42 26 65 22 60 94 42 66 66 72 90 88 57 54 20 98 98 71 78 83 83 63 22 3 74 23 87 83 89
4 72 19 82 64 86 55 31 57 5 68 24 98 16 9 37 59 35 94 60 7 24 95 44 45 50 39 84 32 2 6 1 65 87 45 4 99 99 21 55 24 71 95 88 80 16 31 62 17 60
15 9 23 26 22 29 66 6 57 80 92 3 8 98 28 51 29 31 22 14 19 21 51 50 49 97 61 83 91 8 93 84 89 96 42 71 42 93 89 80 52 63 34 91 36 39 62 50 72 14
15 17 3 16 48 72 16 53 16 94 18 3 26 26 85 58 55 35 83 83 50 99 21 89 74 27 35 20 63 93 53 10 69 29 26 20 39 22 22 65 69 58 5 68 90 77 92 84 71 83
12 29 38 9 20 2 6 27 35 36 75 61 66 35 51 40 41 10 74 53 70 73 62 73 65 66 99 99 25 91 40 1 15 77 26 95 84 28 83 2 18 40 73 53 19 64 88 25 46 53
