10 100 8305 0.13
2 30 3 20 8 46 23 35 30 14 20 4 23 38 55 2 10 21 10 33 3 1 56 25 17 29 54 78 12 5 60 30 77 27 46 37 81 58 7 58 50 12 65 40 23 2 53 22 48 65 5 52 78 56 73 8 77 72 26 18 1 66 52 71 43 34 91 71 97 74 66 91 28 93 43 5 57 87 12 94 85 45 53 17 35 54 98 73 88 19 45 54 57 63 46 85 90 36 95 14
1 11 81 2 89 35 18 21 2 7 8 94 85 18 57 16 82 6 67 24 40 23 70 49 67 18 33 31 12 25 2 4 57 7 62 36 72 5 54 35 74 31 87 14 70 89 62 28 5 98 16 54 25 24 62 11 23 15 79 65 61 57 55 10 72 75 71 48 69 10 65 68 87 46 89 56 33 31 19 71 70 79 73 95 83 96 65 95 16 54 93 16 50 72 88 93 74 74 75 7
17 44 62 21 84 66 19 5 69 53 56 25 6 4 38 9 9 1 67 40 18 88 15 5 59 6 51 65 27 96 60 26 33 6 56 60 12 56 76 88 9 51 7 93 5 5 64 43 36 76 27 93 45 65 26 83 40 23 71 58 78 85 49 71 35 93 2 13 29 10 58 74 51 3 66 96 38 94 81 27 49 92 33 38 87 85 60 76 7 84 90 63 55 23 60 98 81 94 93 53
42 2 26 25 18 13 25 60 54 88 31 6 70 1 26 42 12 84 10 41 41 59 44 36 67 29 80 34 44 48 85 55 47 98 23 4 15 24 29 51 67 44 88 40 44 72 18 92 77 39 94 45 46 79 35 1 68 97 27 93 74 31 65 6 2 95 15 84 93 74 5 82 98 62 25 36 79 17 71 55 56 81 70 76 89 22 95 1 41 21 93 99 88 40 29 92 79 79 64 88
70 41 45 15 21 41 11 22 62 33 11 52 2 28 93 78 11 71 99 46 23 34 39 74 66 31 4 45 52 43 32 4 24 71 95 17 54 55 49 12 28 56 53 30 16 33 59 35 65 22 4 48 6 45 51 70 75 74 14 66 41 16 3 22 76 1 22 48 88 30 66 20 63 50 12 97 99 88 82 17 87 2 68 70 66 45 32 85 54 63 9 44 46 95 97 45 78 51 87 33
22 56 11 45 13 12 35 13 34 50 28 20 26 49 42 60 59 18 1 88 78 70 4 45 53 62 65 6 82 61 61 79 22 14 19 81 15 31 53 11 48 22 8 71 82 71 82 15 93 45 24 67 65 54 93 87 59 88 56 86 44 83 54 83 98 49 19 25 63 75 39 13 69 29 22 1 20 99 80 92 11 18 60 11 18 34 51 32 89 36 98 71 58 79 96 92 93 87 8 50
58 17 37 47 17 62 82 4 13 28 44 50 60 37 7 61 30 18 7 5 94 74 71 8 27 62 68 90 65 70 10 68 7 37 37 21 36 87 99 66 9 50 29 40 86 36 52 50 37 8 77 58 97 8 41 80 70 69 82 46 19 19 58 86 52 10 86 69 16 98 40 25 7 60 82 70 76 9 77 92 47 33 88 87 14 72 59 70 92 92 96 53 94 34 67 10 85 92 62 28
8 55 5 38 26 4 89 31 19 38 92 27 42 61 27 99 61 50 81 69 39 34 41 20 56 55 40 4 27 34 17 78 37 43 20 77 59 2 1 23 97 61 12 22 44 25 2 94 70 65 85 12 60 91 59 80 23 25 55 42 60 82 80 72 94 7 67 79 2 15 50 59 46 65 92 56 90 63 70 13 30 48 77 58 74 99 25 75 73 50 4 54 76 60 51 20 29 27 91 38
2 26 21 72 43 44 5 98 7 52 69 98 66 60 20 10 79 76 20 38 24 21 3 58 5 74 15 49 28 23 95 23 55 69 10 55 46 65 2 21 46 38 11 12 58 36 15 56 31 7 52 49 12 10 46 31 13 18 85 8 54 52 82 84 16 88 49 50 29 75 64 58 78 45 63 73 4 21 3 19 27 87 19 69 84 9 98 33 83 97 1 74 55 65 29 76 37 81 90 52
25 22 21 44 16 18 42 71 75 15 22 8 8 93 28 20 46 56 43 25 53 9 74 99 6 58 17 26 83 29 12 68 76 64 69 50 49 56 69 77 25 89 96 96 30 89 55 33 9 51 92 5 50 53 3 38 41 15 6 20 71 12 9 6 24 61 94 32 41 70 79 42 7 82 50 57 54 41 63 79 98 77 21 47 19 85 20 64 67 95 83 88 38 91 85 50 18 81 74 15
