10 100 8515 0.13
14 13 4 80 6 53 60 10 42 61 2 2 5 3 37 95 6 17 95 39 22 65 53 46 52 96 19 92 71 18 66 71 69 50 52 79 2 26 21 84 89 52 4 87 98 44 11 9 35 62 33 15 22 49 31 4 63 52 3 94 81 41 59 44 85 43 83 35 92 24 90 42 86 29 30 95 89 62 51 64 57 82 56 31 23 73 98 49 79 91 46 62 46 66 49 70 81 79 70 61
25 43 39 38 11 77 9 54 61 31 42 10 64 34 60 30 12 4 5 98 56 62 97 44 36 22 93 61 4 93 35 45 45 66 65 99 82 61 89 20 26 69 56 2 55 74 43 73 42 7 71 60 74 35 88 26 33 2 19 43 69 43 40 2 76 65 67 90 98 84 83 93 42 92 70 84 1 58 22 48 91 31 95 48 71 46 65 79 63 79 50 93 32 6 46 98 49 58 80 31
14 10 98 6 31 8 14 47 6 16 70 47 21 15 13 8 73 82 62 67 75 69 8 14 16 91 63 91 44 99 51 55 27 21 73 41 42 38 67 30 23 72 67 40 65 23 96 85 38 13 99 20 57 82 22 92 92 53 96 90 83 47 32 14 73 88 97 80 3 53 80 34 90 78 66 64 28 54 94 25 46 31 97 91 36 37 57 67 98 31 66 60 91 88 99 89 92 88 74 16
36 88 15 61 75 64 20 7 12 22 88 48 62 32 22 72 11 8 84 19 1 10 49 58 70 18 20 29 24 31 57 27 18 26 2 21 90 67 66 66 62 30 18 89 66 96 65 68 64 53 41 27 98 65 23 25 13 16 32 33 14 91 80 25 61 3 38 76 47 39 56 55 7 25 53 5 53 95 96 29 46 53 35 83 91 70 87 89 46 26 75 97 36 69 25 58 52 92 88 22
40 35 27 20 77 5 37 38 56 20 45 58 63 83 92 33 39 27 21 27 76 28 27 61 23 6 26 45 61 9 46 47 45 74 66 41 51 38 50 6 92 23 62 57 16 31 46 12 8 56 55 49 65 60 68 93 23 60 56 47 62 30 63 90 45 43 12 59 42 54 78 56 66 78 21 76 55 39 73 49 3 49 33 58 70 52 56 63 41 79 72 75 79 83 53 66 99 14 98 20
19 40 58 33 6 5 66 68 5 9 36 12 4 65 68 14 56 82 20 56 98 2 67 28 64 1 10 3 63 26 94 37 97 83 28 49 63 74 70 54 50 22 83 9 36 95 76 58 98 53 6 93 83 60 94 63 68 43 51 26 74 67 43 94 22 97 52 25 69 2 8 85 81 53 72 73 76 50 42 78 72 84 14 39 22 94 80 50 93 53 74 55 37 91 75 68 96 78 67 9
17 17 12 33 7 20 6 89 6 34 14 41 32 43 17 3 45 40 10 9 7 45 20 76 26 91 64 60 1 72 7 82 56 75 87 23 47 41 40 58 7 18 88 22 75 88 94 11 79 93 82 45 15 76 35 93 86 92 95 85 22 69 97 61 91 34 24 71 24 84 33 91 95 2 59 58 60 58 85 91 78 68 29 82 77 95 4 63 40 92 71 10 75 62 91 77 56 67 80 34
12 1 39 13 65 69 31 31 75 11 64 98 28 70 52 84 17 94 40 32 58 86 41 10 4 46 46 16 51 35 28 43 36 18 4 89 35 15 37 83 83 97 47 75 21 25 17 60 95 2 63 63 59 39 83 50 53 53 60 59 34 33 18 92 43 73 67 54 83 95 71 86 40 90 82 54 40 93 28 85 93 31 68 56 60 50 45 92 27 71 79 68 76 94 94 15 70 85 12 11
11 45 5 20 80 6 89 16 44 96 3 82 57 83 19 43 86 76 58 85 3 15 33 29 80 56 69 19 77 4 81 43 69 46 69 7 41 94 29 71 29 59 18 96 17 39 46 77 54 97 28 85 11 49 32 18 34 92 61 38 39 95 33 63 6 72 96 69 23 79 72 22 49 46 92 3 88 54 47 88 54 87 92 44 73 23 62 28 47 81 88 99 95 77 77 96 98 48 76 96
56 2 25 39 12 69 52 27 80 92 45 15 83 3 51 53 93 9 45 10 49 71 62 92 88 33 53 52 75 87 9 27 19 28 42 43 43 50 36 35 50 73 76 42 70 6 29 75 16 95 56 80 55 29 75 91 91 93 84 44 82 45 96 76 63 49 33 15 94 64 8 16 27 93 42 76 98 29 56 40 59 85 85 76 85 72 59 46 92 35 26 32 96 27 75 51 1 87 95 92
