10 100 8283 0.13
3 37 2 18 28 15 99 52 32 69 29 51 49 56 96 6 35 20 42 69 41 67 27 11 81 95 67 24 84 54 49 85 70 69 87 39 64 14 23 64 83 20 18 24 11 10 67 5 92 83 16 87 74 19 40 7 78 68 54 27 31 65 42 80 78 66 61 43 22 49 60 72 86 59 40 35 33 3 43 54 94 89 97 9 95 84 7 47 43 57 90 88 88 52 70 37 60 72 15 69
35 19 31 7 7 66 5 46 77 15 71 63 44 57 65 43 41 70 8 19 14 31 63 17 18 91 46 76 30 93 29 30 31 47 2 20 41 38 41 94 82 79 24 72 26 99 29 11 19 40 76 17 80 15 37 86 38 1 35 76 52 57 11 55 31 77 74 91 72 73 92 26 80 44 89 76 97 92 76 48 99 37 49 71 63 47 57 58 20 21 79 19 9 86 63 89 98 59 66 15
31 17 1 10 3 27 28 11 64 7 84 25 5 4 40 41 91 48 45 76 74 99 5 1 46 12 34 32 1 63 98 37 60 36 10 95 12 58 62 46 23 96 67 31 98 41 62 85 89 56 23 73 41 90 76 42 19 10 96 11 55 57 1 68 24 62 37 75 30 95 64 71 20 86 93 79 85 59 66 66 3 26 99 93 38 25 83 42 62 91 2 72 44 11 59 54 51 29 55 7
4 23 17 25 65 15 8 46 13 95 26 66 27 34 11 70 22 28 17 39 76 20 69 40 7 20 2 14 24 16 1 62 35 8 80 40 40 86 75 4 54 23 84 26 10 50 41 24 52 73 2 87 48 22 87 50 23 50 96 74 92 40 50 23 77 33 95 77 25 84 87 49 94 75 61 24 40 42 51 25 82 84 52 59 83 81 26 78 27 97 73 6 80 86 73 74 72 88 86 95
38 33 22 8 3 60 66 71 44 3 20 8 8 82 71 68 34 42 59 30 72 63 4 24 97 6 7 10 24 3 34 20 7 5 29 83 54 63 45 57 4 4 42 77 73 11 2 75 66 9 94 64 55 31 30 85 60 77 57 49 10 52 95 25 60 29 22 88 7 34 18 79 62 12 35 76 56 36 67 87 10 95 22 46 7 18 96 12 20 81 82 50 79 70 67 83 85 21 65 3
72 50 72 12 4 6 49 2 28 38 53 67 50 5 34 2 17 18 60 6 56 35 66 62 48 61 27 27 44 58 99 24 14 88 27 72 65 23 71 29 46 32 72 53 8 31 89 43 36 32 97 24 14 66 26 39 53 79 6 80 64 85 91 59 69 54 84 57 30 33 78 57 60 66 99 62 32 92 16 72 49 90 80 43 70 76 65 92 91 25 66 58 79 88 42 51 61 98 97 38
6 43 4 1 89 26 36 8 40 61 12 27 71 36 23 73 57 19 25 3 1 45 57 97 50 55 52 86 21 68 66 13 84 33 38 32 69 62 66 97 55 54 19 86 45 69 56 89 34 30 60 76 38 4 48 50 70 68 79 84 56 11 98 6 28 71 30 56 93 33 43 2 13 65 26 43 23 64 72 1 88 29 1 94 99 84 57 94 99 52 25 69 25 37 80 99 68 54 85 61
14 53 62 92 50 17 21 54 39 6 47 57 1 65 10 68 88 87 55 74 14 19 15 7 59 11 85 14 54 57 11 41 65 27 23 44 78 40 26 65 40 76 62 25 80 57 14 35 81 51 7 9 98 91 36 54 37 70 46 41 30 99 62 57 30 70 62 23 97 49 52 99 35 28 58 65 70 84 76 98 44 48 41 99 46 82 88 62 86 89 12 85 47 60 95 99 6 72 72 6
61 3 50 73 31 64 1 56 24 11 15 3 75 31 35 30 16 2 94 97 23 31 38 83 15 29 33 87 96 7 22 83 50 79 77 8 40 78 46 10 65 10 55 83 79 79 60 64 27 68 41 64 54 87 97 73 91 26 29 60 44 27 61 93 67 16 65 5 87 79 26 81 37 47 40 81 58 74 8 95 22 12 97 55 62 63 36 43 63 59 87 82 93 45 72 22 54 89 90 11
17 26 44 68 41 30 34 15 17 78 35 33 71 41 28 12 22 89 19 12 55 16 86 89 10 55 82 66 68 34 45 66 48 73 93 33 3 6 15 8 23 83 37 5 59 43 75 67 4 58 87 4 5 82 32 24 41 64 15 15 84 27 13 59 64 55 6 23 75 14 25 10 63 69 11 18 67 15 87 25 82 65 38 20 28 33 83 71 93 34 91 97 85 94 22 36 97 94 57 78
