10 100 8467 0.13
56 27 31 52 11 22 42 78 10 28 26 49 10 54 38 22 25 72 77 82 32 96 81 92 89 39 43 66 94 45 84 29 32 73 85 78 76 29 78 32 27 1 19 71 61 85 95 42 49 37 39 99 85 7 60 58 96 59 60 29 55 2 27 87 41 91 57 7 53 89 49 97 84 51 26 95 89 48 5 49 62 33 61 56 90 79 87 77 84 30 68 67 43 35 54 79 30 93 75 28
8 6 30 46 48 2 3 38 44 82 20 8 15 9 88 52 26 19 29 10 3 59 35 61 56 37 76 95 53 94 13 19 42 11 97 66 30 40 41 64 42 7 92 94 8 40 6 67 66 69 54 96 61 18 72 77 71 15 63 73 5 82 94 11 19 40 70 60 47 19 44 30 18 76 93 74 83 2 93 96 62 60 34 65 33 56 27 74 76 86 82 69 85 56 96 70 61 62 58 82
8 48 52 1 68 14 12 61 60 41 29 93 16 44 4 36 24 34 47 60 58 24 74 6 31 51 92 32 19 54 84 4 66 23 2 8 58 18 37 41 69 89 30 49 59 16 93 27 99 66 59 29 27 90 16 84 37 43 55 22 66 32 51 77 21 39 46 56 52 40 11 11 56 95 93 32 44 66 41 95 44 62 41 63 67 42 94 29 19 94 97 40 76 9 37 87 54 98 41 41
5 22 24 15 23 97 34 54 26 33 37 5 12 25 31 82 50 64 89 38 27 30 32 32 12 56 53 11 47 3 75 90 30 7 46 15 79 60 48 42 77 32 1 24 85 94 3 1 94 4 41 72 9 93 42 3 61 15 74 83 88 10 20 94 3 20 21 71 70 55 83 38 60 90 72 49 41 89 41 90 56 72 84 33 25 25 3 97 58 36 35 83 77 80 65 66 77 40 92 33
26 85 33 5 46 11 52 24 24 32 70 78 94 85 40 83 56 28 37 85 78 18 58 6 87 35 7 32 61 51 94 71 57 83 43 90 84 87 20 57 30 74 59 4 59 75 53 18 52 28 19 24 29 6 4 16 64 41 73 90 56 69 13 6 88 62 96 88 71 1 53 79 67 33 13 85 23 75 22 31 91 35 25 94 78 83 99 61 73 37 39 86 70 85 76 62 93 93 11 32
2 35 20 45 17 99 14 23 23 26 39 22 98 23 4 13 44 30 40 31 17 2 25 74 15 31 19 67 2 37 41 8 27 40 75 11 67 80 46 68 78 76 43 89 8 71 72 70 41 88 19 72 62 61 92 40 34 66 38 5 50 7 34 28 79 70 71 50 43 94 28 79 16 15 76 1 82 2 94 19 52 61 97 97 74 37 88 66 96 86 12 70 8 85 12 43 88 63 47 26
87 2 93 19 22 9 6 31 96 63 81 64 51 95 23 10 26 28 23 63 48 54 46 64 10 52 26 18 16 64 9 75 77 62 21 52 51 62 76 59 4 35 29 76 12 24 45 25 20 41 52 54 69 71 18 60 46 84 43 86 86 84 98 44 92 46 59 19 12 88 94 90 88 15 53 81 98 92 46 63 70 97 76 48 63 30 36 65 27 81 31 62 20 95 47 52 9 25 86 63
11 42 8 83 56 95 85 36 70 18 68 35 11 23 17 37 72 91 17 71 36 26 26 18 25 62 98 33 47 23 14 49 24 55 27 96 33 34 78 12 80 74 95 17 93 45 6 84 19 44 74 54 61 5 55 39 25 92 6 58 58 50 80 47 51 41 72 17 84 7 96 21 8 93 65 67 4 86 78 62 40 78 38 36 83 87 31 58 73 27 88 26 90 71 99 72 95 58 89 18
37 51 26 60 59 5 49 3 34 59 13 9 78 52 91 81 65 57 53 5 92 59 2 32 72 32 10 96 45 60 4 87 89 90 78 13 6 18 51 39 35 30 33 42 85 21 85 98 63 56 93 11 50 68 90 43 38 50 55 36 32 94 28 47 52 73 9 79 40 87 20 89 84 85 20 62 31 62 77 83 66 37 69 81 17 88 66 16 30 67 88 51 91 37 93 98 64 42 97 59
18 10 33 28 23 21 84 37 8 16 24 45 25 17 91 14 47 17 42 11 69 93 82 83 73 76 47 26 93 47 60 48 38 41 11 59 5 62 19 80 52 78 98 34 32 32 47 75 4 74 61 1 59 94 65 95 46 54 57 42 32 99 85 93 90 55 42 99 76 74 77 24 82 10 59 28 80 57 85 4 51 65 79 34 77 85 84 76 85 83 99 87 82 90 68 22 83 99 83 16
