10 100 8321 0.13
8 24 28 40 19 8 95 2 6 28 95 7 41 13 29 22 13 45 30 24 81 93 38 65 63 28 4 40 95 56 49 33 53 56 56 87 8 29 64 47 88 9 86 67 71 93 56 58 44 65 72 85 10 42 90 33 82 79 84 74 61 61 96 47 36 17 59 13 51 84 86 51 65 8 98 88 80 16 59 8 69 44 99 23 73 80 71 28 32 10 93 56 73 83 99 96 95 49 42 28
3 40 37 48 40 8 34 55 43 51 4 11 45 53 20 95 5 27 42 56 28 12 46 20 4 22 87 66 67 14 99 72 11 55 48 89 33 12 47 44 94 47 17 81 29 25 68 76 74 31 32 18 78 54 84 75 1 78 31 88 18 35 53 41 66 80 93 79 48 52 25 27 10 47 73 95 13 91 87 6 32 18 74 18 78 69 27 90 50 50 41 72 97 94 43 67 74 73 40 51
54 15 51 35 3 74 6 28 95 3 66 1 53 56 37 18 63 75 17 63 58 39 16 17 67 31 44 85 45 38 23 62 66 18 24 9 96 71 23 20 36 78 68 17 87 99 32 93 21 22 73 44 45 59 36 2 74 56 36 78 75 90 14 83 94 77 44 44 95 12 58 55 35 33 29 40 14 84 14 74 24 92 86 95 24 66 30 85 95 27 45 68 3 44 96 51 55 25 75 3
14 70 12 38 41 55 34 17 4 22 14 17 6 93 44 17 68 32 10 57 8 63 14 52 60 71 34 18 18 84 46 46 49 16 46 20 96 46 98 78 71 31 20 90 21 28 53 14 31 66 70 60 9 1 70 16 66 6 53 87 38 33 5 48 37 74 92 71 65 9 59 77 54 45 43 36 90 63 31 38 89 45 18 98 17 86 47 33 26 92 20 82 52 93 49 71 44 17 41 22
57 70 67 1 5 13 27 88 20 38 18 77 19 65 63 70 20 18 39 11 8 19 22 50 18 59 57 24 67 68 38 66 24 57 51 26 52 75 69 80 3 90 23 77 83 11 95 27 43 24 23 85 38 20 66 26 91 52 91 63 53 37 48 73 92 58 2 45 35 31 28 62 91 88 60 42 46 76 88 95 73 7 83 17 41 36 62 52 72 59 63 93 67 34 72 68 95 91 97 38
52 78 38 19 40 22 26 93 69 41 10 55 36 45 36 74 16 38 59 18 10 15 38 7 33 47 99 45 23 15 18 22 93 31 25 12 69 19 24 14 16 53 53 9 8 75 55 66 21 81 71 2 94 75 44 70 87 55 78 8 70 31 65 74 25 30 2 57 7 98 84 94 48 93 93 31 73 69 33 81 81 58 16 91 36 78 99 92 60 85 81 62 85 72 30 49 84 73 95 41
27 14 19 51 18 55 2 28 47 28 6 61 91 39 39 10 64 68 84 18 49 3 86 81 91 45 53 34 80 6 8 63 33 57 71 76 29 44 50 11 62 64 49 72 39 53 39 42 92 96 11 44 44 81 4 80 53 92 5 51 58 69 47 19 13 83 52 62 68 95 51 98 39 70 25 52 84 45 86 40 75 97 37 71 85 99 71 94 39 85 35 99 84 14 29 89 48 96 94 28
38 5 5 6 62 63 87 13 32 90 13 39 36 22 93 21 41 29 31 55 38 15 83 91 61 4 20 86 51 55 97 54 9 98 71 36 13 92 92 81 41 43 93 30 44 25 2 3 17 18 90 61 93 81 23 63 62 39 68 26 49 88 58 9 61 36 47 76 83 34 14 1 98 71 60 84 69 39 79 98 57 99 1 76 97 43 82 60 84 64 99 30 68 61 82 67 37 96 90 90
1 5 2 23 44 30 6 23 22 70 89 59 66 5 26 23 52 13 59 45 73 80 68 23 8 54 14 43 3 65 26 8 59 54 81 36 42 85 11 52 20 52 46 6 86 3 35 57 89 25 22 90 81 30 54 75 9 57 39 43 67 84 89 85 91 59 70 16 82 59 72 77 34 38 34 73 35 49 16 85 15 84 85 14 68 9 43 25 97 72 84 30 52 42 75 16 40 51 76 70
8 2 66 77 83 29 57 27 41 9 74 70 4 17 24 63 73 73 47 74 74 90 20 27 28 72 24 3 7 61 67 45 81 37 10 99 52 18 13 64 66 32 44 56 37 94 72 72 80 99 63 38 36 85 58 95 10 24 55 24 55 16 73 70 35 37 90 94 28 88 87 23 93 81 61 36 77 50 89 59 72 46 94 93 84 40 78 52 65 76 71 41 54 98 63 69 86 94 30 9
