20 100 9385 0.21
12 71 9 67 21 5 8 25 54 57 42 71 70 31 10 17 63 12 26 33 64 96 11 47 99 59 66 62 16 3 95 38 8 1 38 76 40 87 56 22 96 40 53 86 69 41 63 86 53 66 63 8 55 58 88 59 74 52 16 29 86 69 77 87 47 82 60 14 75 68 22 1 72 94 80 49 98 68 23 76 4 33 47 72 89 24 93 84 82 90 87 61 79 44 34 42 43 75 23 33
27 41 39 6 21 9 74 75 2 12 46 42 25 71 8 48 50 13 52 88 86 43 54 52 4 71 32 22 16 51 79 33 82 86 36 81 83 59 95 36 90 4 97 44 50 60 58 42 45 93 26 86 3 8 26 53 61 43 45 53 62 15 18 84 52 80 95 95 30 71 7 3 97 56 42 48 99 73 8 43 80 46 62 77 30 28 98 59 85 50 98 28 92 28 51 70 78 38 16 88
24 56 46 23 20 59 89 71 89 94 13 10 8 46 41 53 63 20 63 10 42 26 82 95 32 88 22 48 58 82 14 40 78 34 59 42 82 20 37 76 67 16 84 11 72 96 42 56 23 10 88 41 89 16 23 40 55 24 5 68 12 2 7 24 91 72 65 45 69 3 47 68 57 74 64 72 38 17 7 87 77 66 99 25 67 92 60 99 18 65 25 70 87 94 72 89 43 87 70 10
42 6 14 56 97 44 2 15 7 23 40 8 3 56 11 13 69 51 16 18 45 70 76 44 27 47 85 11 75 84 32 61 11 73 43 40 61 7 39 32 28 83 22 24 31 61 8 6 92 16 30 76 20 32 43 47 92 55 98 44 3 92 92 63 55 16 53 29 73 59 73 74 16 40 35 13 86 48 49 32 2 23 53 9 18 6 15 95 56 58 59 66 72 33 13 98 13 96 83 18
5 18 85 60 17 54 15 14 54 59 33 20 3 43 23 27 16 37 24 38 94 17 1 30 38 48 28 7 47 73 25 27 53 60 74 45 68 60 22 47 1 21 21 35 94 3 10 14 73 4 17 94 22 94 54 90 4 65 63 47 49 39 25 94 46 15 74 55 44 98 60 63 42 67 79 72 94 7 70 47 29 90 68 88 91 88 42 85 43 59 70 78 97 64 95 76 41 93 11 38
27 7 43 52 39 14 43 60 41 59 35 77 39 2 39 35 2 38 54 54 9 15 65 16 6 81 96 21 66 76 86 75 30 32 6 31 57 14 9 21 73 3 14 60 3 16 1 10 64 41 24 2 3 41 36 98 78 32 13 38 57 76 32 26 45 93 52 83 80 51 84 55 69 80 8 97 2 86 20 47 77 88 21 70 92 19 86 66 78 64 38 65 71 86 21 12 99 82 88 54
51 11 15 59 1 47 3 23 29 88 54 2 85 79 19 15 48 74 58 83 14 56 99 52 86 16 21 88 15 15 20 9 75 32 59 65 48 48 26 84 5 41 50 61 71 60 39 45 31 73 74 67 2 43 1 56 88 83 64 22 50 11 33 20 38 67 37 8 96 8 54 11 9 42 51 69 7 35 30 52 3 94 81 5 49 97 51 74 96 78 77 38 59 41 46 71 79 50 8 83
48 22 42 91 7 76 31 92 5 81 45 18 66 19 89 51 57 66 29 99 90 35 10 45 61 19 18 20 95 80 54 35 31 25 37 39 34 99 21 72 92 88 38 76 30 14 97 25 44 92 74 51 96 23 87 36 91 82 79 73 49 30 65 7 19 58 10 77 65 60 59 26 44 83 26 79 82 64 5 40 73 2 47 82 35 32 23 2 13 53 70 12 24 93 97 61 83 11 92 99
42 36 7 55 27 47 20 12 17 7 28 69 26 76 64 30 70 32 90 78 18 88 27 18 25 12 2 57 18 12 95 80 23 54 53 18 20 31 26 55 10 85 91 35 64 80 8 48 60 80 92 51 92 64 76 61 7 30 94 31 50 23 18 51 69 14 50 74 85 91 43 67 18 2 82 91 19 29 77 36 83 76 95 79 90 4 88 95 86 70 43 82 37 52 96 62 39 29 39 78
31 7 60 57 53 5 70 54 15 3 26 75 57 40 65 16 77 21 17 2 80 78 8 58 8 41 74 6 23 7 82 38 22 93 57 79 11 72 78 37 16 65 69 82 43 33 86 69 38 33 79 25 79 75 36 39 11 62 53 78 86 71 52 18 29 80 71 32 47 48 92 84 49 90 22 65 1 95 99 20 89 79 81 5 84 76 87 99 60 47 93 34 89 39 61 58 56 55 60 2
48 66 40 36 43 75 34 26 16 28 15 56 49 64 11 10 30 49 23 4 22 12 30 12 34 21 36 84 35 9 30 91 62 71 46 29 15 7 30 7 42 82 48 51 85 86 33 87 40 98 73 51 7 75 70 69 6 69 5 43 33 94 43 52 79 34 57 80 8 78 18 86 92 25 27 72 63 90 87 48 87 21 66 54 69 41 28 28 44 27 24 51 2 3 99 73 78 97 92 4
51 24 95 6 78 32 59 52 24 1 48 72 4 23 49 90 6 74 26 72 34 49 76 46 98 32 3 44 63 62 21 79 88 46 63 95 71 19 20 86 4 37 18 53 27 21 85 36 54 72 49 56 92 10 2 22 12 1 3 28 30 57 42 56 39 92 88 19 29 52 30 82 84 93 94 59 70 5 77 15 56 68 55 81 46 64 34 31 11 79 85 99 43 97 66 16 72 95 56 72
8 75 67 4 91 57 72 42 69 33 72 73 56 30 46 54 46 25 82 43 25 40 15 56 22 72 17 52 4 76 13 32 37 86 23 37 29 87 87 8 26 2 46 54 97 14 55 76 10 48 73 46 75 81 93 30 97 81 86 33 3 66 82 39 16 77 79 60 60 81 51 58 37 15 94 4 57 90 97 82 8 25 5 62 97 99 24 34 68 80 53 38 88 68 75 97 81 31 97 43
1 14 7 8 81 33 10 67 64 8 13 75 42 38 93 74 22 98 32 12 73 15 21 51 75 27 98 41 57 51 9 59 96 3 48 30 49 1 65 46 59 59 81 54 2 32 89 14 8 7 11 6 35 76 78 23 38 32 80 92 67 59 74 59 63 2 71 89 7 61 21 31 77 73 41 29 54 6 60 98 79 89 8 75 38 48 25 67 63 96 30 75 71 97 68 58 92 84 99 12
1 46 8 12 12 68 24 40 66 20 53 33 35 98 8 49 64 39 2 26 7 13 71 65 35 45 13 58 22 82 57 31 56 58 3 8 59 12 89 10 33 96 56 19 94 56 89 57 69 71 30 46 25 4 22 41 36 62 33 53 86 76 96 46 70 18 34 49 52 30 69 12 59 5 43 95 39 83 47 54 12 11 83 88 21 8 90 51 59 28 57 48 64 96 38 81 5 65 73 26
28 6 21 81 18 20 58 10 5 41 34 6 19 14 22 14 45 94 43 22 51 60 9 81 85 56 55 69 99 6 79 54 35 51 30 15 44 70 54 79 69 65 90 30 15 67 50 77 51 10 20 42 44 18 27 23 18 80 82 96 67 53 75 87 30 88 54 45 29 9 71 84 81 29 78 4 46 98 93 84 80 99 97 41 63 64 62 26 46 59 52 97 17 66 51 78 69 31 87 22
4 81 10 38 78 43 41 24 79 10 37 20 41 15 96 86 13 43 44 74 41 83 49 7 10 14 48 82 37 31 3 61 40 49 89 9 35 55 15 80 69 27 5 61 14 87 2 16 35 84 1 55 79 37 33 67 75 42 80 5 89 27 35 48 59 70 8 91 33 99 66 38 40 81 75 88 55 93 82 53 92 69 3 44 23 89 81 2 88 48 55 46 13 10 28 29 24 40 48 74
44 17 38 1 53 7 32 24 3 82 39 25 87 8 63 22 62 29 82 61 3 6 45 9 40 56 70 4 51 38 81 27 38 61 15 79 28 60 67 77 84 29 16 46 27 81 15 42 69 11 81 76 89 84 73 85 68 58 14 18 84 18 83 36 57 58 10 78 84 88 73 93 6 64 33 57 65 58 81 44 36 51 12 73 73 64 69 69 66 14 70 47 94 68 99 63 87 36 81 61
6 59 10 34 6 32 30 42 83 27 56 23 10 70 37 83 2 25 49 1 9 9 97 62 82 44 25 92 72 5 3 14 30 2 91 39 46 61 89 39 9 82 12 30 77 24 73 97 51 54 7 66 82 78 51 24 13 36 56 84 46 98 41 49 77 17 20 8 69 12 45 78 49 37 40 6 86 30 51 71 71 34 68 50 25 89 15 70 82 99 10 51 59 63 45 36 68 44 66 1
57 3 93 22 12 49 63 20 74 64 80 34 94 2 32 49 37 3 34 37 50 70 36 46 25 52 96 41 43 69 38 34 24 3 53 73 57 69 13 25 81 30 49 55 3 39 71 78 71 28 79 47 4 78 78 37 77 12 45 88 15 50 45 97 64 13 64 28 33 4 90 61 88 45 93 41 51 43 58 92 85 60 75 50 31 99 74 21 18 2 70 81 23 58 59 54 77 93 89 37
