20 100 9390 0.20
48 36 13 46 10 31 11 37 73 11 80 16 40 13 84 22 84 84 25 44 89 36 2 19 65 50 8 68 10 27 90 36 35 81 5 5 6 11 79 85 41 71 47 62 73 99 13 26 54 28 72 48 24 64 36 33 51 57 54 99 75 67 50 78 41 89 72 14 79 41 77 24 67 97 80 35 15 39 40 18 1 7 21 48 11 96 58 88 22 53 20 96 51 74 97 31 79 28 59 44
24 32 64 76 64 19 33 84 38 36 35 15 40 55 61 29 31 65 56 25 71 66 43 84 95 17 81 16 60 42 88 8 81 79 72 6 47 16 2 47 88 52 17 34 66 62 69 37 1 82 99 39 35 88 81 92 27 47 58 65 33 86 72 28 46 40 26 30 6 94 85 33 42 96 7 84 76 88 54 63 82 57 72 70 20 41 94 31 28 86 70 9 16 31 31 78 25 91 29 25
58 9 60 39 49 50 75 29 53 34 68 12 36 92 38 23 85 61 49 35 13 44 96 84 14 53 1 89 12 16 27 41 10 56 53 25 94 83 67 1 82 7 34 79 33 9 79 68 85 34 62 63 28 4 6 16 59 57 34 71 86 30 70 23 40 70 72 27 54 62 87 21 2 69 48 62 63 73 75 71 58 72 90 62 45 64 81 47 48 53 3 27 71 56 81 58 34 87 32 35
3 71 43 31 57 3 4 60 69 99 78 40 22 65 87 85 22 9 75 73 97 58 3 25 34 72 53 9 83 92 45 45 54 28 59 62 27 91 44 50 40 97 42 49 75 4 67 37 32 60 10 32 3 35 14 31 19 31 53 31 11 83 53 8 38 99 26 53 2 62 87 70 10 12 85 81 93 60 36 3 84 68 22 94 21 82 93 26 35 84 28 88 67 93 88 34 99 92 87 73
2 88 89 40 53 75 17 77 82 12 70 5 57 14 85 9 99 35 59 33 14 68 42 11 60 53 10 26 23 74 64 72 38 78 71 7 96 43 86 80 78 13 28 51 3 53 18 45 89 75 1 23 45 30 85 9 17 65 38 74 69 96 93 4 8 34 92 96 36 93 47 97 56 55 44 16 98 22 41 41 50 21 33 96 92 59 93 98 32 92 91 39 49 84 82 82 90 11 67 33
53 73 20 14 51 31 94 9 10 18 65 50 87 31 38 91 71 74 21 37 35 12 16 58 35 85 33 8 31 58 81 90 51 7 95 80 81 50 57 58 79 28 30 25 90 45 60 49 50 49 64 82 60 88 62 42 75 70 18 56 84 8 54 2 38 93 57 26 94 12 7 85 50 33 98 79 6 61 18 15 92 31 5 53 18 30 99 3 30 22 39 37 67 76 72 78 10 48 93 37
59 57 68 14 90 40 43 77 29 31 21 54 8 21 53 2 14 29 76 25 40 38 6 33 48 65 35 52 21 21 60 96 26 2 56 57 47 3 6 99 2 27 45 89 97 95 24 22 2 63 16 57 10 66 70 10 14 36 78 78 9 80 36 58 77 4 80 52 98 51 64 7 76 32 55 79 26 59 77 84 50 38 66 83 91 64 49 78 50 11 94 64 90 33 22 72 84 41 21 25
8 14 19 70 70 8 6 55 36 1 4 12 23 2 14 39 80 45 36 38 26 77 95 35 35 53 33 11 87 59 77 5 83 65 24 25 11 57 34 73 9 74 59 49 1 8 93 30 73 60 2 69 28 21 46 65 47 63 28 45 45 50 45 93 97 73 58 23 8 40 51 64 70 80 52 7 3 33 76 61 24 24 28 22 73 45 75 91 90 48 10 72 85 84 67 43 68 75 85 38
59 51 35 27 52 77 75 88 24 7 37 63 5 23 38 17 60 55 53 31 54 29 41 55 34 32 49 69 36 6 62 92 87 58 30 10 60 33 99 35 32 81 27 33 9 17 28 91 24 27 73 91 87 27 11 42 4 27 71 74 5 59 81 58 37 26 26 99 96 28 23 53 12 15 66 87 56 76 70 49 59 37 74 48 30 44 59 69 55 69 99 91 66 27 31 45 1 48 84 31
36 17 97 62 1 52 78 23 80 71 5 62 12 12 72 61 69 55 56 47 38 13 89 97 96 5 18 95 97 15 62 24 5 64 20 54 35 35 8 15 45 78 87 87 74 85 9 95 49 6 77 4 79 66 46 13 45 60 1 74 69 77 17 42 74 20 82 76 97 10 53 65 53 41 67 30 59 86 18 55 26 90 7 53 73 58 57 91 59 55 75 88 59 61 60 3 31 58 80 47
31 8 49 78 6 63 78 80 7 68 44 50 42 72 96 30 11 5 63 69 15 84 18 40 43 42 79 57 9 9 5 32 20 99 35 27 26 19 39 30 41 91 99 16 51 59 52 37 4 99 73 22 79 32 43 95 57 88 91 50 33 44 37 78 78 2 25 48 7 58 64 12 92 55 75 34 94 77 19 71 26 54 99 35 80 84 11 2 99 35 47 35 30 48 68 95 73 51 77 69
71 29 23 81 1 41 39 20 6 53 76 36 62 40 19 32 51 63 72 41 50 44 93 56 39 92 5 78 69 89 47 63 89 48 1 8 22 96 45 83 68 28 74 49 20 52 72 12 56 25 13 71 88 62 74 77 20 20 95 81 64 10 84 31 95 16 18 39 61 10 36 93 81 92 30 98 58 83 53 66 38 24 32 32 58 11 47 94 57 76 94 65 37 45 79 91 96 37 74 41
46 71 18 31 6 96 30 57 49 74 13 1 85 20 28 50 30 19 48 24 27 49 40 20 7 34 84 64 96 98 28 73 69 6 36 49 5 81 52 37 78 41 51 54 42 66 24 76 48 12 22 12 77 78 83 80 97 53 87 3 56 31 18 91 33 26 79 34 77 37 54 31 43 44 7 85 15 40 66 45 86 49 29 19 35 69 30 96 28 82 56 4 75 39 23 67 61 79 41 24
10 87 33 30 26 59 84 27 21 7 42 78 55 81 15 99 37 55 46 61 48 21 22 52 3 44 67 3 68 10 44 22 8 12 56 55 89 80 10 54 80 11 94 83 56 36 54 43 99 96 88 85 29 56 75 9 78 20 51 4 46 34 71 56 63 42 53 50 9 30 91 94 94 11 55 89 3 50 87 44 5 73 98 76 68 61 81 6 18 65 59 38 19 98 56 14 18 55 2 61
49 29 20 46 69 3 14 12 38 91 3 97 75 22 4 47 32 37 83 11 6 65 83 63 5 72 97 72 62 41 30 41 47 70 62 66 14 63 42 30 46 36 91 21 73 62 37 9 82 65 86 56 80 56 36 64 28 44 31 21 90 32 38 80 56 92 25 61 97 70 34 26 75 80 84 43 12 95 84 91 80 63 94 90 41 67 70 24 84 12 74 84 95 74 78 92 71 90 39 11
27 54 20 3 71 36 31 36 6 42 33 74 37 42 2 61 45 70 37 96 89 18 57 3 60 28 48 78 9 81 27 17 17 45 87 41 43 99 92 74 3 10 36 39 53 73 31 6 84 47 19 63 25 4 2 71 88 95 43 3 55 52 33 53 26 70 8 86 26 63 50 58 11 60 87 51 87 41 53 44 64 81 79 67 78 44 33 93 88 66 78 80 69 74 28 30 99 91 83 96
79 32 8 60 23 26 50 24 70 74 41 26 56 42 25 79 10 31 6 60 17 4 30 64 52 21 77 5 75 43 11 61 35 94 60 93 45 35 10 14 19 35 5 34 27 20 68 97 6 31 52 22 85 53 67 70 66 91 39 25 49 60 32 78 95 78 89 47 88 96 15 60 84 64 14 20 89 19 51 15 94 62 6 60 92 63 23 17 71 95 17 61 31 55 53 86 42 45 80 60
85 27 26 62 43 59 33 46 50 89 64 68 10 93 47 54 30 12 12 92 63 42 21 6 96 59 95 76 68 74 4 81 74 11 29 89 49 27 97 46 7 37 11 69 30 67 60 79 69 77 70 53 7 80 63 31 90 1 79 20 82 37 21 22 52 38 2 77 13 85 26 71 49 44 46 56 72 48 89 74 89 68 91 44 61 85 13 71 77 7 74 37 79 87 67 77 83 62 64 92
40 18 31 6 23 64 21 1 77 36 58 48 46 91 38 4 5 47 1 8 85 49 91 93 80 23 31 33 6 27 53 16 52 28 90 92 77 30 16 38 97 95 46 36 47 19 54 59 67 33 40 81 46 35 10 83 66 45 4 68 63 24 69 97 5 78 63 32 46 70 45 5 33 87 25 32 76 12 15 98 4 93 89 50 90 45 8 90 84 98 12 71 76 21 67 78 85 53 65 8
13 14 82 7 61 10 30 5 31 5 26 60 72 39 28 43 18 38 15 40 16 84 14 9 7 9 6 19 7 50 30 24 62 16 8 99 77 2 72 20 34 58 47 17 59 50 73 68 15 21 52 26 86 58 94 78 64 43 63 76 1 69 59 55 43 54 97 81 59 49 69 97 67 1 45 8 76 20 69 86 83 86 70 12 45 12 51 12 73 28 98 58 18 24 36 34 61 84 79 40
