20 100 9273 0.21
58 21 18 58 70 68 37 4 30 29 45 90 43 88 17 79 74 26 67 9 99 66 18 31 1 93 55 61 42 4 69 44 30 74 89 49 41 42 46 77 83 98 16 59 66 76 58 18 62 16 39 11 68 70 93 27 16 74 30 8 38 87 29 90 40 74 86 49 15 26 78 84 92 78 58 84 1 89 9 27 33 19 38 45 55 85 95 63 86 76 35 67 31 76 75 14 30 39 32 9
78 45 39 59 69 71 59 7 62 16 22 69 20 21 3 58 75 66 21 52 28 96 84 37 16 63 4 71 97 61 65 10 54 40 24 34 58 82 23 81 54 17 80 67 47 75 45 76 52 61 47 28 50 73 70 47 37 34 75 1 51 1 47 4 65 47 70 55 54 64 86 58 58 41 70 88 51 51 66 96 61 83 18 46 54 96 88 78 21 30 77 35 80 84 83 52 76 59 80 52
19 44 12 25 57 16 4 34 27 60 81 19 39 27 71 89 48 40 1 54 18 53 44 4 53 2 3 34 52 59 19 48 49 16 75 32 18 25 64 38 3 5 21 71 1 78 78 23 42 66 61 42 34 24 19 43 54 87 38 97 25 36 53 40 44 98 69 90 63 14 68 67 29 90 3 54 77 82 79 40 46 95 14 87 1 29 17 63 18 73 45 47 66 32 53 71 56 57 83 54
11 88 30 10 31 60 7 51 1 3 34 73 66 10 23 72 61 23 11 31 2 1 70 90 50 35 15 40 84 19 50 29 70 88 82 43 52 81 57 37 93 33 13 98 86 7 1 1 2 75 56 54 2 75 35 41 71 37 3 67 24 8 36 10 56 2 5 76 94 2 55 84 89 19 40 53 64 9 83 92 55 26 62 34 72 13 49 4 52 60 7 34 47 17 79 35 79 91 39 31
19 1 44 10 71 62 73 35 54 68 9 28 42 32 6 25 2 20 19 2 44 57 48 56 6 40 28 97 48 71 8 1 56 56 34 43 14 83 84 69 37 31 64 51 76 82 41 96 60 16 65 46 44 57 64 39 7 9 52 65 18 55 54 7 90 22 27 98 1 11 45 60 92 31 74 27 55 19 44 96 71 98 68 7 91 19 24 45 45 25 8 83 62 86 95 9 91 27 30 2
11 55 15 2 15 67 2 9 51 21 2 45 32 11 47 8 50 49 81 6 95 33 53 45 88 64 32 1 32 78 17 12 44 8 68 64 30 46 78 33 41 84 52 35 10 95 35 74 80 29 27 68 63 1 64 62 51 91 74 96 72 76 51 88 55 99 92 37 30 43 47 28 4 48 5 92 41 21 67 57 74 23 95 1 89 89 60 89 29 96 56 20 62 88 55 55 73 82 96 6
7 5 26 11 25 6 46 37 8 71 85 70 40 43 81 42 10 11 8 72 4 67 19 10 12 1 51 1 81 26 95 61 74 1 49 41 90 36 13 46 99 66 75 18 97 8 60 39 49 19 83 28 10 31 12 90 77 86 86 16 48 74 48 14 52 52 81 22 34 95 97 47 78 32 92 47 79 34 84 55 31 12 16 91 79 86 62 38 93 26 98 56 61 38 67 31 55 25 90 72
3 47 73 10 38 69 47 66 62 79 86 20 68 45 42 10 14 9 16 51 73 4 2 58 44 8 95 66 35 49 69 58 27 25 48 16 23 68 12 83 78 31 21 22 87 53 5 50 35 67 30 33 13 74 42 17 59 73 30 88 87 98 18 69 9 24 8 56 72 48 14 32 46 43 30 79 56 91 92 36 60 60 58 55 84 59 97 91 55 55 60 92 1 57 77 72 45 96 63 51
31 40 89 20 37 40 34 93 86 6 51 35 8 47 79 60 79 65 8 59 3 50 14 24 77 3 12 41 8 43 24 38 26 87 89 84 44 70 4 5 72 39 60 60 26 80 71 31 1 7 68 55 91 90 38 90 93 51 68 19 15 41 90 80 81 19 4 27 68 22 88 38 72 94 55 9 47 44 35 85 67 92 89 72 44 60 66 40 2 3 59 80 99 88 67 99 73 92 82 59
48 17 38 17 5 44 69 94 20 77 34 20 24 20 93 86 86 93 69 12 26 48 28 23 75 98 11 13 41 82 4 86 56 56 27 22 83 2 15 92 45 5 64 81 93 64 66 43 74 71 28 50 68 22 12 95 64 7 10 33 38 66 90 55 28 9 58 8 69 6 38 9 39 15 71 45 78 11 29 41 36 75 99 16 89 27 63 74 75 94 62 17 58 78 33 64 51 33 25 12
65 52 40 70 50 8 65 18 37 82 30 78 38 94 67 33 27 6 11 21 51 31 36 76 17 77 47 12 35 16 64 63 11 23 98 54 42 96 95 70 35 48 70 68 14 27 91 32 37 47 41 46 61 81 79 54 78 88 61 39 7 71 33 4 53 71 52 81 49 97 5 17 49 49 90 73 6 91 18 47 51 58 57 34 70 91 28 84 19 73 58 8 92 80 65 96 92 66 91 21
68 36 24 81 64 33 60 43 16 4 78 46 67 53 52 19 95 57 97 95 79 5 14 76 17 17 66 14 30 71 42 40 93 87 69 8 40 23 46 10 27 14 54 30 10 24 37 68 46 73 12 99 34 57 72 4 63 44 32 54 54 8 77 54 63 44 40 29 63 74 56 49 29 94 86 31 1 85 14 30 76 7 62 82 20 4 76 2 99 92 31 66 96 42 68 85 59 48 91 95
26 66 65 50 44 16 15 2 2 46 22 34 18 45 70 37 10 96 90 58 71 82 71 45 7 43 40 90 41 29 47 31 59 43 23 27 29 97 65 71 1 17 9 35 3 90 11 11 16 43 59 13 22 96 73 77 22 78 41 70 61 18 62 93 49 82 2 20 85 27 11 97 98 73 71 70 58 50 75 52 69 94 70 33 3 63 27 99 78 62 83 66 45 14 27 64 99 94 70 58
30 69 29 61 20 66 78 13 13 24 38 30 38 35 23 2 28 37 81 4 87 51 85 94 77 28 67 28 36 26 38 97 39 5 34 67 70 66 18 13 36 72 52 4 58 3 38 72 48 36 2 75 56 2 33 71 7 1 82 61 73 29 60 71 90 45 96 14 38 65 81 73 21 58 54 95 80 71 69 43 30 6 75 90 84 36 6 74 60 92 53 80 44 93 76 89 32 47 92 4
11 5 2 28 12 78 65 21 37 55 46 76 79 61 45 38 3 76 33 17 69 87 92 81 3 41 98 35 85 59 63 24 36 67 4 36 40 55 53 2 22 87 71 60 43 33 7 74 58 82 87 92 57 53 98 30 82 3 72 26 95 39 99 49 63 59 87 73 69 83 39 31 3 47 52 16 53 69 89 70 84 56 44 93 21 51 29 75 21 59 49 32 74 86 52 84 82 75 67 17
13 21 33 75 30 14 17 34 84 3 76 9 43 59 67 86 95 1 59 74 98 4 44 19 90 8 59 28 20 98 58 90 12 66 44 56 40 3 94 2 9 35 1 91 6 2 93 89 94 77 61 34 67 40 6 93 72 21 46 54 30 87 34 99 70 32 33 47 79 89 49 84 80 17 14 16 73 12 44 7 88 65 46 41 82 79 83 91 86 27 65 92 33 18 73 93 57 52 56 74
59 50 77 86 21 14 52 59 45 70 2 14 97 15 3 29 51 21 14 83 4 6 41 9 71 89 53 72 46 37 93 23 62 35 19 84 94 12 64 83 61 95 42 8 66 79 71 44 92 46 71 42 69 37 48 68 19 76 25 8 51 89 4 11 3 70 65 50 15 39 48 45 86 47 46 39 66 91 52 5 1 68 49 94 45 90 94 23 63 65 95 42 45 30 15 72 5 85 22 83
45 37 81 2 68 6 27 58 43 8 40 33 20 46 27 38 6 69 96 97 29 39 54 32 77 51 37 83 25 15 85 69 62 74 13 31 27 11 35 23 75 89 52 52 68 34 95 29 1 55 98 21 96 17 95 20 30 88 40 93 61 78 4 80 38 81 41 73 84 76 66 25 40 78 92 53 86 54 96 90 37 50 20 55 52 92 64 53 85 76 94 59 76 46 93 76 97 87 66 97
16 12 2 26 25 46 6 46 60 25 10 34 47 67 22 17 39 26 55 60 1 37 1 73 76 78 90 91 27 39 14 52 56 26 41 55 85 8 68 54 74 37 72 7 63 35 27 41 62 42 12 75 65 81 3 38 13 60 59 94 83 7 39 53 47 57 39 44 15 80 9 37 16 61 12 84 48 70 32 95 60 74 59 85 48 8 42 7 87 32 63 91 49 61 20 32 49 38 93 60
22 20 4 63 33 10 40 88 87 87 45 19 30 48 30 43 20 86 47 33 15 82 86 26 56 82 58 44 57 50 8 57 21 63 10 95 22 42 15 61 6 49 67 52 58 38 57 77 78 62 50 86 31 21 52 3 95 3 88 24 83 49 91 50 38 49 87 93 46 84 73 88 35 50 62 26 62 42 11 24 63 37 66 44 34 55 64 42 61 33 56 95 63 71 22 33 26 45 27 33
