20 100 9423 0.20
14 9 59 30 66 63 43 12 94 30 34 64 29 9 22 24 3 71 36 6 54 38 31 5 45 1 14 30 15 56 55 12 99 28 38 58 95 27 96 23 2 24 60 59 18 1 20 73 74 37 38 66 55 30 38 65 16 4 38 9 91 53 57 30 84 70 80 65 56 17 64 80 30 90 81 33 11 2 3 65 63 7 56 5 45 31 23 78 74 47 83 51 98 60 54 10 2 9 12 6
64 53 20 73 23 47 28 38 32 77 65 35 49 25 85 19 93 13 14 78 47 9 94 85 28 95 93 38 63 15 68 47 23 44 60 3 72 48 11 62 10 82 48 5 15 30 29 52 64 66 3 61 54 36 66 27 53 30 86 48 27 35 64 18 71 47 47 53 85 6 78 87 58 28 72 28 55 79 15 75 82 14 26 40 63 27 94 58 54 35 95 25 46 67 56 26 91 31 69 78
96 70 31 5 75 19 13 56 57 44 66 59 64 51 57 12 60 22 99 91 34 12 55 59 99 29 71 68 78 19 10 92 54 55 62 69 22 61 25 80 85 24 96 96 21 43 57 55 76 27 96 9 42 90 89 81 82 33 84 81 13 61 73 8 56 13 31 12 92 14 76 25 25 93 6 84 45 94 93 38 77 52 96 89 48 86 65 47 56 64 42 27 96 93 69 42 44 86 44 91
21 40 12 42 65 17 10 75 5 78 34 8 55 53 19 70 9 70 20 51 38 4 45 79 62 92 30 14 28 67 10 13 7 34 15 69 66 6 21 36 87 79 21 78 59 8 52 91 21 76 84 53 63 6 35 38 55 26 39 12 90 86 99 7 80 14 71 46 48 89 9 4 91 82 2 3 78 81 52 89 10 76 64 16 73 41 47 64 55 97 89 59 29 25 62 70 5 73 38 51
2 11 70 35 74 9 4 79 37 1 14 65 4 67 50 26 42 9 63 9 10 35 25 10 9 47 94 63 96 80 64 46 71 35 92 49 32 54 47 26 55 61 43 68 90 84 55 29 20 34 60 16 98 20 67 79 64 17 99 70 75 26 93 5 64 40 7 75 24 80 58 93 95 80 67 45 98 72 75 84 82 80 53 78 85 27 44 63 49 39 64 62 27 89 5 73 65 6 23 9
7 87 4 6 51 58 28 13 47 22 43 72 58 27 82 47 44 10 10 5 49 79 28 51 48 10 24 15 2 96 53 10 8 5 61 32 57 92 42 12 28 32 1 25 48 94 24 69 81 50 14 46 42 80 65 38 56 71 63 70 94 66 51 79 11 29 34 68 34 88 37 49 83 4 71 82 72 72 22 28 95 98 91 93 75 94 39 59 8 21 65 17 65 63 89 45 97 66 90 5
64 5 28 52 1 19 2 4 68 89 58 34 11 59 60 30 68 66 44 91 11 53 73 68 13 66 31 69 16 37 94 53 24 83 14 66 97 46 52 32 90 20 77 59 57 35 95 71 56 13 24 54 40 68 15 92 56 91 69 80 58 30 82 61 27 24 18 46 95 49 33 69 73 46 7 77 57 13 32 98 45 44 28 20 24 23 87 58 64 76 57 90 92 79 92 59 66 73 72 91
36 2 32 33 8 31 64 7 75 84 88 2 24 22 33 70 75 33 18 62 43 57 35 44 53 47 80 22 4 13 50 21 23 58 6 65 73 64 17 66 29 59 78 99 85 29 4 17 7 48 6 1 23 95 37 68 73 4 14 30 43 90 65 41 27 94 43 80 61 59 11 63 22 40 68 60 97 93 40 93 35 21 94 34 41 97 32 68 87 31 1 80 61 63 75 20 94 40 27 62
46 19 45 10 17 26 90 12 60 20 24 99 50 84 93 6 7 9 59 30 25 46 40 76 15 28 86 26 95 51 8 12 23 79 70 14 52 71 81 16 65 67 78 76 25 75 73 21 82 63 47 10 18 25 40 28 34 90 57 77 69 93 38 35 17 39 80 88 35 94 35 57 58 77 45 48 7 3 75 24 47 82 91 90 80 49 51 46 75 34 71 54 64 93 32 50 13 98 80 30
10 14 27 56 17 49 23 39 50 18 78 30 29 21 24 41 84 81 45 79 46 2 1 14 7 66 61 16 49 49 35 25 9 18 54 10 1 63 97 19 31 86 72 20 28 96 13 87 96 23 94 40 99 1 65 39 61 60 46 55 8 69 9 54 41 40 10 87 79 30 64 86 5 95 33 3 84 21 91 40 67 21 48 56 97 40 69 53 74 95 30 98 52 6 86 99 57 61 84 79
1 22 37 30 24 73 14 94 38 93 36 20 56 90 25 36 26 86 96 48 64 81 73 10 38 68 5 37 66 54 69 54 90 53 37 2 30 41 17 78 43 32 62 83 83 43 42 48 9 17 42 57 51 32 77 66 51 78 22 81 36 35 47 72 1 34 57 13 6 38 69 56 75 87 56 9 9 27 3 28 56 16 35 39 10 60 73 48 87 84 63 85 81 76 3 87 78 38 99 48
58 72 46 92 10 55 33 45 17 10 7 83 44 61 11 92 94 46 79 65 65 83 43 76 74 4 29 48 2 33 65 71 65 2 62 57 40 64 59 58 20 54 62 10 53 94 30 11 46 91 88 52 8 72 65 9 42 86 37 40 27 29 22 96 24 67 86 8 1 40 91 56 24 69 98 81 96 97 62 84 88 80 74 94 48 9 71 81 67 46 48 59 57 63 22 91 72 72 99 65
19 97 91 2 46 21 3 32 8 56 16 4 55 21 6 22 30 7 41 98 31 85 25 35 72 22 15 92 55 56 86 24 31 71 63 48 56 1 65 62 18 26 10 43 68 2 52 44 19 24 81 99 69 86 9 64 12 87 2 49 53 26 61 55 87 85 85 97 61 38 12 84 37 30 28 29 19 81 91 7 52 87 62 96 40 25 47 86 4 57 85 92 32 24 13 80 39 57 71 98
32 3 3 50 59 63 67 67 37 30 8 1 7 15 86 99 26 61 77 95 86 68 84 27 75 74 64 68 38 41 37 41 85 79 53 2 66 9 8 75 42 46 7 11 16 87 50 82 87 3 40 81 78 49 37 19 64 59 70 15 35 87 89 22 63 91 83 96 48 48 96 24 82 22 59 69 12 58 84 39 30 99 63 46 41 77 36 81 79 29 42 64 97 1 90 56 78 90 80 95
22 8 59 8 14 26 41 10 90 15 11 38 78 4 7 1 43 82 23 11 29 64 17 20 8 86 82 63 69 63 28 55 85 90 92 27 6 78 96 95 41 69 2 23 92 87 73 53 7 74 11 18 75 31 24 6 85 18 19 83 61 9 52 58 30 84 4 73 26 43 70 2 33 61 51 56 5 29 10 84 52 10 29 45 75 30 77 52 4 98 26 18 9 35 88 44 96 77 33 11
50 1 26 7 54 4 64 55 18 29 63 73 26 7 42 44 7 29 51 42 56 55 12 23 36 91 28 22 36 97 52 98 26 43 6 89 1 54 84 14 68 52 43 23 79 6 60 15 27 84 28 83 18 6 24 84 31 2 28 55 85 11 57 94 42 94 91 29 46 65 63 42 34 10 6 91 97 90 55 19 15 53 67 38 24 58 67 3 73 50 19 23 41 14 66 66 82 81 97 42
15 17 13 42 49 59 87 39 57 38 37 19 49 58 22 87 39 74 16 1 12 6 55 66 15 37 55 80 8 28 78 94 8 85 42 91 32 33 24 94 44 98 73 31 15 20 66 37 96 58 84 51 26 93 72 32 60 25 42 54 25 54 39 60 43 40 45 28 93 56 27 68 67 22 85 75 57 13 12 58 18 55 37 78 48 68 33 95 36 76 73 55 54 64 72 94 54 14 34 1
1 86 10 33 29 34 90 40 17 35 58 3 82 50 31 76 16 15 31 4 97 21 35 91 33 11 6 65 61 6 37 90 65 44 37 68 62 86 38 29 28 30 49 54 5 54 28 93 19 82 57 85 62 72 13 23 53 89 15 6 52 62 12 76 94 77 81 27 86 47 68 12 26 43 89 56 80 44 92 73 87 55 7 43 56 98 11 17 92 83 5 53 57 76 46 75 92 57 21 4
61 12 19 74 7 28 93 85 10 17 13 54 66 48 81 10 34 39 13 9 79 92 65 25 97 1 25 10 99 41 26 16 85 34 23 58 69 37 43 29 77 4 60 73 84 77 97 6 41 81 49 55 9 46 99 65 39 56 91 48 50 3 6 76 92 56 16 5 41 75 73 43 60 64 89 93 97 74 90 42 88 61 16 94 45 85 85 43 17 49 93 34 62 73 70 53 38 86 57 9
1 12 22 50 55 67 14 14 2 42 76 69 2 94 33 58 77 57 49 18 21 8 66 45 85 37 21 75 44 23 11 62 58 4 57 68 24 19 32 56 99 17 21 31 27 4 60 26 53 33 41 51 64 59 65 84 21 84 89 48 26 98 21 98 93 11 84 57 37 78 21 55 93 29 63 68 14 49 99 34 13 94 70 15 94 92 78 31 78 23 89 96 27 83 72 30 29 79 72 18
