20 100 9301 0.20
47 38 6 1 17 33 14 76 98 62 49 60 24 3 33 77 50 94 88 60 5 31 97 20 88 89 76 51 35 28 62 27 57 37 15 3 7 39 41 43 15 87 1 37 66 95 15 46 62 47 65 25 82 61 54 46 81 74 71 51 42 54 19 44 93 76 97 6 51 95 77 78 1 29 89 67 39 52 66 81 2 69 16 48 1 45 30 63 70 15 74 69 25 78 21 85 90 91 36 60
12 38 4 79 25 78 75 76 4 5 60 89 34 59 81 57 19 11 26 32 9 59 80 77 10 47 5 44 95 92 47 42 67 1 40 40 58 55 43 31 16 90 5 22 79 78 91 41 83 12 10 95 21 1 41 60 38 45 46 75 30 7 97 54 69 67 34 49 14 20 67 57 38 12 26 84 88 15 28 98 79 23 77 81 88 58 90 54 18 89 81 95 35 33 78 14 68 66 83 32
45 5 40 75 31 55 23 19 14 3 79 39 11 25 74 64 37 75 81 10 74 35 8 64 4 91 28 26 25 23 32 15 25 87 6 54 11 2 32 67 37 82 19 5 7 15 4 76 23 19 50 74 48 44 48 89 12 79 68 3 67 91 27 29 99 16 71 97 74 32 94 36 14 63 75 41 67 93 56 32 33 88 9 60 94 95 53 55 54 70 44 86 9 79 97 95 21 97 67 10
25 7 34 1 59 78 45 67 25 71 39 84 92 81 62 58 49 34 35 71 18 84 23 38 15 74 86 14 36 85 62 45 91 56 52 91 10 52 63 26 58 32 71 36 39 66 40 31 43 81 25 26 20 78 35 61 94 23 63 79 86 99 47 35 32 55 50 80 42 8 9 49 76 61 1 36 53 67 7 53 13 65 87 3 34 82 72 53 19 96 63 45 97 95 54 33 13 80 72 71
86 41 54 42 62 15 16 28 45 59 47 65 82 43 47 19 64 12 88 58 70 20 65 27 82 51 51 45 31 9 6 68 30 80 96 81 7 82 6 20 25 32 54 84 29 36 41 26 97 70 19 44 16 64 61 59 95 61 12 98 58 5 85 29 22 40 89 16 97 95 1 93 96 50 18 13 2 99 92 21 80 64 93 60 68 92 95 87 82 23 84 64 30 15 70 20 58 47 92 58
23 61 8 11 92 38 3 99 54 46 33 54 7 90 25 72 39 14 15 45 24 22 18 96 56 51 34 30 30 5 94 63 64 21 83 61 93 85 85 22 54 43 27 88 99 9 55 92 44 2 59 29 94 59 9 21 75 92 1 90 20 86 12 85 53 62 80 90 64 89 58 77 81 60 94 77 85 17 41 94 87 43 71 73 44 91 33 94 80 97 1 53 40 78 60 98 60 48 87 45
8 11 52 47 54 7 91 36 27 12 9 84 21 8 95 76 26 98 61 4 57 31 2 34 97 7 7 72 58 48 33 66 53 46 24 17 98 3 82 77 33 67 52 27 8 76 50 20 4 57 52 38 45 89 87 61 99 24 61 7 12 50 73 86 60 11 38 84 69 86 2 17 70 66 67 86 13 37 98 7 80 14 89 87 13 28 25 25 75 50 72 14 99 70 68 6 51 73 81 4
23 7 50 8 30 3 68 16 18 17 49 46 11 21 3 27 51 82 11 73 70 65 51 58 5 71 69 78 20 15 47 60 27 39 21 41 39 69 29 94 38 22 5 57 62 19 76 7 28 38 36 94 65 58 27 83 8 88 32 23 89 16 76 76 10 42 8 47 39 7 60 34 38 75 2 73 33 71 26 69 92 50 43 16 42 96 82 42 13 4 41 46 23 9 81 67 38 87 27 73
21 6 31 50 71 60 75 34 48 39 84 34 6 45 19 1 54 89 9 1 22 22 52 2 65 5 39 57 94 52 97 31 3 11 65 33 69 39 51 11 54 30 13 87 33 70 17 59 53 38 15 63 1 26 92 33 6 35 57 64 33 86 92 24 99 32 24 56 39 9 65 71 24 65 71 98 12 17 89 67 97 14 33 71 94 89 61 52 64 37 38 87 99 48 45 78 64 44 88 1
12 48 20 20 18 79 5 1 27 6 46 26 18 72 31 78 2 66 23 85 22 82 74 3 60 12 83 55 61 25 6 73 55 8 96 67 59 41 74 23 67 23 96 35 86 1 17 54 34 88 72 5 68 31 4 47 65 10 82 26 95 79 41 49 4 57 72 42 29 23 35 93 55 74 91 52 72 88 96 90 8 72 99 68 77 8 12 44 73 3 88 57 54 7 9 71 36 16 31 85
12 73 40 28 15 60 77 18 52 35 2 83 27 75 88 17 34 28 14 8 50 57 12 60 91 3 31 43 30 59 45 25 68 76 2 41 56 50 50 30 52 62 35 19 77 2 7 81 2 99 97 53 90 75 74 60 6 52 11 48 54 2 27 29 85 15 62 7 75 56 80 93 47 49 77 78 98 45 18 48 91 58 5 36 70 1 38 23 4 23 16 51 99 80 52 96 99 98 44 8
9 13 50 39 14 42 77 46 90 9 80 4 76 76 54 25 81 21 61 19 28 25 88 39 19 1 59 30 77 56 9 48 36 25 46 34 99 92 36 40 19 81 96 91 15 84 55 83 24 38 15 3 69 9 79 32 4 27 49 58 34 49 77 46 42 74 32 53 34 73 87 9 97 88 1 61 79 72 15 5 23 87 43 36 98 44 83 80 85 89 34 31 36 92 93 82 77 23 77 19
3 77 18 31 39 8 62 4 45 47 44 1 4 5 12 47 12 60 78 46 16 36 40 94 43 39 72 36 61 37 83 59 66 40 22 55 20 22 36 99 97 26 87 55 98 99 87 42 32 77 91 35 75 22 56 36 17 34 50 36 18 35 87 8 23 59 20 39 33 47 33 13 48 56 34 3 11 19 67 84 8 50 71 94 61 35 56 80 51 24 90 46 90 46 23 68 70 71 79 46
65 81 12 35 16 26 16 83 71 95 77 28 28 14 24 4 85 9 19 30 37 13 36 60 9 93 29 54 11 73 31 91 83 90 63 53 23 47 55 66 69 17 29 25 43 32 60 85 73 25 2 84 20 50 61 24 62 47 73 29 62 14 50 84 94 90 90 91 81 28 92 38 85 66 66 39 65 62 6 27 30 27 16 15 84 17 26 37 37 78 83 18 68 71 53 84 82 11 84 30
71 27 33 16 61 80 9 51 12 63 38 38 76 85 22 17 44 35 63 55 91 85 9 8 11 75 2 57 48 93 53 31 29 79 87 84 72 18 71 12 44 38 54 65 95 63 20 14 72 3 87 70 69 59 32 2 66 94 25 44 80 14 1 90 89 60 62 74 89 72 29 58 76 36 84 14 83 62 43 49 75 89 66 61 25 89 69 8 95 85 35 96 19 51 43 31 15 68 31 55
35 2 21 57 54 36 37 6 54 79 19 23 79 7 44 49 21 18 54 98 75 87 5 54 70 53 82 62 19 48 9 5 28 1 51 46 41 37 59 75 72 65 92 7 4 94 70 79 56 70 15 46 36 73 46 30 32 90 55 29 16 25 36 67 60 13 41 22 81 6 2 36 53 16 60 98 39 67 21 2 87 43 41 37 17 55 39 99 26 61 84 23 92 77 83 75 52 45 55 98
6 29 78 3 7 5 25 17 24 83 11 12 96 32 71 44 66 1 88 32 95 52 76 53 11 10 34 29 10 7 87 28 49 2 63 23 28 21 37 64 15 24 28 48 2 36 99 46 95 68 59 71 63 91 1 14 33 31 77 49 18 82 7 95 23 61 54 84 16 42 71 50 4 48 99 19 88 87 69 67 73 79 28 98 42 56 93 81 86 85 85 64 3 77 18 91 88 65 80 32
17 22 5 99 3 29 43 50 34 68 38 2 90 36 4 14 30 56 12 28 4 26 84 48 49 24 46 42 52 5 15 87 9 67 97 22 1 65 2 21 68 58 78 59 58 15 66 31 84 24 60 74 24 18 67 67 96 95 62 97 57 97 58 15 78 49 22 81 19 96 56 87 58 44 35 44 21 57 98 74 4 92 73 53 31 19 97 60 74 85 24 35 98 4 75 34 82 81 8 28
40 22 63 13 41 60 9 56 48 23 7 92 9 26 54 61 47 60 26 84 45 41 23 16 94 81 48 10 41 75 85 29 54 72 2 51 95 40 57 43 51 46 61 65 27 39 67 58 51 69 78 52 20 64 66 88 61 8 99 30 65 47 95 66 4 93 31 4 50 88 88 67 22 34 46 8 83 17 50 74 88 74 89 70 55 56 11 8 47 61 91 77 63 76 98 46 68 78 89 84
46 58 84 99 99 18 50 56 53 24 45 4 77 71 33 70 73 33 48 67 95 34 66 59 32 41 38 85 87 87 20 32 35 99 9 44 56 88 38 84 70 29 53 51 38 38 35 2 16 55 78 9 69 23 60 95 60 6 24 85 93 94 25 36 10 77 74 31 59 83 51 2 77 70 32 78 45 33 94 52 49 12 73 58 89 78 71 91 88 68 18 90 83 95 64 22 85 45 93 67
