20 100 9745 0.20
79 25 65 52 89 14 3 82 17 32 73 44 27 37 27 19 80 50 29 23 17 6 52 50 64 63 89 55 24 6 36 78 29 91 87 2 65 6 2 61 51 69 14 63 28 19 71 90 47 54 52 70 84 37 8 40 95 30 63 83 57 96 62 5 82 50 70 79 11 96 89 91 84 75 27 35 49 79 14 40 43 17 52 90 88 93 76 24 92 87 78 98 45 56 61 49 31 94 36 23
64 42 42 84 69 33 59 92 60 55 97 95 67 9 25 55 21 15 47 2 77 39 83 43 83 54 4 17 56 22 18 12 48 79 73 58 56 62 49 19 87 66 82 9 64 41 57 66 40 85 63 29 81 90 85 67 60 58 21 57 59 61 9 48 48 69 77 71 37 95 78 91 71 15 62 81 36 46 85 72 92 86 76 82 68 45 1 33 92 88 63 61 94 51 81 61 36 94 65 2
13 25 61 3 2 40 92 5 45 47 13 54 23 27 78 37 76 57 93 36 13 84 39 2 35 66 92 37 16 43 36 62 98 27 53 87 16 36 86 42 36 38 5 10 16 37 84 56 15 89 75 47 26 36 59 92 69 93 93 29 38 74 98 87 97 36 46 99 24 11 35 74 53 79 44 81 30 25 79 41 63 94 90 73 8 18 56 67 96 33 27 99 75 41 78 97 8 48 54 36
41 22 1 16 43 86 10 27 79 76 22 12 7 56 30 79 59 72 5 71 53 96 58 37 94 32 93 96 53 9 17 16 89 44 24 84 98 83 18 61 67 31 20 67 87 21 22 1 78 49 51 28 65 85 44 75 36 63 75 90 32 92 78 9 30 21 48 44 69 36 27 73 4 27 57 61 59 43 36 34 38 16 41 49 88 85 90 84 65 58 99 58 91 6 73 60 43 50 47 71
21 12 3 57 69 6 25 32 65 48 36 59 5 36 7 18 68 10 55 77 9 72 41 66 61 41 54 98 31 49 60 80 66 60 81 6 93 64 21 93 79 46 6 69 34 76 40 44 58 48 42 12 66 61 59 46 44 79 66 29 50 34 51 71 19 31 92 12 75 98 97 81 7 88 49 74 72 71 31 41 86 93 83 33 54 32 8 75 8 86 32 92 79 37 21 3 96 57 43 77
11 26 32 74 6 34 5 16 9 47 26 55 20 28 63 55 40 5 71 32 10 20 89 3 49 6 69 44 75 81 78 14 52 63 86 14 48 65 84 25 76 3 84 5 3 12 27 72 88 68 92 78 49 6 20 4 42 75 79 45 59 37 44 38 96 61 86 64 48 95 9 14 88 46 83 43 36 32 42 93 9 88 18 8 84 46 75 65 93 1 22 38 30 52 46 71 33 38 18 32
61 1 23 45 55 79 15 19 86 25 21 95 52 11 46 4 90 38 20 51 2 98 37 14 18 28 3 45 80 55 82 74 17 38 64 12 23 18 9 57 83 68 99 3 83 31 5 82 43 90 94 84 90 9 24 74 35 5 93 9 7 43 87 21 59 27 78 84 62 84 82 13 39 73 98 28 19 87 51 86 61 65 21 27 67 18 49 41 43 76 12 48 91 94 62 61 59 35 61 51
28 15 71 23 15 18 20 83 83 39 54 30 91 44 76 63 24 66 57 82 54 36 85 7 3 81 66 49 19 60 65 57 66 15 31 22 23 17 94 6 44 95 75 72 74 69 78 47 2 92 4 9 76 90 62 81 33 52 42 8 43 59 89 69 51 49 55 24 85 68 22 43 97 32 41 8 17 55 72 28 86 22 85 74 15 88 3 26 16 21 26 57 84 78 16 49 92 82 87 82
57 56 37 8 51 54 99 8 32 27 33 76 16 59 35 81 26 65 41 20 59 55 57 53 7 21 26 59 58 34 20 46 3 3 50 33 89 27 93 83 75 63 25 65 26 64 99 26 84 28 22 1 26 78 36 67 64 7 18 63 6 72 53 89 44 76 13 4 48 3 82 51 34 73 96 90 32 87 79 32 4 8 71 37 11 50 91 50 86 57 84 83 62 46 98 55 57 71 70 20
29 3 5 21 71 16 42 1 40 36 20 3 93 54 48 28 22 64 16 59 79 61 10 96 31 7 62 8 58 23 73 29 31 19 61 17 53 47 50 61 5 28 28 99 13 70 64 61 65 53 26 32 39 58 34 75 50 4 14 11 45 14 14 35 2 19 98 65 66 22 12 7 73 67 32 77 93 76 67 24 63 70 97 23 97 91 80 99 11 68 95 78 67 98 99 65 61 75 88 59
58 74 6 59 27 25 80 76 2 62 39 11 19 33 37 71 42 13 32 35 68 93 83 30 96 82 17 21 54 69 63 5 37 48 4 86 14 53 7 28 40 34 52 55 39 93 88 7 40 4 36 54 37 6 74 65 85 79 19 60 6 17 82 24 20 85 59 53 80 78 64 91 76 33 29 64 7 74 90 94 61 98 27 59 56 98 68 75 79 80 60 48 45 40 42 6 63 62 64 35
3 59 13 23 47 74 6 13 63 64 51 48 21 79 82 55 44 31 55 50 22 17 34 57 8 56 13 81 13 66 7 37 38 5 16 4 80 70 59 73 26 11 8 8 49 85 6 50 49 9 36 83 35 81 90 26 13 41 42 7 23 9 44 56 85 91 31 87 26 4 98 95 70 83 17 73 95 12 72 65 74 22 87 16 66 33 51 44 96 97 97 69 83 53 35 57 95 31 54 50
27 42 79 65 60 13 30 97 11 98 9 30 91 86 2 12 24 52 27 52 81 15 48 64 71 13 78 18 21 77 55 47 68 47 37 81 77 94 97 64 20 13 44 29 10 46 47 18 23 54 82 91 74 26 21 74 96 87 47 50 42 46 22 8 3 93 97 10 59 59 17 83 33 9 89 21 87 15 43 35 99 59 44 80 58 30 99 18 76 96 90 76 80 45 55 90 29 94 90 52
3 61 79 9 56 9 65 16 35 5 25 27 92 9 80 14 23 74 33 76 79 39 44 70 54 59 86 88 12 39 49 21 59 97 97 87 7 82 35 26 50 86 96 50 81 38 65 59 15 51 1 98 18 76 16 17 30 9 42 17 95 96 90 38 25 43 47 46 90 35 76 90 96 12 55 60 96 92 95 84 9 96 60 47 48 90 69 72 24 57 69 3 89 64 81 94 92 93 61 76
22 72 87 97 1 2 80 3 14 6 31 29 1 73 23 14 80 49 33 7 71 18 35 65 38 99 3 7 73 97 48 8 30 41 35 93 27 9 58 99 36 75 7 67 75 97 23 76 88 64 86 35 17 93 94 92 52 86 89 97 76 46 90 87 87 33 6 70 27 21 20 69 62 15 69 17 85 41 38 24 98 54 23 70 65 50 79 83 58 50 65 1 48 85 51 89 93 33 82 7
95 65 6 6 22 93 36 55 34 2 57 21 54 12 21 23 61 5 48 79 33 23 5 92 74 14 19 12 40 16 95 82 18 58 1 14 8 71 26 44 8 1 57 50 91 20 96 66 68 39 60 69 7 1 88 42 94 38 31 66 83 27 24 59 16 33 53 98 50 20 13 22 31 93 98 58 99 76 39 80 52 57 98 47 92 86 39 66 78 70 3 81 33 92 97 55 93 43 73 79
6 22 4 47 32 31 27 62 75 36 45 73 78 58 8 23 3 20 52 12 51 45 4 28 27 4 6 98 73 30 78 97 26 89 15 1 91 39 52 10 33 48 92 91 84 46 19 17 47 77 63 68 91 56 94 32 37 90 53 55 94 30 4 29 83 65 6 83 48 94 92 11 83 86 47 85 54 15 54 39 25 33 61 83 29 52 89 58 12 66 48 10 13 94 78 72 61 22 97 12
2 37 64 10 28 8 16 25 2 2 70 13 49 37 70 80 68 43 69 27 14 15 44 39 2 13 84 40 61 85 14 74 6 84 84 94 68 28 28 10 87 60 22 35 28 96 48 3 21 24 28 10 41 42 22 1 61 74 70 86 84 91 70 97 77 93 79 4 21 56 29 14 23 99 12 77 93 73 80 93 45 63 30 95 48 67 91 68 11 45 98 83 79 54 99 54 86 89 68 27
28 18 10 25 16 66 45 43 4 42 91 6 10 55 77 91 1 90 5 32 77 2 15 75 6 89 47 3 83 28 35 54 93 6 16 68 16 4 79 19 1 81 76 62 79 5 37 94 87 28 78 29 63 75 68 55 33 14 31 94 84 35 27 83 40 59 7 38 83 89 98 39 37 72 14 65 42 83 18 43 90 97 28 94 29 81 40 94 73 12 38 39 17 92 12 82 88 51 72 32
19 37 69 50 18 85 32 53 56 68 7 43 19 33 30 49 24 60 96 62 23 61 36 16 86 81 9 45 26 38 4 41 66 30 30 85 5 82 11 81 68 60 91 78 24 27 19 67 45 1 18 91 38 21 34 7 5 52 48 86 61 66 8 94 85 18 9 37 68 17 43 33 24 9 73 5 3 31 31 80 38 7 54 74 94 28 35 48 84 46 95 80 8 39 34 57 21 79 54 62
