10 200 16285 0.99
12 62 7 59 41 60 74 59 2 3 68 22 49 21 6 19 55 17 17 4 62 60 3 13 70 55 62 37 61 1 14 9 41 85 11 48 82 40 14 58 78 36 23 45 20 46 6 69 12 87 62 67 73 62 64 19 16 78 40 62 18 34 3 29 59 14 22 51 7 71 49 40 91 95 77 95 71 83 31 68 10 7 90 19 32 82 39 87 79 7 57 28 38 78 34 89 1 27 74 64 81 87 83 81 71 46 55 90 30 91 67 65 33 46 67 86 53 57 53 92 71 35 65 19 65 79 59 56 75 43 54 35 42 44 57 37 92 79 25 94 95 61 73 62 6 87 81 13 94 3 88 91 71 78 46 14 9 86 83 83 75 56 88 34 45 61 64 5 67 50 58 27 98 56 49 95 90 86 63 98 64 69 69 79 69 11 70 73 52 61 93 70 36 81 40 24 68 86 89 3
12 58 49 5 26 7 14 34 13 72 61 2 10 87 28 58 56 30 29 67 55 88 3 6 2 24 13 67 24 30 51 14 14 46 56 42 42 75 38 1 32 63 86 30 11 48 69 6 31 38 89 16 2 96 64 38 31 78 61 39 52 28 80 47 53 80 75 22 53 77 73 95 58 12 67 50 81 33 66 31 26 47 1 54 17 66 66 50 76 14 57 66 82 86 51 75 24 43 89 23 45 9 28 24 41 19 70 49 95 68 88 43 80 16 43 6 3 13 51 18 29 99 8 99 91 67 53 31 3 43 43 76 71 21 98 26 58 60 79 80 82 77 27 90 79 49 65 96 5 48 89 97 71 15 27 60 86 99 16 93 64 79 36 42 44 44 82 80 47 48 58 36 54 58 16 99 86 40 71 64 20 92 77 98 94 86 88 93 53 87 19 95 78 56 35 81 66 95 90 72
55 7 22 1 10 19 31 7 88 6 18 88 10 69 62 7 1 28 21 90 71 7 93 71 19 91 50 28 18 30 62 1 75 58 61 39 17 53 35 49 59 98 23 73 47 9 19 90 72 48 28 99 5 37 58 14 86 22 29 44 58 29 40 65 6 79 14 49 99 16 63 2 17 20 26 40 6 49 70 44 43 69 2 82 22 11 78 49 7 45 52 22 55 28 71 48 34 8 63 45 4 75 50 58 56 50 69 87 72 28 20 51 22 88 1 34 57 88 66 44 33 46 59 68 95 32 92 17 93 58 81 47 58 80 86 82 7 59 48 8 52 96 67 16 81 74 48 54 42 93 96 34 45 78 73 67 93 7 89 25 95 37 41 88 12 23 30 88 53 66 96 93 79 81 21 90 25 60 39 96 63 92 58 69 14 67 88 88 3 86 51 27 91 74 89 72 36 78 97 6
21 25 14 85 53 17 88 32 3 84 4 57 30 22 46 31 31 15 74 20 59 60 57 98 36 94 55 9 88 79 64 72 49 13 13 12 97 54 34 81 29 9 13 25 4 6 19 23 3 48 63 43 73 48 16 54 56 55 64 10 67 55 40 65 57 34 7 44 72 17 28 46 50 11 19 96 10 78 23 13 49 1 92 37 70 98 36 6 30 60 70 23 69 61 20 26 77 61 61 14 99 1 68 79 91 86 44 29 94 51 48 99 43 49 44 44 18 82 2 11 64 16 15 65 59 97 43 75 40 83 59 76 29 21 70 67 73 1 30 81 38 96 13 43 20 40 25 77 33 63 51 40 61 93 32 57 96 75 69 59 20 37 55 32 96 32 73 70 96 46 94 78 68 98 77 17 52 95 67 82 73 1 64 23 16 94 86 18 90 13 67 90 28 57 96 82 59 51 96 84
54 2 1 16 5 26 30 83 38 61 36 17 2 7 49 39 17 52 85 19 36 57 55 5 13 21 2 57 28 33 16 67 27 48 38 36 7 38 57 56 23 11 74 62 69 3 93 39 48 1 94 89 83 33 21 64 19 55 50 20 27 67 55 5 8 6 53 5 79 6 38 18 11 28 14 9 70 54 48 12 56 86 56 36 83 49 39 63 41 75 41 85 60 58 72 70 97 87 19 94 1 93 41 88 19 75 14 82 48 24 42 81 56 67 80 65 92 8 91 22 66 36 68 22 59 69 42 93 68 81 45 11 57 56 12 82 71 72 31 57 39 40 82 66 18 44 96 1 25 98 25 71 81 32 37 71 67 71 52 90 92 56 67 54 65 69 69 78 46 64 36 18 43 31 77 75 71 86 38 46 23 58 50 62 60 48 87 79 78 69 36 89 98 84 79 93 65 75 37 61
32 5 19 40 82 69 1 17 30 24 28 2 74 57 4 70 3 5 71 9 15 12 12 47 82 17 17 10 68 72 79 85 86 18 33 18 71 3 4 46 29 38 45 43 6 53 61 2 46 10 15 8 80 23 7 64 46 57 80 17 33 55 29 47 43 13 19 42 10 84 73 60 57 78 42 58 32 4 37 82 46 67 4 31 34 52 59 70 71 70 30 83 64 21 20 12 18 77 56 29 91 2 68 10 3 31 14 35 78 24 85 20 30 68 28 87 62 94 27 96 98 8 45 92 60 81 41 37 72 35 50 69 47 42 66 44 78 28 51 25 48 7 74 54 60 98 71 61 82 28 96 64 51 56 91 29 94 86 12 34 74 23 52 95 99 89 59 44 36 92 84 62 70 38 54 19 95 8 98 13 87 25 48 27 94 89 94 95 85 79 52 57 72 45 18 35 80 69 82 24
16 26 15 3 27 31 32 32 77 36 45 43 49 43 60 33 56 53 11 83 2 6 58 80 43 15 10 83 6 1 72 76 27 7 37 73 50 26 81 45 47 78 43 37 71 93 23 12 97 67 11 78 12 14 27 78 29 17 2 63 53 11 3 47 47 32 84 44 36 63 43 6 55 15 48 25 47 28 81 63 40 34 4 49 38 59 36 14 69 4 30 28 39 47 83 24 48 9 53 94 21 88 68 70 66 57 59 4 3 98 24 43 93 44 75 25 62 13 93 44 56 39 96 28 23 9 95 44 82 69 69 74 29 69 12 43 50 24 98 20 13 90 53 74 67 68 30 86 89 36 82 51 26 83 82 78 45 2 25 57 34 85 2 76 91 65 48 52 93 64 99 91 50 89 99 89 13 86 71 87 97 34 25 48 38 63 11 21 39 94 60 68 86 74 94 99 86 82 83 36
34 9 48 12 51 41 8 21 19 17 54 38 14 31 96 54 62 55 18 15 10 90 2 36 60 59 71 99 41 90 8 6 22 21 14 59 9 32 13 55 10 3 30 18 80 25 1 91 12 10 60 32 63 41 88 19 91 3 61 86 68 59 78 30 60 97 71 39 47 50 74 95 58 91 42 16 59 90 72 99 63 59 55 75 27 46 89 95 83 81 43 39 37 38 39 52 85 59 26 91 68 51 66 12 40 85 71 39 24 92 67 10 54 51 67 43 53 50 67 23 76 67 88 24 66 57 40 43 81 15 39 66 73 49 23 65 11 76 98 95 59 1 30 44 57 8 39 47 79 52 9 28 25 52 30 74 39 1 92 60 79 76 62 64 20 87 93 99 45 18 43 75 9 94 67 58 52 90 91 13 67 84 88 45 75 70 8 72 91 47 78 74 90 62 88 84 77 66 92 17
18 38 43 47 26 44 46 4 21 26 19 46 95 5 13 24 76 81 48 30 51 13 42 31 4 1 40 14 4 5 45 4 47 78 79 57 47 36 71 11 53 26 32 73 87 70 92 72 29 62 9 4 47 74 22 64 13 49 28 55 24 98 47 24 36 80 45 92 7 46 16 6 53 45 49 46 35 40 29 52 59 96 90 87 75 15 20 33 32 69 58 99 16 21 61 97 85 68 10 10 28 47 25 83 48 10 69 80 29 25 74 40 65 78 92 68 65 99 23 85 3 97 13 31 1 28 59 68 1 69 36 21 46 92 44 44 19 90 81 23 24 35 39 11 63 12 88 83 51 67 3 23 50 39 94 35 20 48 72 20 35 68 89 33 68 94 47 24 45 72 22 64 51 46 66 8 37 13 69 65 67 86 85 93 81 76 43 83 52 90 96 77 27 89 99 37 64 8 54 26
7 30 69 47 10 23 19 58 60 24 21 44 27 22 6 44 23 47 13 50 29 1 70 10 71 29 87 4 71 71 1 80 28 44 78 38 1 68 79 25 67 67 63 27 38 81 51 31 85 68 8 7 6 16 79 33 61 35 34 54 50 16 77 94 86 21 69 73 51 33 6 96 15 71 89 42 66 19 26 19 91 25 97 23 95 15 32 28 7 72 60 26 39 62 49 8 33 64 52 40 66 53 11 6 77 53 47 20 42 14 1 64 41 10 22 62 56 17 49 87 27 80 69 80 9 9 5 65 14 36 57 58 83 62 69 51 83 53 2 61 95 44 89 88 99 70 11 37 55 67 19 60 82 37 51 79 16 91 60 50 4 60 91 69 48 24 25 53 67 77 8 55 84 19 84 60 90 48 7 52 55 76 54 76 81 23 60 18 97 15 90 11 62 52 39 82 89 86 34 24
