10 200 16295 1.00
2 44 33 6 36 42 82 21 76 54 30 49 8 73 36 2 14 73 45 1 5 9 3 76 15 11 31 57 21 14 36 30 25 41 60 27 46 33 45 8 8 28 65 88 67 8 57 88 14 10 79 41 99 63 21 10 88 21 61 67 18 70 19 67 29 48 53 38 71 17 47 59 69 28 48 41 66 93 57 73 80 50 95 51 95 93 84 69 38 31 32 74 84 3 6 65 66 61 73 91 92 40 16 43 43 61 81 99 35 80 40 91 46 79 81 94 96 80 50 59 21 3 53 83 22 50 4 98 33 29 10 90 60 56 78 91 67 56 44 36 88 65 92 59 33 35 83 41 97 85 40 33 36 30 60 35 68 24 77 93 67 78 82 91 92 46 81 92 79 55 89 93 90 75 61 81 79 63 16 33 82 92 83 89 87 20 56 62 79 41 47 57 48 48 75 30 65 88 34 54
6 25 15 19 58 5 2 70 7 26 40 22 72 21 2 77 6 9 70 80 44 25 21 39 75 46 63 9 43 22 79 29 11 19 48 37 41 18 90 72 59 63 98 18 32 10 53 7 17 80 53 67 12 20 80 37 21 64 6 73 57 7 16 29 38 77 93 28 81 83 42 37 86 49 10 80 80 34 79 18 91 64 32 8 99 97 63 40 35 87 57 24 81 43 35 96 52 56 49 5 77 54 32 68 84 36 39 34 78 16 57 87 65 7 76 34 32 79 37 87 87 48 26 15 16 96 51 41 83 68 54 96 56 5 69 54 42 78 74 84 71 27 98 48 20 78 11 77 31 37 41 56 17 43 85 64 55 60 23 2 89 9 46 14 93 54 28 49 74 95 56 83 68 25 72 18 80 99 63 85 80 60 24 93 81 87 89 49 55 94 7 93 80 68 90 87 96 33 77 26
67 23 32 27 30 6 13 7 42 55 6 8 4 25 49 29 99 3 31 13 93 12 25 69 21 6 22 89 86 42 39 2 47 20 1 15 13 48 87 58 67 42 44 19 86 91 87 18 15 24 44 13 48 63 83 50 33 44 45 45 58 65 31 31 70 48 10 43 3 11 62 1 17 25 62 63 42 19 49 16 58 79 86 40 4 73 68 59 46 41 27 36 8 26 16 72 4 7 12 51 12 13 31 75 99 96 32 25 11 36 64 41 59 72 33 82 42 17 77 8 51 87 22 72 98 52 18 81 22 99 57 84 61 92 30 43 75 53 32 36 43 83 37 51 93 61 24 72 12 92 99 64 29 28 22 23 95 39 90 38 90 89 45 63 9 11 83 41 17 60 39 95 51 58 37 72 56 73 90 66 71 55 33 65 19 46 53 95 79 99 85 56 52 55 69 63 3 78 94 55
17 9 7 3 35 16 24 16 12 8 3 8 89 24 39 58 42 14 1 40 20 29 45 18 31 8 37 2 34 4 19 32 99 54 11 76 96 15 5 5 60 59 43 1 30 78 59 48 82 84 9 54 2 7 54 27 98 12 79 10 17 82 58 36 4 28 56 81 54 46 71 58 55 29 84 31 31 73 6 21 9 49 31 86 73 31 9 31 88 77 40 2 40 81 76 1 51 79 76 76 17 40 11 10 39 60 11 22 76 29 20 99 59 62 95 72 69 49 49 73 89 80 65 4 51 63 4 57 45 66 51 55 79 90 80 98 77 69 10 41 4 65 52 79 59 44 91 53 75 57 46 44 44 86 64 40 77 28 52 66 23 25 53 20 92 93 78 29 91 9 62 39 99 56 59 68 87 10 67 63 63 95 70 50 49 38 64 83 15 43 80 67 57 81 90 76 79 51 83 8
12 12 42 47 4 59 61 72 11 76 95 60 7 4 75 36 79 75 39 10 21 52 10 38 96 12 32 28 65 2 71 67 43 99 44 32 13 52 53 93 10 36 47 99 6 49 35 44 53 20 19 30 50 60 17 84 23 43 1 75 46 15 91 64 83 72 21 39 5 34 80 35 43 89 15 93 23 94 30 72 28 56 84 9 8 27 15 20 52 67 78 25 51 64 45 9 36 7 98 45 88 96 70 41 66 34 75 87 5 86 31 38 35 1 55 9 73 38 53 41 45 7 57 72 73 93 67 57 97 46 78 10 47 93 85 69 70 72 89 36 99 93 18 35 73 77 88 4 87 75 76 90 92 90 61 89 87 99 75 65 53 27 80 79 61 50 57 1 92 88 16 91 43 65 32 35 60 87 54 98 32 8 58 26 74 79 79 81 64 75 73 86 97 56 38 21 75 39 90 76
1 17 5 50 3 21 38 5 51 25 29 7 30 36 60 57 2 22 74 58 97 16 72 5 32 83 24 57 49 97 38 31 57 23 14 60 57 77 3 25 12 1 45 32 87 78 22 77 21 26 63 39 8 71 39 64 46 42 34 19 76 84 42 12 67 16 3 67 90 81 13 82 56 97 16 14 34 35 88 13 13 35 7 85 91 3 19 62 32 27 39 81 35 23 53 12 76 82 45 76 28 14 55 14 59 27 12 98 86 48 16 15 84 89 21 65 76 84 77 62 92 80 21 51 14 90 94 88 35 69 59 77 19 35 41 82 41 61 94 64 86 15 84 38 79 49 56 91 75 58 34 79 85 87 88 91 49 41 61 70 16 15 50 93 56 92 33 64 66 88 86 80 69 81 44 73 79 86 94 72 51 63 82 77 5 94 97 9 43 73 95 52 75 95 64 82 56 92 22 25
12 57 17 39 16 33 29 18 24 1 2 79 32 62 84 11 13 58 15 54 29 73 9 24 61 50 63 65 50 42 48 7 70 6 76 5 10 85 48 47 68 9 6 9 31 6 42 57 59 11 66 62 71 43 39 50 72 72 88 16 72 23 32 66 87 78 56 15 23 72 28 2 36 9 85 45 64 35 13 55 89 11 55 45 21 25 67 21 83 46 27 77 21 18 59 84 81 94 16 23 5 59 96 82 11 42 74 43 96 46 99 97 19 91 66 87 46 25 14 66 19 60 40 53 47 30 96 18 50 31 73 84 33 70 42 35 40 21 79 93 69 67 47 95 46 89 36 4 81 7 81 51 44 78 43 69 12 89 60 89 76 99 29 57 5 58 54 93 16 88 81 5 60 94 83 88 20 50 97 78 49 57 90 74 68 54 27 84 99 72 82 63 48 41 75 85 71 61 77 1
35 16 28 5 21 57 6 65 28 38 48 66 98 65 15 19 14 41 33 37 1 66 84 11 12 23 63 37 16 18 1 39 8 15 49 70 36 39 22 17 67 98 6 10 14 41 10 45 75 21 51 36 6 74 28 22 33 48 31 52 69 47 69 58 40 64 39 66 74 35 79 41 10 44 70 21 42 14 59 24 8 46 18 59 19 4 64 61 6 8 87 93 47 91 82 43 20 13 48 63 79 60 86 67 4 41 86 78 68 56 27 31 66 15 49 55 75 84 32 12 41 57 73 61 75 36 51 66 51 8 82 16 9 7 16 37 67 51 58 53 22 98 7 24 84 27 54 81 17 41 94 91 91 37 22 7 96 84 21 73 6 98 91 55 91 76 39 83 62 47 40 42 29 36 71 44 80 84 39 77 53 85 85 39 90 66 17 92 83 87 61 70 67 50 49 66 96 99 53 38
52 26 8 9 34 20 24 4 11 12 75 40 8 37 1 27 64 51 10 5 7 63 13 67 10 75 34 33 27 85 44 76 11 69 42 11 21 1 41 13 46 34 63 99 21 55 32 26 56 80 36 40 55 21 37 14 20 36 88 80 34 11 56 4 25 8 38 41 45 14 32 63 22 10 49 68 23 43 61 96 46 39 74 41 34 55 89 72 70 46 79 22 47 78 88 77 78 75 46 2 95 90 83 46 65 80 27 8 4 36 76 2 87 34 24 26 16 7 72 44 21 59 86 97 90 18 92 29 45 38 56 41 96 74 23 45 66 15 2 59 33 27 55 51 5 31 67 54 82 78 33 6 86 16 98 99 4 41 84 46 93 85 41 93 83 60 82 68 81 34 48 2 37 47 77 56 41 9 98 46 82 34 68 31 69 79 93 64 51 43 91 93 92 85 44 82 54 89 91 12
35 11 72 64 81 65 47 59 78 50 20 14 11 16 3 51 34 24 56 78 61 36 99 38 32 72 17 15 1 68 20 84 26 51 52 67 68 34 9 69 13 45 4 50 52 10 34 21 40 76 13 54 93 24 50 92 18 71 22 19 15 59 49 97 22 26 98 49 23 76 19 98 84 98 40 24 77 42 41 95 63 56 3 62 44 80 11 54 40 61 25 58 82 70 40 44 40 31 44 78 19 46 33 67 44 39 80 25 61 88 92 21 3 74 25 3 7 70 73 84 71 57 97 34 58 16 71 14 90 98 36 6 99 38 97 8 18 87 82 65 52 27 78 90 78 80 61 95 16 44 35 72 63 94 46 74 51 90 52 54 86 74 82 35 22 67 74 91 34 49 97 84 73 84 87 95 48 70 14 16 71 89 46 97 99 80 72 31 85 32 38 24 48 88 74 77 98 63 73 50
