10 200 16384 1.00
35 45 10 12 39 40 39 2 14 3 49 3 6 36 12 30 51 96 53 36 5 39 1 25 2 13 30 27 44 30 27 46 53 55 50 2 20 72 84 32 51 90 93 7 35 82 32 53 50 36 79 51 42 30 1 89 34 86 68 18 15 57 27 10 9 73 2 26 68 55 82 50 32 71 24 79 82 49 10 16 71 33 13 31 87 29 15 5 45 2 18 65 87 28 2 38 19 78 9 46 66 29 49 84 15 58 11 89 18 2 68 73 23 34 78 17 88 98 70 43 50 14 67 47 23 67 4 77 58 29 51 26 95 29 74 69 94 95 94 60 68 96 88 73 88 99 11 51 85 74 72 40 71 55 41 87 45 46 87 35 72 89 80 98 31 98 46 87 58 75 2 40 92 97 98 15 61 18 95 51 79 72 42 60 24 88 99 4 52 99 65 51 91 80 37 51 95 66 62 3
6 17 2 29 38 30 9 61 89 72 4 14 32 4 20 48 58 65 5 61 29 9 72 10 20 8 90 69 58 45 39 85 35 76 66 52 67 64 43 15 8 74 26 41 86 70 81 3 24 65 15 23 1 74 26 85 95 66 34 27 31 58 34 41 45 39 19 26 45 2 41 14 62 33 62 46 86 45 49 25 50 21 28 61 52 31 7 22 16 35 51 22 61 88 7 84 96 27 18 27 20 29 97 56 37 69 1 12 63 99 55 88 55 46 96 99 80 7 48 87 58 25 34 47 25 69 96 76 97 39 96 81 1 80 79 47 76 25 95 56 84 5 65 73 99 56 80 22 98 68 78 80 50 38 86 73 56 61 39 52 27 98 74 81 28 37 20 22 56 10 91 14 93 57 9 98 36 95 91 84 63 74 83 62 96 70 29 92 76 27 67 51 18 85 97 93 79 97 99 72
11 7 19 66 21 21 22 35 56 31 18 70 68 39 8 6 57 17 9 36 52 33 48 95 56 8 38 53 60 77 32 30 12 52 28 33 40 4 49 84 43 26 48 28 21 46 70 8 46 45 26 35 55 67 58 38 52 4 94 13 82 9 77 89 76 63 2 85 10 22 11 73 78 94 50 33 23 79 56 17 63 60 50 17 46 30 9 98 86 73 86 31 26 86 14 52 91 21 18 71 65 92 42 74 28 95 26 69 18 60 81 16 95 20 73 71 49 52 57 63 79 13 45 51 29 19 48 45 98 84 99 65 45 84 3 53 58 96 87 74 35 91 68 65 27 47 93 20 36 86 34 80 97 49 25 74 47 22 77 54 81 32 2 45 28 68 21 59 22 52 82 90 37 19 96 30 97 95 40 94 83 71 53 8 92 87 90 64 88 72 9 81 74 66 90 95 57 99 36 31
18 8 19 45 91 7 35 27 17 28 76 31 43 49 1 24 43 37 38 73 59 4 77 26 7 88 3 44 18 76 45 50 96 60 14 49 44 22 47 13 43 21 2 49 31 53 99 94 45 9 23 25 92 58 74 30 11 1 20 74 26 54 9 59 46 19 62 81 3 84 28 49 41 10 14 93 65 40 61 14 86 72 85 82 50 78 99 58 18 77 62 7 12 62 6 79 70 96 50 66 42 41 43 26 87 19 17 20 94 36 76 72 94 98 44 11 14 61 46 73 42 14 56 29 45 69 12 79 61 89 54 94 94 50 13 50 11 53 47 26 40 90 59 28 5 18 36 94 83 71 78 91 72 15 15 64 99 73 80 84 80 45 68 96 20 76 88 67 83 96 49 84 49 60 4 63 76 76 89 47 65 59 49 45 52 25 68 18 76 40 88 83 87 67 74 30 26 78 88 28
1 3 51 18 22 97 47 5 30 17 9 62 6 24 67 69 40 28 53 18 57 82 55 21 86 89 37 15 24 37 30 29 23 86 60 75 95 45 55 69 51 12 69 50 7 24 10 43 92 17 48 34 36 13 32 17 21 41 21 44 21 15 10 65 13 27 74 6 58 19 41 29 44 48 34 24 25 25 6 48 25 95 47 48 29 62 50 93 15 46 33 26 24 65 17 30 40 26 76 14 25 17 14 55 67 74 68 96 86 86 46 40 52 81 22 44 43 78 15 77 66 35 71 88 88 40 81 40 97 63 24 52 95 25 57 43 95 41 86 78 64 39 27 17 43 21 66 53 68 76 56 68 60 76 90 94 53 35 44 31 47 83 91 67 81 63 98 73 90 45 21 87 83 44 40 42 21 22 55 93 35 44 70 67 80 24 77 91 22 50 79 52 85 63 37 87 70 96 82 17
4 29 36 13 5 45 19 60 8 31 55 10 22 1 86 19 36 44 57 22 19 50 19 28 57 85 36 32 13 44 42 52 10 41 58 22 22 38 46 39 99 22 14 75 71 22 43 67 38 80 77 98 17 64 40 23 32 88 13 8 70 97 77 39 37 58 16 27 19 40 18 11 43 63 89 63 35 27 40 86 7 5 38 10 2 40 74 75 62 9 66 95 16 13 93 69 6 88 57 62 68 79 41 67 75 15 97 11 7 57 42 87 52 54 15 19 27 4 19 24 80 90 16 60 97 33 67 17 38 86 43 2 22 30 54 76 25 62 62 69 31 38 30 85 21 68 51 98 34 52 14 88 37 96 84 28 77 80 22 32 95 89 53 6 74 79 93 92 92 56 95 45 65 47 80 26 34 29 47 17 53 67 92 91 48 77 69 95 43 52 98 93 84 86 70 60 67 78 67 31
7 43 8 25 16 19 19 55 40 16 62 63 15 44 53 17 18 35 16 35 44 58 12 76 24 33 90 24 44 27 57 6 37 12 56 91 1 55 11 34 37 65 58 4 50 49 14 77 80 37 55 65 95 40 7 71 30 8 89 77 32 17 90 13 76 35 94 31 47 99 70 70 40 28 47 32 21 51 71 99 54 65 49 53 22 74 29 16 15 35 33 36 60 61 89 27 3 42 94 92 25 52 51 44 17 84 74 29 48 29 5 40 17 85 71 52 90 51 42 33 13 94 96 45 33 54 16 68 48 69 23 98 27 42 68 94 45 28 11 28 48 35 14 84 61 83 22 19 4 14 63 15 82 20 80 66 97 56 47 78 92 8 7 29 97 16 39 90 20 77 93 74 56 87 91 52 64 87 66 2 51 68 68 53 61 46 6 31 35 97 78 60 69 19 78 87 85 74 60 16
29 27 57 53 18 3 88 29 20 62 11 20 59 30 35 82 20 20 91 15 24 33 62 19 70 24 15 14 75 2 83 45 28 5 9 10 71 41 56 58 37 67 11 93 8 16 8 41 9 86 11 7 9 62 53 53 75 23 92 59 38 86 30 36 64 60 29 63 81 32 58 12 23 11 68 18 55 48 83 9 14 43 17 78 77 63 93 27 89 38 9 89 95 19 99 11 85 32 51 28 24 56 49 41 16 42 96 56 11 66 13 13 6 8 86 90 9 49 95 31 54 56 28 48 88 65 72 70 4 13 40 12 29 41 75 27 34 95 6 75 86 42 46 38 64 92 65 56 80 85 16 67 17 51 70 29 13 21 55 58 5 71 98 6 99 52 56 58 47 52 25 62 65 77 94 96 65 16 22 99 68 57 70 72 92 66 93 72 83 92 50 34 74 68 83 77 77 29 75 62
36 8 22 1 37 6 23 44 23 38 62 38 98 90 10 8 24 33 4 52 48 51 20 19 33 4 48 51 12 7 23 6 66 21 5 78 39 53 30 30 3 26 7 11 38 19 44 20 38 40 67 62 73 26 62 25 71 78 17 68 78 24 25 27 65 22 65 84 92 71 39 88 73 47 16 43 69 23 57 59 63 41 62 45 79 61 77 6 44 86 62 38 42 17 83 9 24 10 59 43 65 10 23 46 96 22 76 49 84 58 92 24 50 54 13 55 78 24 88 49 9 89 63 37 10 76 91 53 6 40 21 43 63 72 44 13 25 60 40 62 11 65 91 29 62 31 94 89 55 32 98 2 68 85 8 9 76 98 74 75 8 12 20 72 73 92 92 40 54 49 95 97 8 26 9 97 95 90 52 59 34 50 90 88 5 60 70 77 78 79 90 90 78 97 99 26 70 50 69 38
45 53 38 39 21 46 25 10 37 43 1 40 13 49 78 67 24 3 55 35 50 31 25 74 39 42 10 69 50 55 24 60 51 6 68 2 17 27 1 49 51 20 99 75 86 52 33 31 15 24 39 40 25 12 94 16 27 57 7 68 66 43 81 81 29 65 99 33 40 39 77 69 31 64 65 39 10 84 39 99 40 39 86 50 32 8 24 77 87 78 60 72 59 45 75 86 57 72 61 48 98 96 94 11 68 28 41 78 80 16 31 56 70 35 21 63 43 98 42 43 73 95 50 75 93 40 46 10 33 33 95 75 78 98 86 83 94 3 31 31 94 60 75 71 94 50 48 64 24 9 58 37 17 87 74 50 11 84 56 84 77 58 95 88 58 13 43 10 77 89 51 13 58 95 89 91 61 84 56 69 87 62 10 82 79 86 34 93 89 40 32 68 3 45 27 95 76 46 91 43
