10 200 16230 0.99
31 21 22 49 34 2 15 70 51 7 4 20 62 36 71 50 12 63 71 21 40 12 69 31 30 85 43 48 27 50 27 38 21 97 25 73 96 16 33 72 43 1 23 45 49 42 82 7 61 29 81 39 64 18 25 62 82 43 64 21 98 16 18 4 79 23 59 39 30 96 37 42 5 50 33 41 48 37 61 39 76 23 60 10 45 22 8 46 69 13 85 70 20 65 73 49 94 5 12 84 67 4 38 22 24 55 11 5 95 21 50 95 24 89 29 52 4 1 78 83 69 38 62 15 90 45 59 62 75 5 92 82 37 93 66 69 62 83 10 3 7 70 68 88 12 40 99 35 19 69 45 53 94 29 83 66 10 87 83 73 36 27 76 98 82 81 19 92 29 31 90 50 73 97 82 31 43 69 84 98 59 82 82 55 92 95 66 54 7 26 93 43 56 23 48 69 34 79 80 7
34 7 14 11 62 89 5 19 22 31 34 38 6 41 10 59 2 4 24 71 38 78 24 60 13 35 1 64 51 17 53 4 12 21 88 61 14 18 45 1 17 36 80 76 76 44 28 23 22 21 42 6 82 67 66 54 55 46 41 87 59 51 80 63 93 2 71 86 90 68 12 47 62 51 55 68 82 48 1 48 28 86 81 36 27 26 73 38 74 34 7 18 88 54 66 7 79 54 89 98 5 54 7 45 31 18 79 31 63 8 58 97 75 57 53 55 38 29 99 26 22 14 31 15 56 52 41 79 23 33 6 37 47 24 24 61 18 49 95 92 88 98 40 84 21 37 83 89 58 68 45 80 31 78 7 36 68 86 67 91 90 97 49 7 82 66 72 82 64 74 85 89 80 87 29 60 69 25 86 71 80 75 97 31 88 77 40 98 71 1 28 69 98 97 24 56 94 84 38 31
12 27 8 17 27 29 64 30 32 12 46 21 68 6 63 23 31 25 3 63 45 2 35 4 50 45 29 25 88 90 28 1 20 4 42 66 10 90 47 25 37 81 30 39 21 72 21 12 41 83 8 19 33 30 71 43 22 11 7 37 74 57 20 94 9 48 22 95 78 49 18 61 49 15 50 33 78 5 40 57 62 14 26 50 25 38 43 96 46 99 39 31 47 54 63 57 30 12 26 7 55 67 41 85 39 18 13 72 53 37 76 28 64 83 42 83 36 61 16 9 70 4 13 74 26 39 71 66 45 84 30 48 26 8 49 69 58 53 10 87 93 25 99 41 91 37 46 35 96 36 9 82 35 89 96 37 15 14 66 53 9 33 3 84 58 98 19 81 52 28 9 44 90 9 71 40 94 49 64 28 79 21 92 91 27 53 58 10 84 54 78 70 83 94 99 65 70 68 84 12
37 6 14 42 16 14 38 41 10 3 35 53 17 42 56 9 87 72 59 74 32 75 38 59 2 32 6 19 18 11 2 41 11 2 28 77 96 12 5 89 24 90 8 69 34 50 91 86 48 63 22 27 3 50 77 87 7 21 90 7 39 61 4 73 40 82 62 12 1 9 25 59 91 98 48 33 41 75 82 59 79 29 8 71 78 49 66 3 73 67 63 26 23 10 69 85 38 46 50 76 17 19 91 8 88 85 33 48 16 56 23 17 94 31 86 57 35 35 9 83 71 84 11 81 38 61 40 20 73 45 58 54 96 99 80 83 90 93 10 5 41 36 54 11 90 48 1 13 98 78 52 32 11 95 43 17 72 98 33 83 33 93 93 36 57 37 94 52 82 65 62 73 43 49 92 82 90 93 32 28 57 42 5 82 42 77 90 98 62 62 59 78 59 63 77 98 34 17 70 3
4 30 26 27 29 25 44 34 23 5 17 3 2 9 10 14 77 4 83 2 10 41 46 36 99 6 54 41 4 2 18 41 78 37 1 33 9 45 84 17 32 47 22 67 37 25 50 44 49 5 26 37 58 32 27 52 66 69 74 41 1 51 56 89 28 14 16 49 8 10 17 39 85 24 2 66 18 45 50 96 24 7 51 65 72 41 60 41 10 20 32 82 31 22 79 66 4 75 37 22 46 22 99 81 38 96 56 82 79 96 82 31 19 24 90 25 94 81 28 71 69 72 96 75 48 91 73 4 40 46 66 39 23 26 12 19 7 13 96 27 21 8 84 16 36 68 62 26 91 87 14 19 44 81 68 89 56 33 15 19 62 52 71 98 60 8 82 23 89 37 2 93 53 63 21 93 67 71 80 98 56 76 65 82 87 6 71 66 12 55 73 4 96 43 62 75 87 86 73 5
1 67 30 40 46 39 5 13 5 1 19 89 13 87 3 25 26 54 83 67 8 17 89 64 78 22 2 23 75 89 92 66 85 87 46 2 83 91 58 62 60 63 71 4 68 20 15 27 13 51 2 68 6 76 9 3 40 62 24 21 4 30 39 59 80 58 72 7 46 92 73 19 89 92 51 34 64 39 78 2 34 83 22 14 78 45 66 99 62 26 65 15 76 30 33 92 6 41 45 46 29 56 32 94 38 26 13 26 39 77 54 21 80 12 11 27 25 55 94 46 1 92 92 90 62 45 31 57 33 91 59 45 77 12 37 75 62 25 90 51 81 39 31 75 12 62 48 84 22 18 53 50 32 39 40 32 95 9 22 39 70 94 42 74 8 88 8 63 65 94 76 96 14 47 25 95 36 83 36 6 76 39 47 2 65 32 63 99 55 84 78 91 92 53 63 52 85 85 86 1
38 19 33 9 4 31 32 20 56 63 15 4 67 21 8 39 75 44 15 2 2 42 12 6 16 23 19 49 2 25 8 52 26 47 27 12 3 9 47 43 76 11 97 35 71 95 21 52 50 63 93 89 2 5 91 26 28 30 55 21 11 30 75 13 54 54 64 94 94 1 48 28 42 76 87 2 19 87 3 7 2 67 39 67 51 17 22 54 60 78 76 9 15 27 13 2 90 42 48 31 89 81 50 24 84 57 90 65 33 38 16 27 37 48 83 78 94 95 18 77 79 25 28 53 93 59 71 55 98 98 97 63 31 62 84 33 80 83 67 53 45 91 15 54 39 39 36 74 50 57 75 76 79 6 42 65 87 32 16 33 38 42 79 20 12 69 47 25 83 6 92 96 98 76 28 51 42 47 5 79 54 91 1 75 58 70 91 82 99 78 99 95 27 27 86 16 57 45 68 63
25 44 59 36 35 64 13 24 10 94 68 52 11 22 81 36 26 50 2 28 78 12 39 24 11 27 79 22 79 92 52 52 38 42 26 29 54 69 57 58 45 55 17 15 31 21 92 32 83 31 95 61 81 27 1 51 12 88 7 56 81 97 39 27 15 95 1 1 43 26 93 46 14 40 31 46 29 99 92 55 80 64 68 46 5 75 38 53 3 52 48 61 90 33 56 50 4 57 71 28 53 55 28 53 71 22 45 74 17 34 79 67 11 45 2 17 49 25 16 10 33 50 41 25 26 39 5 98 9 14 9 44 40 46 68 2 22 79 43 50 93 10 66 32 82 90 24 45 93 28 97 50 96 66 53 50 44 65 55 29 85 40 83 95 47 10 70 34 17 86 44 33 72 93 95 21 78 30 81 71 22 51 71 65 59 70 24 31 80 88 57 73 69 83 49 90 93 77 72 94
1 2 47 24 25 13 29 44 63 23 32 29 58 26 34 23 12 27 8 6 29 48 1 2 55 61 76 84 38 5 50 91 83 55 77 36 11 41 27 24 48 11 41 7 25 51 21 68 12 25 50 33 97 94 73 60 95 14 22 91 36 38 90 6 55 53 35 38 45 26 84 34 12 6 78 51 37 11 16 4 67 13 67 95 69 75 91 35 9 61 33 95 20 91 24 73 65 60 25 15 62 61 78 17 68 92 98 62 79 73 4 73 17 19 56 52 93 45 57 97 7 39 96 3 12 48 33 16 32 61 51 55 83 82 86 30 55 39 82 62 58 67 63 86 80 45 42 97 1 69 59 30 84 10 91 82 75 43 99 82 79 35 40 15 83 73 75 63 55 66 33 8 6 42 57 74 47 50 34 69 94 69 73 38 23 48 44 24 89 82 9 84 2 87 65 74 72 50 98 23
12 20 31 36 26 6 69 27 51 88 59 25 32 54 8 67 1 7 7 21 75 31 21 99 37 57 86 21 17 20 72 19 31 13 47 20 33 20 9 22 32 19 27 61 6 1 1 71 44 54 9 55 14 43 3 7 40 66 67 69 49 23 33 27 3 27 55 37 23 82 54 87 13 10 28 90 48 19 42 99 15 82 48 17 21 84 7 12 73 29 33 76 73 98 8 3 75 96 85 83 68 74 30 66 17 29 60 34 25 59 58 46 81 95 51 58 39 81 94 8 90 95 44 83 63 36 91 59 93 44 54 56 64 73 19 84 72 10 24 97 5 88 13 47 72 70 96 40 16 35 96 75 42 55 26 75 28 88 99 56 57 48 29 41 79 39 86 61 42 97 93 6 60 27 93 49 30 80 98 53 25 56 74 88 68 81 62 48 53 96 54 22 47 68 78 71 46 91 59 88
