10 200 16677 1.00
15 40 8 60 24 99 65 13 37 4 5 11 27 98 8 66 84 13 34 95 4 72 21 44 94 8 14 8 3 32 23 65 34 19 36 57 4 80 54 5 78 2 10 50 84 56 25 53 30 57 95 6 89 5 78 70 99 8 39 96 1 4 7 67 64 85 10 18 1 29 25 18 82 54 15 59 5 65 49 60 62 13 24 33 4 14 74 63 96 8 94 98 6 32 93 84 75 15 16 36 1 30 91 62 9 77 81 93 30 38 87 73 53 44 36 34 68 19 8 23 77 48 98 87 10 62 9 53 36 77 28 18 34 66 81 80 81 95 84 65 3 58 43 27 14 95 46 11 55 32 40 13 52 84 97 63 16 83 67 58 88 87 42 67 59 61 41 88 23 12 92 18 77 91 22 66 91 63 76 90 82 61 97 78 89 49 68 32 84 23 94 89 72 97 74 71 79 79 88 4
33 13 30 29 49 2 90 56 32 24 52 16 55 39 82 48 56 36 24 22 69 3 98 41 37 42 29 57 71 34 61 19 91 54 18 63 52 18 31 43 41 11 71 10 58 36 38 6 6 9 37 83 29 4 32 15 14 56 8 4 85 50 74 45 79 4 7 93 84 42 12 20 44 86 86 39 76 77 80 99 11 63 42 50 21 24 36 88 12 46 25 79 36 79 70 13 87 41 89 96 52 22 26 56 76 37 36 55 25 95 35 97 73 91 96 1 48 15 66 90 43 6 55 9 13 35 96 43 86 68 34 88 76 78 73 98 96 42 79 62 73 34 98 68 55 32 43 61 64 97 34 78 40 59 58 38 13 75 12 30 79 17 51 45 77 48 2 70 49 24 28 88 18 84 94 64 77 20 32 6 13 61 88 51 47 61 48 88 41 87 68 59 75 89 26 93 96 69 45 24
58 7 34 30 24 66 13 15 47 81 77 7 3 4 44 15 29 22 6 59 64 69 28 78 53 79 36 26 4 74 86 2 10 64 79 5 47 21 20 88 53 62 69 12 79 56 30 97 19 52 46 89 19 82 43 63 5 35 23 93 7 80 42 46 59 81 78 92 65 69 98 48 44 23 76 10 1 61 39 17 7 71 48 54 86 24 75 22 34 31 59 12 76 41 55 14 39 66 42 94 42 99 22 23 90 1 46 10 74 38 15 76 43 59 69 2 42 81 4 92 43 44 35 62 80 7 94 25 76 11 51 47 31 3 74 7 25 33 96 43 69 65 24 60 98 98 96 97 5 68 18 82 32 32 49 68 70 69 27 80 26 73 83 18 92 56 59 70 43 93 92 74 83 80 69 72 68 86 53 8 98 51 96 91 20 60 71 10 86 76 53 62 94 15 67 97 85 77 79 81
5 11 21 62 16 16 5 21 90 61 1 44 87 54 19 48 25 50 22 21 79 52 40 9 24 43 33 57 50 33 20 81 89 6 16 16 71 57 96 85 32 81 39 87 35 84 64 34 61 10 44 35 69 55 88 16 23 33 97 72 85 7 8 69 15 80 97 12 75 71 78 40 81 5 21 35 50 20 66 14 32 85 52 26 16 45 19 65 73 81 75 50 85 5 7 20 38 86 70 35 36 82 99 84 90 30 28 82 74 6 86 83 24 31 47 96 76 77 59 82 94 94 69 28 4 68 46 33 55 72 86 96 86 82 18 21 16 77 43 19 53 36 78 32 44 44 97 31 54 33 18 8 39 96 70 16 38 25 98 54 74 5 1 46 35 73 97 15 55 18 96 78 45 34 97 73 92 35 81 90 9 32 29 61 90 94 49 45 4 55 39 88 52 73 48 54 83 54 65 61
7 10 26 7 61 8 21 18 19 48 17 9 90 14 24 38 45 60 61 3 1 33 2 68 21 1 72 89 31 49 15 20 68 6 51 16 61 84 4 12 5 52 10 44 18 75 17 29 44 12 34 73 5 11 55 50 26 93 88 22 12 66 30 5 38 15 87 18 85 41 49 92 48 89 71 57 39 15 31 96 5 8 22 53 53 88 48 98 38 27 28 33 34 45 72 67 6 82 39 36 24 63 10 95 97 53 93 10 61 83 82 17 49 18 84 63 82 66 70 97 86 92 27 84 93 77 65 71 27 55 92 10 81 32 48 48 4 9 84 77 69 71 68 90 69 84 19 54 58 59 80 99 64 34 10 78 76 53 54 12 5 94 68 96 46 57 47 98 72 77 91 87 91 46 86 19 38 93 51 89 86 66 33 83 53 89 42 94 93 38 65 79 68 13 64 38 68 84 13 48
11 10 63 54 70 39 24 95 56 5 38 15 20 26 12 89 57 46 50 19 95 26 32 21 3 22 32 9 86 16 94 21 22 53 38 65 36 33 56 5 19 14 54 42 25 50 89 33 22 79 82 45 38 59 60 49 25 14 42 24 92 24 92 84 46 3 55 14 7 74 1 99 56 85 76 76 71 88 93 18 97 58 56 37 45 68 68 19 50 98 33 61 16 69 13 45 99 65 36 21 77 99 87 10 40 84 25 50 14 74 46 18 35 74 41 76 69 30 79 10 39 95 90 28 58 45 23 16 91 1 11 94 43 96 16 52 49 45 38 96 51 6 56 14 31 1 70 93 90 45 63 99 40 79 26 18 73 97 63 47 55 36 58 52 53 84 97 27 33 98 83 78 22 34 11 64 64 86 58 56 97 80 55 93 80 48 91 92 78 87 67 31 92 87 97 80 46 54 66 5
7 25 11 28 15 57 2 28 6 38 5 83 23 37 16 59 46 11 68 69 25 38 30 21 67 21 78 42 54 59 9 42 42 81 14 7 72 56 36 69 8 82 84 47 37 1 27 19 60 18 9 29 9 47 14 52 81 89 69 11 13 61 43 32 84 38 25 39 23 37 80 8 22 44 28 65 93 37 58 78 17 84 67 52 55 35 60 56 11 99 15 11 69 36 47 81 35 15 82 95 93 12 57 87 5 74 12 87 89 25 83 36 84 26 25 36 8 69 13 2 58 22 99 47 81 99 71 98 54 73 32 10 49 92 50 60 23 55 55 85 63 29 19 88 39 19 36 35 50 62 90 86 92 44 72 88 97 90 39 77 58 20 83 66 77 43 64 90 82 84 45 23 69 87 89 30 25 73 64 47 62 89 54 36 40 49 95 99 57 60 58 64 14 85 40 62 48 31 85 38
1 55 47 12 7 4 38 48 5 48 72 75 1 45 25 2 30 24 98 44 7 22 29 43 19 97 51 68 54 58 18 95 3 45 3 43 32 55 29 56 89 3 37 33 34 19 59 76 61 37 1 15 91 74 10 57 80 65 37 65 47 39 22 13 10 54 55 1 30 6 21 56 17 43 54 83 24 35 51 26 67 4 85 93 96 99 58 18 72 49 39 83 6 53 79 58 24 84 79 28 88 9 60 54 45 85 82 50 39 30 50 51 71 36 12 53 34 74 88 74 71 8 9 89 68 97 16 65 35 64 65 75 48 19 36 78 95 99 48 3 36 75 47 50 55 88 38 80 74 34 66 9 64 84 73 82 99 33 71 59 78 93 67 56 50 74 25 64 78 62 4 40 54 61 25 57 80 11 55 84 9 72 21 52 81 71 88 95 47 94 82 66 66 51 96 26 77 93 93 48
12 66 9 6 28 33 21 3 2 39 6 77 8 1 93 3 3 86 13 33 25 5 94 46 25 26 14 37 40 2 67 57 16 36 70 94 31 10 49 39 56 60 30 39 66 36 44 68 70 81 78 19 67 49 48 48 31 47 18 5 93 42 64 25 24 23 24 91 76 85 15 30 1 10 46 38 98 52 18 27 92 22 89 22 74 91 5 61 49 41 89 4 76 78 55 62 90 43 32 34 66 29 46 2 30 25 86 77 43 68 11 22 7 59 28 96 58 50 73 38 11 67 39 25 80 8 70 55 43 28 58 66 59 35 76 36 93 60 29 68 98 92 96 42 85 59 97 78 51 65 97 73 72 57 35 39 43 20 97 94 36 77 55 98 56 18 71 1 77 49 53 31 68 26 93 89 68 65 53 60 90 92 84 15 77 65 92 19 93 48 99 68 90 87 89 87 95 80 95 39
45 53 47 13 17 3 62 51 61 8 87 26 57 53 49 11 5 32 11 24 20 72 23 27 56 60 50 16 19 55 21 13 44 57 97 56 17 10 51 25 48 64 31 71 7 32 52 31 74 92 22 56 35 66 27 38 74 18 38 67 25 87 80 79 47 83 28 90 23 19 97 66 85 42 8 22 27 35 1 51 97 79 3 69 40 3 49 3 59 15 39 66 93 60 7 60 13 14 28 38 34 70 20 47 39 56 34 9 76 68 31 53 88 91 92 75 47 53 75 29 17 63 20 82 55 44 52 84 42 99 92 45 43 48 84 77 76 43 3 42 45 95 32 92 75 48 28 33 74 81 71 32 87 14 93 96 61 43 62 81 94 93 87 52 54 86 98 79 96 91 26 94 86 72 31 84 16 87 98 98 84 28 75 75 61 65 8 81 75 93 39 60 62 90 88 94 35 95 91 8
