10 200 16409 24.54
96 48 96 45 91 41 84 89 79 97 74 86 67 94 90 92 64 36 96 10 66 31 50 19 74 15 5 98 65 79 55 30 28 9 89 47 64 72 57 64 49 10 66 56 72 28 40 90 94 72 31 11 55 14 85 53 67 65 93 67 46 64 11 92 92 11 13 17 56 51 54 78 56 67 95 51 3 60 44 61 49 58 9 30 6 48 67 86 44 4 46 65 83 27 67 65 21 78 42 91 28 79 18 30 56 61 67 19 32 52 11 81 49 32 20 45 48 69 44 23 78 63 4 86 25 58 36 10 19 87 71 13 42 86 2 2 45 77 43 15 45 30 99 6 26 23 80 7 90 94 54 97 59 41 45 18 79 70 30 46 44 80 68 61 2 61 5 2 93 14 81 57 35 39 18 49 19 57 9 45 44 79 40 85 78 20 97 7 17 44 27 74 9 37 70 69 40 51 57 97
46 49 50 35 59 75 84 36 68 30 47 71 58 56 87 5 80 83 17 66 71 19 8 19 34 60 89 44 81 70 53 3 60 28 72 40 36 84 52 40 48 58 65 54 64 45 65 16 5 71 25 44 51 97 57 2 15 37 22 3 93 57 31 58 17 18 91 3 81 15 77 84 85 24 75 36 75 71 36 32 40 94 91 86 54 83 79 14 11 80 1 30 95 5 69 64 26 31 32 52 90 15 32 33 3 56 29 47 49 44 7 58 21 26 22 23 21 22 75 72 3 59 34 47 16 18 41 1 25 46 13 86 34 32 51 88 12 94 41 97 17 33 87 78 29 17 91 88 1 53 30 20 41 60 7 45 27 1 73 98 86 88 11 87 48 24 84 42 18 14 86 47 42 28 5 21 17 54 88 26 64 26 65 30 41 11 91 70 11 89 81 3 26 1 2 61 82 70 88 30
9 69 71 68 89 66 24 46 76 79 82 15 89 86 42 90 4 26 50 46 84 77 75 69 92 69 77 5 3 79 49 3 96 56 29 34 99 96 37 39 22 16 16 65 97 16 76 90 79 41 52 59 85 92 49 54 20 69 21 74 28 95 82 61 74 77 68 24 68 16 19 33 87 21 44 81 74 16 22 12 25 33 95 84 78 41 98 21 72 70 87 22 56 31 19 17 15 89 8 38 42 55 66 90 7 52 7 17 57 2 24 95 23 93 85 10 82 7 79 37 26 22 96 23 41 50 94 28 1 56 31 37 55 35 58 66 91 90 51 41 88 59 79 17 42 33 50 69 78 98 18 20 81 46 11 77 92 19 20 56 93 20 18 94 20 34 33 1 12 49 3 75 22 55 74 23 64 20 33 45 86 85 18 10 11 88 29 22 30 91 56 88 71 46 43 60 92 1 91 79
90 57 68 87 97 85 27 99 67 34 62 23 11 74 5 92 50 40 91 39 42 53 1 88 83 40 41 26 87 33 53 87 28 23 55 59 66 9 3 76 52 49 21 93 98 22 48 2 35 70 98 2 1 50 24 14 42 11 63 40 37 65 83 35 22 9 72 24 81 40 62 61 47 85 27 61 83 75 83 98 40 88 48 9 39 76 14 77 90 99 2 62 93 75 14 53 52 87 74 45 62 53 24 50 20 64 14 95 40 53 61 22 92 54 68 57 22 4 22 41 13 79 5 13 7 20 43 6 70 13 69 20 4 68 16 45 48 45 11 72 19 96 34 13 29 99 47 22 2 2 21 69 12 80 12 62 71 64 50 32 8 58 12 30 18 51 34 33 25 68 98 54 60 83 68 92 82 88 23 90 70 35 76 87 17 5 80 25 20 49 20 40 14 88 89 42 16 56 85 34
73 71 50 76 98 90 68 16 84 32 51 83 58 92 86 98 56 85 49 97 63 69 91 18 52 53 69 88 94 26 26 28 53 47 89 15 83 77 68 5 29 47 17 68 29 99 8 16 15 63 56 88 8 68 23 89 58 13 49 65 44 98 83 13 75 69 65 96 36 66 56 4 49 46 67 5 5 40 47 88 91 91 51 29 23 16 36 40 94 68 51 65 72 59 38 20 77 41 70 86 37 25 73 51 3 4 93 31 46 14 81 2 10 51 20 4 83 93 30 57 74 1 15 7 11 17 59 38 31 59 82 84 42 49 68 56 79 90 35 42 53 8 13 8 39 60 11 26 88 33 85 2 29 55 71 50 21 11 44 19 1 20 31 7 9 25 28 21 82 81 31 19 44 12 52 10 18 60 27 62 14 61 35 31 77 16 93 24 27 19 27 32 89 76 37 36 25 35 87 32
71 97 75 44 68 53 98 6 77 96 4 40 67 74 69 27 75 71 88 74 88 71 14 98 93 62 51 4 80 65 22 52 39 42 30 69 18 58 36 87 50 67 87 2 53 95 83 50 50 16 38 17 72 84 90 66 24 10 78 65 90 95 64 49 57 38 36 43 38 93 4 35 94 90 37 57 37 46 24 8 74 24 70 26 73 8 77 45 89 61 1 4 54 28 82 85 30 24 1 93 55 5 21 92 16 31 79 49 82 57 88 84 36 85 6 9 26 51 14 98 94 10 94 9 4 5 27 78 56 62 19 45 71 73 52 28 46 88 96 69 28 26 27 39 51 53 3 60 84 13 6 44 8 22 34 79 65 3 22 62 70 69 67 93 55 12 74 23 26 20 70 31 23 43 92 36 28 86 77 13 67 18 71 54 99 26 15 81 16 26 56 80 94 90 49 77 46 73 24 96
41 77 80 59 1 90 5 46 70 36 47 24 81 12 38 66 35 60 59 84 75 61 58 71 42 95 95 81 68 76 83 60 46 73 78 73 71 94 1 54 42 89 53 44 61 49 49 35 55 34 40 67 78 15 27 45 82 99 87 73 82 20 99 25 31 92 37 35 11 52 1 27 43 52 84 23 42 49 21 1 40 13 81 36 53 32 83 73 74 1 71 69 17 23 12 97 11 39 90 32 41 88 18 64 83 19 54 5 36 71 51 3 44 75 40 35 7 50 18 91 81 44 55 62 67 11 21 6 69 15 56 41 97 25 66 62 94 73 22 12 14 92 99 37 13 59 27 68 11 71 11 40 30 48 59 24 44 37 18 86 51 62 56 24 84 23 75 5 82 12 18 64 52 53 21 44 83 53 28 40 60 79 58 53 87 11 11 78 47 53 99 32 38 91 60 97 49 7 70 36
75 87 70 97 18 77 91 89 51 93 92 92 61 33 53 9 58 32 76 40 11 97 63 75 21 25 94 32 37 17 58 96 56 83 6 12 95 11 79 35 90 90 78 17 89 53 52 71 33 92 13 92 40 58 39 88 86 17 81 77 35 12 19 36 44 75 7 33 56 34 14 19 32 40 78 72 62 76 52 40 61 70 32 25 78 25 57 15 9 47 4 22 54 10 67 24 79 10 42 12 22 79 2 24 59 92 85 35 82 73 45 75 29 75 27 81 9 94 31 6 60 55 15 7 69 14 24 39 73 49 56 79 71 45 7 90 68 6 29 57 62 47 75 30 68 28 11 2 19 35 33 28 62 74 74 91 27 70 37 11 58 99 55 76 87 80 9 31 79 16 7 68 52 90 2 29 20 49 24 68 81 89 35 30 53 88 24 9 15 59 79 78 96 43 91 92 24 30 15 93
96 77 47 39 81 22 55 88 31 42 66 81 74 57 29 43 70 55 94 20 40 44 90 90 94 44 35 98 81 55 34 81 53 58 70 88 48 7 98 7 66 44 4 21 42 80 10 60 38 16 75 68 14 94 43 67 73 83 13 5 58 8 91 84 38 2 48 87 32 75 88 47 17 43 95 16 49 33 34 48 22 16 87 52 83 23 95 73 24 49 12 2 34 90 89 64 36 58 81 46 9 42 73 9 86 1 60 20 60 84 46 98 14 33 41 63 91 82 59 45 15 9 2 39 51 61 31 70 32 86 62 20 37 65 34 11 74 66 76 72 84 28 6 18 37 63 89 34 3 41 51 65 84 16 86 99 2 18 1 98 38 50 95 72 76 34 26 7 17 81 6 91 9 37 7 14 39 56 29 58 43 33 4 86 25 4 27 46 24 32 14 63 79 47 97 32 28 66 13 42
90 65 72 97 81 89 60 77 40 72 92 64 75 7 85 93 96 52 14 84 16 55 80 37 82 60 76 77 39 63 96 78 46 99 68 51 24 1 78 94 27 18 82 85 53 7 89 59 69 15 87 19 70 76 93 75 44 43 78 57 87 37 79 30 12 40 8 74 78 18 91 34 30 11 41 35 12 83 61 50 20 30 85 56 45 28 22 51 49 55 99 45 61 46 49 29 19 33 86 97 10 94 61 4 29 37 87 50 63 58 15 88 16 51 45 4 68 99 82 83 59 2 36 15 47 70 3 46 32 58 9 71 84 63 70 85 53 58 17 76 62 52 25 30 75 3 30 48 97 30 63 44 7 74 90 7 70 25 62 32 95 88 19 65 70 69 32 53 49 10 73 6 39 83 58 16 29 38 95 25 25 36 82 42 47 5 5 15 9 53 40 87 79 5 89 21 39 28 67 72
