20 200 17177 24.87
44 96 35 49 19 99 59 95 76 70 11 89 86 37 67 39 84 74 67 57 48 66 8 92 91 92 63 42 1 31 90 40 40 9 19 2 64 20 19 31 76 77 80 61 41 41 29 14 73 88 79 57 43 87 72 79 59 20 47 74 5 97 41 70 52 92 57 11 41 35 80 72 78 67 49 23 24 86 93 46 43 63 72 65 37 29 84 17 37 87 40 97 65 99 49 15 11 83 44 27 64 7 60 35 35 54 14 32 77 2 85 16 3 63 42 70 46 21 24 95 66 66 76 9 37 19 7 71 54 86 52 19 91 83 33 47 76 81 6 47 38 76 94 18 20 26 38 72 43 7 55 30 18 69 89 28 3 43 94 11 63 18 22 68 56 58 98 10 24 20 51 54 26 88 80 69 82 17 99 15 15 31 7 69 49 31 52 71 8 92 60 29 27 57 30 31 89 5 18 57
75 40 79 5 52 50 86 12 14 59 50 74 50 54 62 95 25 95 99 91 25 86 17 70 77 87 83 45 50 55 2 73 76 80 6 80 46 40 39 17 2 13 48 37 74 22 84 76 84 72 73 26 75 10 26 23 88 96 42 41 8 99 75 28 11 89 34 98 40 4 68 29 24 34 95 62 84 86 16 2 62 69 25 11 84 41 1 87 87 73 93 40 57 28 52 27 24 23 27 5 12 65 51 96 91 63 58 64 33 1 37 23 31 66 1 60 46 97 32 38 15 62 24 93 17 90 42 59 96 20 11 23 20 56 85 8 74 46 41 81 23 51 3 7 27 10 86 71 70 83 23 24 64 36 26 3 59 66 4 1 73 67 30 10 4 78 72 41 31 48 25 66 49 44 94 76 54 40 82 22 95 35 25 7 98 77 92 26 17 42 64 1 11 40 62 20 61 85 10 91
66 71 76 8 36 31 12 6 27 67 91 51 39 83 2 83 18 84 63 81 72 97 60 87 57 78 70 59 79 10 82 32 30 79 58 27 57 72 6 72 97 28 14 22 72 17 20 56 33 50 66 65 88 29 53 32 98 4 12 55 49 22 71 18 71 66 5 73 65 72 25 21 60 7 34 45 72 88 58 27 20 66 30 34 90 89 24 24 26 64 35 32 52 66 80 60 43 4 50 4 54 4 85 6 34 3 63 44 54 22 20 94 38 67 95 7 2 25 10 7 6 29 62 46 33 31 85 43 57 62 70 50 61 9 56 88 80 97 68 76 53 16 10 48 91 8 23 79 2 96 59 44 82 5 95 3 36 67 29 24 42 42 7 77 82 92 61 11 77 42 8 87 57 79 60 30 46 62 49 66 38 14 12 3 34 69 64 53 60 92 18 99 49 85 24 35 99 75 8 81
28 23 43 71 81 57 65 55 14 80 62 99 54 99 56 32 84 62 45 52 98 72 55 88 23 52 46 25 70 56 25 51 48 47 85 23 97 44 74 62 7 39 98 30 1 88 12 14 49 69 12 88 56 38 25 76 72 54 94 38 21 1 26 87 8 34 65 45 78 14 6 54 28 52 33 66 62 60 57 85 99 15 97 10 48 14 21 9 36 76 26 70 11 36 41 26 35 55 1 57 69 50 68 46 57 68 62 40 70 4 13 60 6 57 98 84 54 89 86 99 17 71 65 94 43 4 50 99 79 13 37 53 11 30 23 27 41 50 73 82 37 76 88 59 86 80 40 2 68 57 57 54 51 33 29 89 64 72 65 97 95 19 93 68 36 62 6 69 86 19 27 1 99 25 35 3 40 7 44 91 6 65 92 61 66 30 30 47 55 84 43 11 84 99 41 19 58 89 1 52
69 35 81 75 4 43 47 29 66 72 13 36 24 22 60 8 63 6 31 59 25 57 19 65 23 25 28 94 64 44 87 58 97 85 97 93 10 33 12 44 87 17 5 65 23 22 15 55 14 82 91 83 5 77 5 83 94 10 43 54 34 97 15 89 56 27 41 79 3 17 93 89 67 33 79 46 37 94 34 82 63 86 75 28 65 75 96 4 32 64 40 67 27 1 38 64 67 65 71 38 40 41 54 15 16 7 78 24 55 50 83 41 61 33 61 50 15 34 87 62 30 16 18 55 3 87 73 20 29 37 45 26 55 68 58 73 15 15 30 33 41 87 22 10 93 59 6 81 12 36 59 68 99 79 12 31 74 8 8 83 22 55 87 26 31 71 97 79 83 2 3 95 10 93 63 97 23 89 82 82 78 48 68 11 22 64 84 35 19 15 26 45 60 27 66 16 11 64 73 59
7 96 10 40 34 99 49 53 27 26 79 75 99 3 54 84 22 30 19 23 17 70 93 86 34 23 6 56 22 81 45 87 58 55 78 58 81 98 19 70 17 42 46 10 42 97 99 5 34 2 34 41 61 30 55 40 37 26 22 20 22 76 27 38 53 97 58 8 80 68 52 33 59 17 54 65 11 14 14 58 63 92 56 24 70 53 38 2 32 81 18 35 17 5 46 87 8 27 34 21 86 53 45 95 99 54 46 97 35 37 65 8 87 86 20 10 86 38 2 40 2 47 47 4 6 99 91 80 41 14 59 19 18 69 40 7 86 9 11 49 80 52 37 78 88 29 90 61 54 71 78 20 63 82 36 39 39 40 57 64 29 38 27 99 41 88 98 37 53 41 76 28 12 44 61 77 97 57 8 95 65 24 69 51 29 3 67 50 93 1 27 59 75 46 44 10 25 24 4 23
13 19 82 53 27 23 19 25 97 58 36 63 61 85 43 20 90 43 17 10 94 54 53 7 24 94 26 71 12 27 5 53 35 28 2 35 57 4 28 95 56 9 85 69 51 69 28 49 74 99 90 50 33 84 92 96 85 82 29 71 85 84 74 59 31 55 13 20 35 23 51 93 9 54 48 14 37 39 42 63 1 94 18 7 54 20 22 68 99 84 87 12 46 22 52 58 61 37 78 33 37 19 76 84 8 95 79 32 43 93 61 59 7 53 93 93 16 55 22 55 48 63 20 53 38 2 39 64 87 64 53 8 18 79 17 12 51 16 40 31 9 70 96 26 23 93 88 50 5 30 22 46 14 42 14 96 13 75 81 75 69 9 42 88 75 53 42 57 49 72 22 97 36 43 51 78 70 74 96 94 63 36 58 39 24 88 8 49 53 13 6 44 38 75 47 52 62 39 45 10
2 26 86 86 70 66 18 29 43 93 93 4 70 91 43 29 87 26 31 98 18 89 49 39 50 15 25 38 99 99 1 56 29 92 16 50 10 23 43 87 42 72 7 59 29 46 78 42 88 79 16 21 75 2 76 4 48 25 94 13 40 38 73 4 25 84 6 24 16 73 69 63 9 61 18 70 99 43 43 88 55 28 11 40 80 20 13 10 57 26 20 15 3 69 45 47 71 22 36 21 51 90 87 6 49 35 70 18 91 89 40 24 94 42 59 69 73 92 18 73 41 41 64 80 8 5 23 66 63 18 35 60 64 91 17 45 7 53 62 5 10 43 52 48 75 50 21 34 50 16 91 6 40 30 6 18 49 47 36 40 9 44 47 68 80 50 41 30 38 73 53 18 8 26 39 77 41 12 87 30 41 75 21 28 54 11 14 33 49 34 44 69 28 80 77 64 32 31 14 98
99 74 39 62 64 54 23 3 88 15 49 11 60 7 7 47 14 30 53 59 54 39 63 24 80 30 51 37 38 87 43 27 33 9 90 39 74 65 10 29 13 34 76 26 64 8 95 86 96 50 84 5 48 46 10 79 36 35 42 25 76 6 38 15 1 34 81 23 63 75 70 71 88 51 42 88 30 62 12 99 71 52 88 24 35 59 78 89 55 21 18 46 84 94 75 99 36 47 92 23 37 67 16 84 20 62 39 68 72 31 31 43 36 40 23 24 98 12 43 28 63 42 58 29 75 80 98 73 34 4 12 91 30 13 43 51 14 17 31 4 6 72 43 62 96 93 49 59 21 18 27 1 8 49 70 1 1 98 56 26 94 21 5 93 13 56 27 34 2 21 95 72 3 1 16 40 86 46 18 33 33 40 39 22 30 43 33 7 63 69 33 4 48 59 91 46 90 20 69 59
48 12 36 13 23 96 82 6 6 3 37 51 5 74 12 31 12 15 7 43 89 2 37 90 3 9 53 78 36 73 58 84 99 25 40 37 46 94 4 2 58 27 40 93 87 7 55 96 24 40 48 9 37 24 1 41 35 74 70 83 79 22 50 25 86 48 21 16 71 18 71 79 34 15 24 9 43 14 2 29 15 47 44 69 31 66 49 20 94 81 78 5 69 10 23 13 37 95 98 13 83 39 45 92 86 93 88 76 30 28 31 53 3 45 32 29 33 57 77 10 48 24 79 93 48 56 18 85 10 84 49 36 27 53 84 19 89 58 40 33 95 12 21 24 6 14 82 67 37 79 11 4 59 35 84 88 71 68 78 35 88 72 49 10 86 82 24 82 48 71 15 13 23 57 97 54 78 38 63 36 23 47 58 30 11 66 55 52 37 45 99 19 52 60 9 55 4 70 31 43
89 92 32 46 21 59 31 70 80 43 54 17 82 98 19 35 89 47 76 40 54 86 59 51 88 1 61 58 66 30 74 58 93 83 51 52 16 77 64 75 22 76 50 27 62 67 93 52 40 1 34 10 84 14 69 69 45 90 86 68 78 77 96 21 58 67 61 55 16 18 37 58 61 66 74 85 34 88 30 96 9 47 66 58 80 83 41 35 63 67 39 61 66 63 81 89 4 15 23 74 1 71 30 47 59 76 11 18 39 76 29 45 38 3 30 79 70 65 31 4 24 18 80 27 21 18 42 96 29 4 95 45 73 84 33 65 41 99 30 51 46 54 87 28 52 4 28 88 75 44 59 58 38 69 16 68 49 83 37 31 20 49 26 9 16 70 62 39 70 86 17 55 21 75 7 26 54 37 1 84 75 58 78 74 42 71 76 70 59 55 8 97 78 47 16 84 47 90 58 40
67 29 83 64 11 91 65 24 47 39 70 33 81 5 95 45 82 41 32 44 72 55 10 24 53 67 19 25 83 56 87 84 2 79 64 35 54 7 2 7 34 1 2 43 42 98 19 2 88 77 37 29 54 71 31 73 1 19 69 34 4 38 13 52 3 1 75 3 50 62 4 78 34 53 16 29 43 49 60 1 54 2 23 89 13 26 18 34 35 47 61 55 1 63 37 75 10 63 57 98 53 60 27 36 71 73 42 23 30 78 60 81 14 23 49 89 40 56 66 59 82 12 39 40 44 44 25 92 53 34 17 88 75 67 46 50 19 18 38 9 34 93 36 2 31 15 54 27 3 48 7 52 25 19 21 16 90 3 71 4 66 32 40 79 66 5 1 57 57 18 71 1 10 53 51 14 94 90 8 70 61 72 11 48 52 40 79 35 10 76 97 84 90 86 3 17 56 40 19 44
99 92 30 84 81 82 77 57 62 42 44 84 46 31 98 8 19 62 86 90 89 47 2 72 92 96 78 10 67 91 9 28 40 55 41 55 7 56 43 95 2 74 63 39 60 35 64 80 8 55 91 12 27 9 15 45 35 28 27 44 89 69 89 29 74 19 29 28 88 95 73 41 97 57 56 19 64 60 96 33 2 99 49 4 52 23 14 20 64 83 65 74 76 45 33 34 88 1 78 22 6 67 54 51 51 25 46 96 15 82 68 9 68 47 56 25 5 55 62 71 68 44 96 96 1 48 83 57 54 35 24 55 1 60 71 17 48 44 52 21 1 41 55 95 6 32 68 32 74 1 2 30 18 8 64 62 98 37 51 56 32 43 20 44 16 92 51 27 71 45 6 91 11 95 9 11 30 45 76 53 50 8 11 2 48 1 73 64 2 37 65 32 31 10 21 88 27 7 19 90
77 78 90 13 16 96 76 31 1 40 27 31 68 66 12 98 34 17 38 52 84 14 10 87 79 88 49 11 92 55 86 32 1 77 56 72 77 60 48 53 86 50 13 90 49 22 12 35 25 79 73 58 47 31 38 20 5 70 81 10 91 46 59 55 92 8 67 51 44 58 46 60 1 67 1 86 16 97 55 4 72 24 9 46 21 60 90 92 8 56 83 60 97 38 83 49 69 34 12 52 12 69 8 18 18 26 28 39 73 8 71 85 16 42 74 42 30 9 61 26 48 26 63 55 5 19 36 36 48 37 62 47 74 47 31 69 43 4 86 91 55 78 74 73 51 95 33 43 30 61 47 23 48 95 75 6 22 99 59 10 68 41 11 84 19 8 62 25 25 93 81 79 45 67 66 95 72 58 98 2 14 10 3 10 81 66 45 42 10 56 16 35 32 87 79 57 30 14 7 52
86 72 82 4 69 33 89 90 58 8 56 5 2 39 92 59 44 95 88 81 89 38 17 38 45 33 82 20 29 73 51 9 3 33 78 64 93 62 6 64 34 43 68 90 1 81 38 74 56 47 7 86 9 99 5 20 66 35 4 91 74 5 27 75 55 8 71 12 75 99 34 71 41 50 87 60 22 63 94 48 59 9 93 39 64 75 44 17 98 80 68 36 26 40 92 89 55 68 15 19 77 44 86 90 60 3 55 31 38 80 6 51 89 93 26 60 71 28 99 43 27 89 25 85 40 14 70 41 90 93 66 17 22 38 67 4 15 3 68 11 16 45 41 26 12 11 50 47 10 38 69 83 15 24 60 40 27 72 64 24 24 84 65 35 7 58 20 92 37 2 79 44 20 67 94 22 69 23 66 28 86 86 48 79 8 13 51 12 17 8 19 41 94 93 77 78 28 80 31 81
84 49 91 95 97 48 10 81 96 38 93 14 23 48 58 58 91 4 80 53 20 56 81 54 31 54 71 70 14 92 88 49 77 68 1 85 78 31 74 24 78 68 34 54 37 30 79 46 87 6 44 40 73 96 64 46 37 78 52 61 2 70 4 99 90 11 73 47 17 62 65 91 12 31 23 91 8 76 92 5 21 44 57 29 54 7 42 66 17 8 41 76 14 84 10 98 54 49 46 71 17 33 37 77 68 73 46 32 24 27 82 30 57 52 11 33 86 63 92 16 69 40 91 47 52 36 96 30 33 18 28 36 57 17 51 42 94 51 61 85 82 27 71 79 95 66 99 94 32 63 60 40 7 64 70 8 81 35 63 76 67 54 6 18 47 40 16 66 50 19 67 70 53 65 43 97 63 76 8 14 95 19 68 27 35 14 59 72 81 29 39 30 49 10 4 42 12 4 65 53
19 98 70 65 81 47 88 96 44 18 39 72 66 17 94 83 50 71 14 49 84 81 61 73 95 61 26 50 69 99 78 73 43 76 80 89 22 53 65 3 38 72 56 77 16 4 73 48 5 58 1 97 70 64 20 30 38 34 2 22 74 71 36 60 71 90 36 40 77 75 15 11 90 82 43 63 67 6 92 51 58 45 37 21 52 6 29 80 28 66 59 30 3 99 13 23 71 85 18 82 7 66 2 60 35 62 13 11 29 90 46 22 70 23 59 37 54 90 45 29 34 65 92 52 66 71 97 43 62 2 27 69 2 97 69 38 58 71 41 71 90 36 18 87 4 67 75 45 82 31 78 70 61 47 9 16 20 1 7 45 38 27 96 75 43 96 13 94 44 78 70 3 35 27 13 27 38 94 29 85 28 2 30 10 41 28 32 33 61 14 70 36 73 58 24 93 2 93 26 49
64 3 67 53 59 52 53 53 33 79 12 35 3 87 56 49 69 93 86 63 82 49 75 30 16 54 98 28 44 82 3 84 41 73 73 93 82 65 89 2 76 89 67 30 58 91 98 94 66 53 21 90 16 84 30 9 93 76 87 57 91 2 79 86 52 33 77 98 90 46 65 7 35 87 67 51 56 83 27 4 17 32 1 80 1 65 40 92 8 32 87 88 43 75 2 4 99 69 94 59 3 14 37 34 60 59 92 74 33 33 55 46 44 67 36 38 14 70 74 59 44 2 56 70 5 92 55 7 99 21 29 21 40 31 84 58 17 69 72 12 41 9 39 98 74 59 34 61 46 24 17 40 95 63 71 78 73 22 72 81 43 36 76 89 82 33 84 75 12 21 45 21 59 52 34 83 79 19 87 44 95 86 13 3 85 28 57 6 75 47 26 20 47 6 3 18 61 49 11 63
95 86 22 64 96 87 71 37 76 97 62 89 11 95 68 95 91 20 30 3 52 66 2 61 53 93 15 86 96 5 76 25 89 93 86 76 19 94 76 34 40 29 96 68 92 52 48 1 74 66 88 69 39 72 68 33 95 14 65 69 53 83 92 85 46 14 55 53 77 20 52 71 72 6 35 90 31 64 76 39 83 81 69 40 52 50 94 59 51 42 71 37 66 23 23 19 80 15 35 70 71 6 45 4 8 65 42 44 81 79 70 2 49 27 62 29 92 38 45 37 13 77 66 5 50 41 12 90 4 59 94 37 17 45 1 85 78 4 25 54 55 75 89 29 97 37 21 15 40 23 27 27 51 93 42 14 50 61 30 9 20 84 21 52 46 41 43 85 21 63 3 45 46 15 58 39 84 32 78 54 6 38 45 51 46 83 97 95 2 73 8 25 47 68 8 46 98 11 59 3
21 16 93 68 47 45 84 81 63 47 21 49 42 37 74 63 70 3 61 47 34 73 63 83 26 24 50 26 11 49 60 88 78 22 62 33 13 56 84 38 45 77 31 38 62 52 3 78 63 48 3 57 84 32 33 19 57 34 39 65 42 54 55 61 12 55 62 90 56 66 6 27 91 37 26 8 95 64 33 82 60 49 86 35 67 37 85 95 82 91 12 63 63 7 61 41 50 15 15 57 76 10 60 91 7 32 75 41 4 35 25 10 59 30 56 17 62 38 49 39 10 2 27 95 12 1 8 24 39 46 42 20 21 37 60 8 50 1 59 42 44 6 7 15 33 58 86 67 88 52 40 22 83 14 72 46 44 74 95 73 30 55 26 32 42 87 87 38 25 87 22 48 48 20 88 80 46 26 49 86 20 43 22 39 27 44 26 52 63 93 94 57 61 58 87 71 50 53 16 47
