20 200 17429 24.86
32 79 77 61 11 3 93 40 92 44 41 15 66 57 4 40 82 51 65 15 59 88 89 73 71 4 72 19 94 35 89 56 92 12 99 49 41 64 20 38 37 8 92 17 53 9 6 59 26 10 69 22 23 51 18 93 52 40 79 94 90 27 63 17 69 28 14 44 44 12 91 67 67 46 75 44 80 77 79 84 1 76 79 27 30 76 26 94 23 8 92 93 42 18 20 92 3 84 76 81 51 6 28 60 53 67 52 23 53 91 33 87 88 51 37 56 6 17 33 1 8 79 6 65 61 54 36 97 22 91 60 32 61 36 38 24 4 64 89 9 72 30 41 56 59 70 80 51 91 84 40 93 95 63 77 41 67 14 73 45 42 83 65 85 52 65 59 66 19 84 10 31 24 63 68 77 27 41 56 30 58 68 13 15 75 85 52 32 66 67 43 67 3 39 38 49 36 31 64 15
66 16 10 80 16 45 75 76 13 35 76 79 19 77 89 71 24 83 81 60 87 32 46 68 53 80 20 16 65 79 89 15 14 75 38 31 84 4 26 59 47 54 32 7 75 66 11 88 72 25 33 61 47 67 82 24 99 12 34 36 76 69 77 91 98 33 5 57 47 16 87 96 95 51 59 66 41 38 15 61 40 5 16 98 4 31 43 30 61 29 34 76 76 86 74 19 49 98 15 1 98 56 67 95 5 38 52 89 28 19 88 12 71 38 49 67 12 94 51 62 91 84 96 73 37 91 36 32 67 96 8 36 50 85 19 28 91 86 72 53 49 99 41 55 71 15 16 28 8 47 53 16 80 31 4 50 77 41 52 79 63 74 47 63 52 52 93 73 69 69 4 36 84 44 22 7 26 43 5 8 95 38 96 72 70 45 96 45 38 1 11 61 26 19 84 79 14 35 70 60
40 89 72 13 98 8 9 78 12 84 95 19 5 93 38 68 62 69 30 90 98 93 53 57 10 46 80 40 67 54 34 90 30 79 21 84 57 36 74 64 46 28 19 96 23 99 88 85 54 60 87 93 85 64 80 45 17 80 58 30 10 77 5 85 68 67 1 42 91 9 53 40 15 99 37 35 92 68 12 58 39 64 34 93 26 79 30 96 31 36 74 27 7 9 29 8 64 96 19 28 1 34 81 69 51 40 33 21 15 3 76 55 80 72 78 90 60 1 37 34 62 49 38 10 86 98 21 99 57 92 34 16 26 55 36 44 84 47 13 72 24 22 91 15 52 53 16 95 54 73 9 94 1 14 48 76 18 85 33 90 55 98 95 18 33 24 83 97 15 67 2 52 38 39 98 60 43 13 48 90 70 21 20 20 6 12 19 84 18 65 28 31 71 8 96 81 42 29 81 90
29 67 94 22 71 60 89 22 15 99 50 89 19 79 86 63 52 22 88 75 40 92 43 82 69 85 95 8 53 16 24 61 38 28 9 69 72 81 99 17 18 11 80 91 3 87 89 93 25 77 62 32 85 63 59 81 62 28 79 7 65 5 55 98 66 29 44 67 31 11 63 29 16 2 56 34 52 72 22 29 63 17 94 38 76 93 9 38 72 89 83 39 38 59 22 74 87 49 47 68 30 25 25 7 49 9 51 99 57 24 52 49 52 20 50 36 98 53 3 97 39 36 18 86 82 18 34 80 27 89 19 36 76 85 40 20 59 52 46 49 6 38 64 57 67 14 49 64 2 34 23 15 91 48 52 56 69 48 55 64 19 40 28 51 51 37 82 21 90 35 60 6 52 39 97 68 68 12 42 28 13 76 8 80 2 18 59 12 79 16 87 70 28 16 81 5 97 20 34 75
55 8 43 72 88 50 8 47 95 61 95 61 90 19 24 91 19 64 2 8 1 9 90 61 30 36 35 28 25 47 74 5 72 15 11 28 82 86 35 34 43 80 33 46 71 99 60 85 13 40 49 83 56 60 92 65 97 96 26 56 2 68 69 70 35 93 31 23 48 9 86 63 48 75 50 30 93 69 28 16 50 25 68 81 69 63 13 68 48 85 53 95 20 19 12 44 12 85 69 95 97 92 30 10 9 73 39 40 16 95 75 93 49 76 18 32 12 95 81 18 25 40 83 18 63 13 67 97 84 4 14 56 89 67 78 67 44 92 78 9 49 13 60 43 53 63 72 6 64 98 37 28 35 58 54 85 77 1 66 52 85 40 18 11 39 18 10 98 93 32 24 91 65 75 76 82 82 55 37 36 9 80 14 54 98 24 48 30 35 56 88 64 36 80 43 50 50 77 45 8
96 89 40 26 47 20 4 69 70 1 61 48 3 57 81 64 63 94 80 61 65 13 71 1 68 14 93 93 90 83 20 76 11 49 54 51 24 68 13 70 32 44 92 62 44 93 3 71 14 88 35 4 54 90 82 79 47 28 36 20 6 14 95 73 64 32 96 94 37 8 44 29 55 48 87 72 84 17 78 90 12 46 2 93 16 25 38 69 93 42 42 65 92 31 72 11 38 78 78 74 58 66 31 19 42 85 14 25 29 45 58 74 45 77 5 19 92 61 99 19 26 59 93 81 49 27 14 81 12 52 20 5 74 18 67 85 82 74 48 40 27 11 39 93 1 93 28 81 27 39 88 96 12 60 79 51 93 87 54 39 12 66 93 19 14 36 56 72 94 15 29 3 55 73 68 39 15 2 78 47 24 43 62 5 39 37 27 8 31 18 52 75 34 91 32 4 23 16 38 61
33 45 36 65 62 6 28 12 81 98 12 30 55 7 75 46 94 66 81 79 81 98 56 34 89 82 61 70 72 39 49 67 97 86 94 36 97 86 40 18 78 51 18 41 3 47 93 47 46 70 82 97 26 86 67 74 69 96 1 85 13 97 37 83 45 29 63 71 13 7 46 12 90 38 30 11 25 28 63 84 68 31 96 24 48 39 47 23 33 72 68 60 16 27 11 11 30 53 6 58 78 75 85 51 87 9 92 7 22 96 34 28 95 36 27 12 3 96 12 56 11 26 54 11 86 62 38 63 94 16 34 69 84 41 70 95 33 81 76 4 49 67 26 4 68 75 56 52 31 76 97 47 29 69 81 97 49 48 56 40 10 97 29 23 92 22 84 32 78 22 88 9 3 17 1 34 32 62 91 7 62 54 90 37 38 31 68 67 71 53 18 27 50 60 75 14 63 42 33 79
66 91 9 55 87 26 37 98 23 44 93 26 77 65 8 18 53 43 34 48 39 75 20 1 33 41 80 98 93 11 23 62 39 74 63 74 79 35 36 85 28 83 67 38 77 23 90 74 14 30 90 94 35 39 7 73 43 89 9 40 87 20 56 61 95 78 40 83 2 76 82 51 97 54 34 7 71 81 13 66 70 62 22 32 53 24 84 33 53 98 25 46 8 31 17 14 77 24 73 76 58 54 13 95 1 42 75 49 53 57 12 92 55 80 10 10 72 41 59 24 37 41 91 98 15 87 84 33 35 15 66 54 61 54 83 7 62 25 26 56 55 33 60 51 98 25 96 5 90 17 34 91 53 23 97 11 6 28 43 55 65 2 34 50 75 93 85 17 78 39 39 49 86 8 17 69 2 74 91 15 67 58 41 8 94 96 69 45 74 46 81 79 5 8 65 22 99 92 47 48
97 5 57 42 83 21 84 66 95 45 33 18 17 15 81 29 94 99 93 93 7 85 17 94 47 41 52 12 43 7 98 73 9 17 26 93 33 54 24 24 87 59 21 63 87 76 57 10 60 77 1 78 13 79 92 65 7 21 41 79 84 88 26 92 32 32 8 38 15 91 85 78 80 13 43 38 92 57 51 81 70 38 1 42 40 46 88 15 63 56 49 73 12 50 65 87 16 68 25 47 21 20 73 72 21 42 3 2 76 13 99 38 65 85 83 61 9 89 96 16 5 56 7 43 10 66 96 50 9 58 74 47 31 13 18 5 53 58 82 66 20 18 1 27 10 6 47 14 7 38 41 78 41 51 70 61 65 77 11 81 73 88 42 86 3 91 16 68 24 22 70 6 39 75 37 49 68 37 33 97 82 45 40 8 54 35 83 13 24 21 35 62 73 52 93 38 53 8 14 93
49 76 91 91 46 25 4 92 73 26 62 28 59 85 15 89 64 86 8 91 80 67 57 5 14 97 78 89 19 33 50 74 11 34 29 89 48 19 50 51 49 51 79 5 37 46 27 85 78 13 72 78 62 84 1 71 89 42 4 89 66 70 58 39 76 46 20 36 94 34 73 26 89 29 6 16 24 1 42 93 81 99 69 49 85 7 53 80 14 90 9 5 2 87 50 52 74 6 58 71 90 37 48 29 8 10 2 85 18 94 37 82 99 34 69 5 2 52 39 89 49 89 54 99 6 66 19 33 66 47 42 25 95 54 88 83 4 33 14 61 23 96 91 86 28 34 66 50 59 42 50 86 41 99 84 4 95 35 30 2 13 12 15 38 2 88 29 2 69 45 64 37 69 29 78 66 98 8 45 23 31 80 83 47 61 41 58 71 46 16 20 79 19 64 84 6 40 53 16 91
63 30 1 24 9 30 38 3 35 64 9 98 47 55 87 23 28 26 3 79 54 23 64 85 57 65 66 72 47 47 94 82 28 32 54 12 64 63 80 20 12 25 10 38 14 51 33 58 60 38 36 14 56 75 59 4 14 71 19 95 55 48 43 47 56 27 35 30 38 81 71 61 93 65 27 99 23 66 43 72 91 86 48 85 83 69 30 93 90 9 67 85 96 94 78 65 84 54 30 40 28 64 26 11 18 30 45 10 3 17 53 54 2 53 78 31 45 30 15 65 66 58 64 94 73 95 15 20 12 91 46 56 16 28 14 56 27 55 24 7 28 78 37 15 70 74 82 74 58 5 3 47 47 68 2 38 60 18 11 53 9 29 5 44 45 48 5 59 60 30 13 38 31 25 95 29 52 15 62 6 35 2 63 9 23 1 64 66 22 38 77 80 53 6 73 63 27 49 34 79
73 90 43 24 86 8 84 69 86 21 81 96 71 42 4 65 10 70 84 81 69 7 87 48 73 81 35 2 14 64 57 79 55 5 34 56 21 77 25 57 92 59 42 96 76 27 84 91 93 89 6 96 96 89 31 33 71 22 70 89 10 6 13 13 62 90 97 25 62 6 80 53 9 12 41 54 65 76 71 66 5 39 21 19 42 38 5 30 93 70 25 79 25 47 51 34 56 63 44 16 82 59 64 21 21 8 99 87 93 14 61 55 44 46 9 86 48 68 52 38 75 64 99 45 42 92 67 12 44 13 29 92 82 3 20 19 38 78 12 52 62 47 27 59 13 56 10 76 69 78 60 17 38 10 94 75 15 7 45 55 51 52 59 34 99 12 89 96 96 26 70 12 55 53 22 64 91 78 36 91 8 85 28 4 80 29 76 9 57 14 78 31 40 89 55 19 61 55 66 81
75 20 84 61 6 94 99 32 66 7 70 27 34 98 49 44 28 45 14 72 5 8 44 34 93 79 65 71 29 39 37 32 35 47 10 79 81 82 93 55 46 17 73 60 98 62 45 83 89 67 80 2 53 28 70 17 94 9 47 65 64 92 4 10 89 94 21 95 92 67 11 46 44 75 94 71 51 50 58 57 97 63 1 82 64 90 35 24 80 11 63 51 47 39 5 43 64 42 1 93 4 65 91 42 90 5 9 28 75 80 26 8 65 68 37 27 85 63 22 84 74 59 51 28 6 10 96 4 23 75 65 24 64 82 10 80 38 72 26 80 48 63 34 48 40 49 95 20 49 25 42 58 49 53 72 13 61 79 98 56 67 24 10 5 9 70 78 68 43 71 10 35 25 27 32 4 69 96 12 9 72 55 2 79 26 47 58 16 50 15 22 7 87 88 29 9 54 58 14 72
41 68 35 20 73 29 69 65 90 36 80 92 43 40 63 87 64 20 6 93 92 23 80 61 82 92 37 68 94 76 68 59 83 75 11 4 7 45 69 95 53 80 59 24 21 90 77 22 79 15 95 64 28 93 28 91 31 66 70 1 94 64 2 21 75 43 31 73 14 7 27 1 75 46 97 24 8 48 48 73 94 14 78 33 57 27 52 80 46 5 63 44 52 32 62 88 27 23 89 34 40 34 94 17 57 61 13 29 32 49 30 87 66 80 11 23 24 69 40 98 1 68 65 35 33 47 13 32 72 58 61 95 56 60 18 37 68 97 30 44 53 58 13 85 24 64 35 56 66 99 68 31 43 50 13 7 6 41 57 73 59 4 68 58 13 30 20 59 77 4 33 53 73 22 97 11 17 16 66 91 2 90 4 57 32 66 33 54 60 22 84 18 2 59 71 19 46 24 58 93
97 25 75 67 98 96 57 10 69 10 77 64 10 18 86 51 23 99 94 21 32 9 61 79 38 28 65 33 40 34 60 86 79 50 25 12 96 47 57 73 12 98 50 47 21 54 48 5 93 40 1 46 91 40 45 90 86 9 41 30 8 63 90 25 86 8 95 58 70 45 41 40 84 88 40 23 17 23 99 1 57 46 72 24 71 84 10 61 77 19 6 14 81 69 79 78 17 99 20 56 95 99 48 97 25 35 15 31 75 94 93 74 13 87 64 49 80 26 91 24 17 53 9 1 56 66 49 27 80 69 52 35 34 3 45 51 39 84 6 82 7 46 63 28 39 75 67 82 14 20 7 49 46 35 3 39 54 54 7 61 84 13 76 18 15 55 90 76 78 60 81 46 40 21 52 50 87 95 19 30 30 65 49 2 16 28 35 10 93 16 18 80 14 30 21 26 71 29 24 21
48 32 43 32 38 94 22 57 29 58 81 81 86 51 56 73 33 91 88 97 3 65 72 1 47 66 65 98 67 84 38 54 53 17 64 94 46 56 56 42 54 59 87 42 80 85 9 24 76 77 72 1 35 84 37 78 5 86 92 48 69 64 14 71 22 27 46 75 37 56 24 52 94 13 9 90 10 91 88 40 72 37 62 11 63 99 30 29 87 22 63 76 17 71 65 7 1 8 93 94 69 20 74 59 83 72 38 20 3 38 35 67 78 8 91 60 10 37 62 28 24 81 22 43 92 4 33 46 99 36 57 6 51 81 79 54 9 96 36 16 74 48 17 53 34 87 88 9 2 10 26 55 65 65 27 45 62 96 9 42 90 30 10 2 38 40 39 83 62 86 46 81 73 61 30 56 11 66 58 48 83 43 2 83 78 68 69 57 25 48 10 57 72 40 48 73 41 44 36 97
41 86 2 26 57 87 2 2 87 32 49 32 83 69 24 47 67 56 40 58 13 85 9 48 61 64 37 59 91 57 8 46 71 37 31 32 87 52 84 52 24 64 80 81 99 92 29 82 24 9 49 19 62 39 91 87 15 7 99 42 86 9 3 41 90 35 29 37 63 28 63 81 26 97 77 31 59 3 58 66 78 70 7 86 85 80 2 64 30 97 1 27 65 36 95 8 87 78 56 46 22 4 63 8 68 55 72 42 91 38 26 79 39 96 96 25 40 92 84 7 46 81 89 84 50 74 41 3 71 53 97 61 12 69 77 56 19 12 22 87 75 86 24 16 85 4 30 19 48 11 30 63 86 37 81 67 53 22 19 64 21 50 35 79 72 15 96 43 10 59 61 85 25 15 56 55 82 55 75 98 1 18 38 68 62 22 12 99 6 68 30 85 3 48 44 21 1 7 16 58
24 31 87 69 77 6 19 89 11 50 83 9 91 75 42 77 64 66 28 90 88 26 67 46 52 6 24 6 94 98 90 52 90 18 29 10 27 52 2 73 55 23 44 11 53 18 56 34 35 24 6 22 29 19 59 18 82 82 44 19 28 54 41 98 66 85 50 33 92 51 42 83 7 73 58 85 54 84 47 1 82 28 43 42 26 97 8 28 61 8 14 23 96 67 42 63 30 18 15 38 10 38 67 84 92 58 8 68 10 43 9 73 96 29 63 30 75 63 55 84 14 3 57 12 7 91 97 26 33 61 41 26 85 91 51 63 84 97 1 10 36 52 74 79 84 4 15 7 27 23 43 4 56 52 29 55 6 94 5 31 4 60 20 43 8 55 45 23 2 2 29 64 17 7 6 78 15 69 14 11 73 41 36 55 95 86 70 18 7 22 29 4 1 65 53 26 78 26 11 90
56 93 20 98 14 54 42 68 62 1 54 54 81 26 12 33 90 75 57 44 72 65 59 86 39 32 13 89 77 76 57 30 85 17 12 39 19 18 68 66 94 53 94 84 55 55 75 26 64 72 72 15 37 73 13 25 55 74 76 5 78 86 87 90 46 52 83 67 42 85 94 85 16 28 98 8 29 82 44 62 92 15 49 31 73 21 42 6 22 17 76 91 24 11 4 58 43 62 38 43 43 19 7 38 15 60 15 28 12 56 54 92 54 27 68 68 48 80 92 58 49 17 12 35 33 11 6 10 34 25 57 93 60 56 31 28 23 80 87 55 33 95 58 5 40 36 87 96 91 54 39 34 97 37 13 40 37 76 57 53 58 28 66 44 15 6 78 31 73 89 15 6 55 50 32 49 93 8 29 1 3 44 61 21 94 37 27 51 22 65 35 45 86 47 37 59 33 82 37 44
94 46 77 4 86 4 91 68 98 1 48 62 84 9 55 85 14 30 41 49 70 58 93 37 6 65 65 63 11 49 10 17 34 2 79 85 53 88 43 97 16 96 53 49 94 34 93 93 73 99 59 61 16 34 19 56 25 39 58 89 26 19 93 62 72 26 23 60 23 89 93 51 77 5 92 85 55 33 69 24 29 89 21 33 93 72 74 21 64 12 83 45 43 78 18 76 92 64 17 15 29 54 70 32 84 76 97 99 90 75 3 78 38 57 21 85 45 10 99 42 7 31 21 66 50 37 23 22 57 50 27 41 39 68 49 41 84 14 10 61 85 43 81 27 56 17 13 41 58 31 34 67 21 11 74 14 57 98 97 21 48 60 25 4 97 48 94 73 60 84 57 92 65 94 69 66 26 99 56 9 69 77 44 8 29 1 73 55 81 75 42 16 12 78 6 28 37 2 13 49
