20 200 17471 24.88
34 45 65 97 63 75 45 8 25 8 64 93 66 47 44 3 31 43 2 64 81 23 55 35 52 94 94 97 44 9 94 30 49 68 7 18 90 51 19 88 2 90 65 55 96 10 24 3 41 64 98 53 63 26 54 42 19 40 24 66 15 81 27 35 69 37 82 1 48 55 12 56 64 64 55 30 59 2 4 69 38 98 35 57 3 64 49 68 87 40 92 40 95 11 41 92 46 18 83 90 45 21 20 55 73 84 5 28 95 64 66 7 14 47 91 59 90 55 55 10 91 81 39 34 83 77 44 83 33 1 42 18 32 32 84 34 18 96 13 15 12 89 60 46 60 61 13 56 34 77 62 88 88 11 49 83 63 74 70 19 68 94 39 64 2 94 72 36 95 7 48 96 57 55 40 58 91 53 25 22 18 45 55 93 12 91 81 38 11 83 12 35 52 47 43 57 19 39 37 64
25 84 87 13 88 42 18 24 46 86 26 34 9 85 40 5 37 4 82 72 92 62 76 87 56 98 76 2 93 22 54 78 52 62 71 29 95 81 90 2 68 31 74 98 88 2 76 25 14 28 33 4 50 75 81 36 69 44 26 2 80 55 2 96 70 21 30 6 52 54 13 73 72 98 93 3 41 73 69 88 17 46 75 62 29 92 36 8 34 58 18 21 50 66 15 67 17 28 31 16 30 20 54 33 66 83 64 57 12 38 73 75 67 7 56 2 12 53 88 96 24 53 71 43 64 57 82 3 59 94 52 37 56 56 48 8 86 90 14 19 42 80 74 51 72 91 59 61 63 90 28 28 8 60 5 47 37 87 77 74 96 36 3 38 85 80 73 83 8 28 29 4 74 14 30 29 39 49 16 56 33 84 40 67 17 39 70 4 86 65 48 57 28 48 58 79 42 44 38 72
38 2 51 43 97 24 32 66 20 52 9 56 47 8 43 65 48 92 43 90 81 89 41 34 82 2 67 92 31 84 98 51 95 58 3 78 91 56 12 29 11 60 80 81 24 28 82 85 54 99 91 78 74 34 95 32 26 25 70 67 27 12 28 37 2 13 32 1 35 53 51 11 39 17 1 66 58 31 80 87 65 17 92 56 65 47 67 80 6 20 50 53 40 70 86 50 37 7 80 17 61 97 97 27 44 44 65 2 91 69 52 49 11 73 47 23 25 67 53 38 86 6 26 60 97 87 14 73 71 64 54 84 7 85 57 38 98 88 67 2 70 61 84 89 1 93 56 16 29 9 66 13 49 52 55 75 79 58 43 4 97 60 23 69 27 43 42 95 97 85 49 51 14 10 73 76 45 93 40 71 42 30 85 19 39 9 76 90 86 40 25 42 63 5 70 72 77 89 30 90
72 32 59 67 12 38 89 50 63 66 75 17 25 73 83 38 66 27 82 39 40 85 71 85 48 26 56 79 82 99 59 36 56 96 60 76 52 70 40 33 13 85 71 27 59 98 47 71 43 17 26 14 47 25 27 23 97 38 72 23 19 61 84 94 33 38 65 82 78 76 40 26 36 76 73 47 96 31 13 71 56 1 83 65 14 68 58 66 41 82 63 96 73 40 34 80 63 91 10 86 56 68 44 21 34 12 28 61 5 87 92 93 71 37 48 37 15 61 44 53 56 6 53 48 88 62 22 6 74 2 22 71 16 20 75 24 24 81 27 33 67 36 28 11 92 69 86 54 39 25 19 79 89 53 81 13 83 48 68 27 8 14 97 87 29 99 25 12 77 18 45 63 33 53 79 70 39 71 45 82 41 43 86 35 96 8 97 29 21 90 80 30 57 32 89 46 67 19 44 39
56 95 82 61 88 73 87 73 4 19 99 42 32 95 84 20 13 22 10 1 31 50 19 6 28 34 79 1 77 94 2 29 25 30 88 66 72 6 43 68 64 1 95 18 7 24 62 10 58 27 72 42 39 57 33 64 93 51 70 41 42 30 50 81 73 47 75 97 65 91 40 14 65 58 20 69 12 41 53 10 81 19 20 55 13 47 16 8 97 18 94 16 93 38 22 20 64 58 58 26 45 28 56 35 51 98 15 96 83 40 28 10 42 21 37 51 24 28 45 12 1 91 23 35 15 16 40 16 43 10 1 43 26 95 97 34 42 17 28 51 86 6 32 12 25 45 49 78 98 71 35 26 40 50 62 97 42 94 49 49 14 31 56 40 32 32 65 8 66 43 68 27 49 54 79 41 97 38 98 13 32 28 48 19 33 76 7 66 40 28 97 46 62 48 91 32 11 6 68 1
89 71 95 17 9 38 44 51 95 98 18 4 22 41 63 62 33 27 31 41 12 8 66 73 77 40 93 71 98 5 91 55 79 42 86 62 51 15 66 19 67 95 72 15 60 89 68 70 73 96 35 53 83 27 20 99 7 72 24 29 80 12 79 20 97 95 34 18 97 44 78 24 3 64 47 61 52 72 7 58 77 11 60 91 63 17 68 26 97 77 59 81 29 12 30 10 37 15 10 62 21 6 25 11 28 39 47 64 34 17 43 65 8 99 25 32 93 24 6 69 33 96 13 98 26 84 97 39 44 57 66 5 65 95 48 58 95 97 3 62 35 97 28 28 48 60 11 2 17 24 72 13 86 50 8 5 10 15 63 97 46 34 91 17 73 42 26 65 19 74 64 60 83 57 81 19 71 19 36 24 93 69 36 3 76 96 53 23 9 85 45 44 28 50 60 34 49 78 26 41
74 45 50 18 56 12 32 91 47 74 27 66 87 4 75 3 53 77 60 77 9 84 79 56 85 10 58 22 35 67 65 33 26 44 26 63 14 8 43 4 57 96 56 42 84 23 19 90 47 89 7 64 70 32 11 84 28 66 9 13 26 76 14 11 1 9 77 16 80 61 36 53 64 23 68 63 28 75 19 4 63 62 54 62 90 18 73 75 22 88 44 67 88 40 71 74 92 61 26 96 17 10 50 9 68 41 63 93 66 14 73 69 86 23 4 95 29 88 71 61 3 91 61 42 47 90 35 97 75 81 48 57 14 69 69 17 9 86 10 28 11 35 97 96 65 78 8 25 74 73 25 53 98 62 54 99 66 54 88 18 57 84 76 14 33 26 8 47 2 94 2 25 17 33 70 86 29 26 42 32 77 67 97 84 72 69 31 71 56 83 72 13 58 74 62 34 34 96 78 77
21 87 72 82 84 88 54 84 43 2 77 99 34 36 52 21 77 80 44 36 98 28 36 95 4 97 70 1 50 33 70 81 11 88 29 1 72 98 57 88 42 8 20 22 20 11 93 19 87 90 20 15 39 51 70 90 99 3 55 44 80 75 48 62 57 64 4 74 50 8 80 63 98 26 2 51 70 84 31 91 65 19 50 31 91 25 34 37 13 36 29 78 40 56 12 38 87 3 31 96 48 72 43 86 94 52 28 74 18 23 44 99 98 71 32 55 7 69 46 47 50 64 87 21 21 60 86 10 95 47 98 31 99 36 76 70 31 20 56 93 87 46 11 36 52 30 65 64 3 56 87 88 68 18 22 42 16 95 32 41 12 11 42 23 29 82 72 47 85 83 66 15 3 32 33 86 81 46 20 71 44 11 28 78 44 55 65 50 70 19 20 16 10 67 45 25 20 93 76 36
10 18 40 83 76 95 51 47 39 80 57 61 55 95 11 84 89 93 80 63 75 27 58 66 89 60 4 71 86 94 2 75 37 31 27 35 4 30 79 61 4 56 83 18 74 38 5 43 77 44 1 44 35 49 20 54 64 68 31 21 20 17 77 11 32 37 61 27 11 11 85 33 12 55 91 51 88 58 96 46 61 7 81 58 77 33 61 83 19 54 93 91 3 66 3 81 73 54 82 53 46 68 50 8 38 60 29 22 27 69 52 55 59 91 47 62 89 45 7 32 7 55 5 29 70 41 67 6 41 62 89 76 8 92 23 31 78 16 35 33 74 59 42 9 14 94 20 99 50 71 42 20 72 5 3 77 95 22 9 4 65 42 35 69 15 9 83 4 42 98 47 87 59 61 6 10 28 59 70 87 29 86 46 42 89 34 6 84 86 13 95 91 16 30 41 93 88 47 47 63
88 88 94 87 84 27 10 9 97 69 78 3 22 50 71 86 72 80 2 47 48 2 19 11 15 50 14 51 65 74 16 8 84 7 57 40 46 60 90 81 88 33 48 84 15 66 89 58 29 70 9 17 39 31 23 13 6 78 56 78 75 59 67 43 90 40 20 93 33 45 26 94 94 52 68 40 29 2 76 93 32 55 4 3 85 43 12 61 83 96 41 84 81 42 89 13 44 7 94 11 83 25 44 91 58 81 16 35 18 1 57 71 5 32 18 41 77 27 96 41 15 92 58 28 32 34 2 66 16 42 52 10 8 63 45 25 96 24 51 75 89 39 55 39 52 56 71 35 91 58 11 74 13 25 25 74 61 69 47 23 80 45 95 1 85 76 3 19 14 42 38 7 58 76 86 97 59 32 49 15 80 37 47 19 24 69 78 20 55 83 14 76 3 23 57 45 9 54 21 47
93 1 55 35 51 77 62 79 4 47 61 82 98 53 55 29 59 45 28 83 20 57 63 38 91 94 84 17 54 47 97 30 91 78 29 55 45 15 29 68 92 4 16 38 23 64 66 61 49 77 54 63 56 78 15 25 35 74 25 23 81 6 98 90 72 99 98 69 88 14 94 54 44 7 56 45 44 81 44 60 74 93 97 34 3 76 32 4 32 29 78 65 24 49 99 56 17 12 39 53 3 24 43 95 27 14 94 31 94 21 88 14 82 96 6 6 21 16 12 99 24 97 61 55 2 43 77 40 6 75 28 89 46 78 72 28 38 63 51 73 86 69 98 69 43 37 20 44 4 33 52 50 67 13 51 89 87 14 5 9 23 79 39 21 23 60 26 3 96 55 49 26 51 90 32 80 41 94 50 63 65 42 59 27 3 58 52 53 28 35 97 2 17 40 68 21 34 17 36 83
70 77 91 85 28 3 94 47 84 39 86 85 83 92 81 51 41 37 41 83 3 77 78 70 70 61 65 86 42 12 7 95 39 40 74 84 61 83 68 64 72 20 71 51 7 68 78 6 76 32 11 37 44 67 59 18 30 58 99 42 40 83 39 8 35 87 5 59 1 87 45 14 51 27 20 23 7 78 73 41 33 97 17 68 91 62 92 23 23 66 95 94 75 33 80 86 85 23 32 89 47 59 1 84 68 33 45 36 63 21 99 16 40 9 20 27 38 12 27 80 19 1 89 47 2 56 29 67 55 40 24 99 32 18 76 24 31 43 7 52 30 63 54 28 24 46 39 74 3 27 53 38 4 1 43 52 75 26 7 7 68 58 82 21 62 18 71 44 47 5 85 14 57 68 46 99 28 33 68 20 5 74 58 92 72 18 16 3 15 44 35 14 6 21 22 69 38 26 84 83
67 68 36 48 35 81 72 84 94 31 78 55 30 52 6 94 68 54 81 65 35 73 77 44 92 45 64 42 43 37 71 74 31 30 60 43 82 49 11 86 78 35 35 17 62 54 63 40 47 48 76 29 48 79 6 63 84 9 25 81 27 2 68 51 88 16 21 60 30 53 1 42 88 92 81 13 83 1 84 3 50 55 60 25 27 49 27 8 62 70 51 7 61 18 51 79 73 38 43 8 62 99 50 48 43 14 86 67 19 21 81 81 14 55 91 75 1 46 30 62 51 60 18 73 37 30 90 17 84 38 35 13 99 83 80 52 51 90 2 39 16 50 85 15 48 60 61 22 26 57 73 5 98 76 93 37 49 49 58 47 55 79 63 21 84 61 68 4 44 20 94 59 33 33 18 80 88 4 22 8 13 18 58 85 75 7 86 72 74 87 60 12 2 78 14 52 23 82 21 65
54 56 93 36 66 83 94 67 66 78 99 48 16 15 55 43 87 7 80 72 94 28 91 70 3 65 90 83 39 15 73 87 20 31 48 33 22 39 57 82 90 67 94 72 69 88 34 99 68 35 42 49 50 20 37 54 13 20 83 65 66 71 88 60 72 83 25 71 41 23 50 98 7 68 12 89 26 73 19 7 1 41 1 98 26 23 18 90 35 20 35 9 17 74 40 59 22 40 67 49 66 37 59 52 89 24 3 69 1 73 55 92 48 42 65 78 43 47 43 82 62 15 57 87 37 64 2 81 15 98 74 40 45 63 81 3 32 19 75 77 26 92 99 26 41 30 17 60 97 85 55 56 62 57 53 4 75 6 79 28 8 60 63 73 96 22 41 86 54 53 74 91 74 45 78 26 4 30 19 54 76 3 31 6 54 37 34 11 47 42 68 43 65 90 71 93 35 11 49 72
26 98 80 99 42 35 61 31 58 16 8 96 22 71 53 68 80 23 97 40 45 62 24 31 19 73 50 18 93 3 24 59 2 5 72 66 24 51 38 95 92 16 99 72 42 95 89 5 39 15 72 61 26 95 50 35 99 95 40 75 25 83 15 7 55 46 31 50 35 88 70 84 66 69 12 55 53 85 37 29 16 17 34 28 6 21 9 51 16 26 3 65 92 27 39 62 53 35 2 14 91 77 21 52 53 15 28 63 20 9 75 1 51 73 55 2 98 68 29 49 36 41 65 25 89 20 6 16 60 57 48 36 4 91 91 29 83 71 18 40 84 22 10 62 86 39 74 66 69 50 4 26 32 77 10 94 44 64 9 94 83 21 73 9 87 65 20 27 71 15 64 89 22 93 22 45 8 61 84 63 57 17 84 3 83 88 99 29 74 99 90 19 58 1 19 35 6 82 93 40
79 92 23 6 17 23 43 3 66 56 61 68 11 92 97 98 56 78 55 99 50 88 40 99 83 73 82 50 9 46 65 92 32 16 57 48 41 60 92 11 54 93 69 78 68 84 41 73 60 63 27 98 22 1 42 92 35 62 90 15 6 82 16 52 17 96 87 27 70 76 76 66 60 85 24 53 1 10 2 3 78 99 43 60 81 6 81 50 84 96 71 22 15 75 62 31 90 88 66 59 74 61 84 6 30 60 67 7 26 15 19 55 55 91 11 74 74 89 32 67 74 88 15 89 59 95 54 34 4 69 81 78 70 28 14 16 26 86 56 70 48 34 19 10 82 6 56 44 76 73 75 10 90 21 12 26 94 25 63 35 48 54 58 15 8 21 49 90 85 99 64 14 90 22 56 30 48 3 37 46 37 56 73 15 17 83 2 82 85 87 46 70 84 51 87 32 5 20 63 99
83 87 92 96 75 57 89 98 54 35 50 30 83 8 84 33 59 98 45 76 67 91 57 52 8 60 10 57 26 84 68 19 61 60 24 51 16 37 15 64 26 66 26 48 14 8 74 77 84 31 55 60 11 48 68 74 88 64 39 30 70 29 39 53 7 22 51 86 70 12 66 85 69 95 85 8 30 2 35 56 47 82 91 53 88 36 42 34 11 10 93 48 60 82 27 49 29 31 20 80 29 15 52 2 70 30 75 80 15 21 2 89 68 63 76 98 88 85 95 17 12 26 34 88 28 73 65 65 73 70 1 30 52 23 32 77 62 80 83 88 6 68 9 82 96 58 54 63 11 36 10 47 88 69 22 18 56 81 39 92 47 51 20 21 75 8 91 5 76 97 40 29 14 98 21 45 61 27 23 20 35 66 5 94 98 65 20 44 37 37 9 95 34 82 4 87 87 1 44 76
96 80 41 49 91 80 70 66 93 67 91 80 70 38 20 1 21 54 24 39 36 96 81 20 85 76 19 58 57 81 26 35 95 32 69 32 72 51 68 3 6 42 67 19 75 16 38 47 37 69 73 46 54 44 94 5 38 33 1 92 85 71 12 81 7 53 58 59 6 66 73 53 51 67 39 46 55 33 20 90 27 98 97 54 68 10 5 19 54 78 20 9 35 9 69 49 94 5 31 1 64 95 16 20 10 57 27 42 96 66 9 63 53 9 71 59 6 71 67 78 80 40 21 47 62 96 17 79 59 52 22 35 91 62 44 99 77 31 47 72 96 45 23 14 37 92 85 13 35 42 66 37 57 32 68 68 60 39 46 3 89 1 81 66 62 91 30 5 75 94 18 81 64 97 40 84 71 54 61 80 19 87 22 84 48 95 56 68 87 10 19 56 41 20 12 78 40 22 10 39
37 63 7 92 58 64 59 91 22 71 10 19 33 97 96 41 42 82 59 49 68 38 80 18 52 46 24 22 76 72 49 44 69 58 45 60 99 54 49 36 95 31 32 13 25 99 84 37 13 16 9 66 60 67 93 69 38 41 13 94 96 53 99 24 25 68 68 10 63 10 77 93 26 44 30 69 64 17 78 29 7 4 26 68 10 37 86 85 19 48 32 12 1 78 59 21 40 96 88 28 27 68 8 71 5 78 86 22 94 97 82 55 37 10 68 70 26 29 62 8 11 78 57 28 93 3 1 49 99 74 74 23 40 62 46 13 32 80 84 60 12 96 95 6 41 5 23 7 93 67 5 5 9 94 66 79 57 26 20 8 46 39 89 97 99 94 47 50 31 25 68 21 32 4 76 20 2 71 47 60 89 69 92 19 98 70 42 61 71 44 45 1 88 45 83 46 7 26 9 49
68 63 69 6 90 86 24 44 73 8 70 61 58 3 68 82 16 12 69 60 81 87 89 92 74 4 31 72 16 9 43 99 67 86 55 77 94 58 62 49 10 76 29 9 55 79 28 56 36 1 73 65 27 67 76 16 9 47 64 18 68 19 37 66 22 39 39 24 38 82 18 66 70 5 61 20 63 34 68 19 9 91 51 10 64 68 51 11 10 26 78 7 25 38 74 13 62 50 43 44 74 38 4 26 63 41 10 41 8 90 64 79 21 18 63 22 19 63 9 59 77 77 13 98 88 96 14 51 34 55 40 41 27 40 68 46 30 48 91 38 57 18 82 65 97 13 88 52 22 60 8 65 15 84 76 26 1 31 19 74 40 67 65 90 82 3 47 98 15 57 35 40 52 71 75 31 19 64 72 10 92 83 40 11 76 70 38 48 67 26 81 88 82 18 70 30 70 2 76 60
