20 200 17500 24.81
14 70 65 84 32 88 65 11 27 90 97 90 26 17 86 3 9 57 34 35 51 52 31 87 90 2 68 37 70 7 13 9 68 89 31 80 6 92 91 45 19 13 37 84 77 65 28 98 12 53 34 77 26 22 48 34 52 3 10 59 86 17 93 70 31 6 5 4 28 64 90 95 81 4 65 56 49 3 3 79 19 40 35 67 91 62 69 16 97 28 87 5 9 39 23 5 11 89 5 60 64 57 29 38 14 2 24 99 99 27 59 17 31 50 81 70 65 91 43 65 66 23 15 86 9 23 65 23 53 2 57 13 90 59 48 57 8 57 10 69 91 72 65 20 60 77 38 83 90 31 12 30 50 23 7 60 84 37 50 36 17 68 31 58 21 50 10 47 26 43 14 3 62 6 68 16 58 34 43 51 24 46 49 90 92 9 60 25 17 68 37 8 12 11 64 86 47 51 57 35
15 50 39 80 17 33 31 49 45 95 20 70 10 74 11 6 40 12 33 53 52 61 21 27 21 26 10 91 61 94 92 70 10 53 70 8 46 95 6 81 6 66 96 70 7 87 38 84 74 28 55 87 93 86 18 24 75 57 16 14 41 67 50 42 78 9 12 14 45 14 18 67 57 15 52 8 88 30 18 28 14 92 21 31 89 38 41 21 56 3 5 77 6 69 48 92 25 51 41 92 32 55 9 16 7 51 55 2 14 40 84 45 98 91 35 67 74 92 36 88 49 2 29 52 53 68 24 64 27 19 63 37 96 11 18 44 84 23 3 35 72 96 46 71 27 97 28 88 72 83 48 30 55 15 16 95 73 90 39 32 70 98 63 79 63 88 68 7 78 34 23 54 58 17 76 48 10 15 68 63 12 96 35 57 95 19 45 33 33 6 29 53 64 25 33 52 77 5 91 53
65 43 78 32 88 92 29 79 97 90 19 65 13 17 47 6 48 64 62 89 53 96 72 74 78 8 64 52 25 30 8 47 98 95 40 10 76 38 90 40 61 40 18 7 94 48 63 85 80 17 87 82 89 75 18 37 58 72 22 25 6 5 45 11 33 62 79 36 13 72 57 62 62 25 75 72 30 54 41 40 13 20 88 14 10 14 43 81 19 38 87 81 8 77 61 2 96 86 34 90 62 12 79 39 13 44 79 76 28 44 59 34 62 5 71 12 93 70 83 47 80 10 83 4 10 58 82 95 39 85 4 54 68 56 18 48 75 10 25 45 71 6 58 55 92 97 82 13 72 60 35 39 78 39 35 85 52 69 87 69 42 44 12 28 56 86 40 63 92 83 70 34 39 96 85 15 86 49 66 16 9 16 77 70 2 82 68 91 76 75 42 8 11 16 95 86 96 21 97 89
78 96 75 38 75 73 74 82 61 57 53 99 95 99 26 46 54 46 23 93 96 86 70 89 18 20 65 77 61 91 56 67 84 2 98 60 83 51 17 40 19 94 79 55 93 97 33 40 83 80 32 39 52 38 81 4 36 81 46 2 19 31 22 55 15 40 4 90 77 58 52 2 93 83 73 20 25 77 24 91 25 72 6 48 89 61 27 89 38 93 68 23 8 17 46 40 51 91 45 40 25 83 3 14 33 57 39 61 23 29 27 5 43 32 70 84 45 70 48 93 28 2 31 71 96 47 8 78 4 57 63 67 18 5 81 16 75 69 15 94 94 24 22 38 11 91 7 26 55 54 20 84 98 54 93 1 30 72 33 74 7 67 36 24 48 3 94 30 16 25 69 66 68 80 81 42 24 85 63 45 35 68 46 67 84 13 25 68 12 70 44 35 20 91 10 8 69 38 36 93
88 6 29 68 80 56 94 95 87 27 84 89 31 22 81 82 87 68 25 56 75 81 99 54 74 62 54 20 14 43 53 79 55 49 56 67 72 67 67 5 30 7 72 81 25 16 43 98 12 57 69 6 48 22 43 17 28 3 91 44 84 26 12 24 44 80 30 51 42 22 40 94 75 16 68 31 13 94 6 16 97 22 84 16 2 83 11 63 42 44 42 73 47 25 6 29 62 10 62 17 44 67 43 22 43 81 81 47 68 47 44 1 70 81 92 12 12 95 64 13 47 91 29 14 22 40 1 49 93 47 60 74 2 49 43 79 37 94 73 95 87 1 14 60 4 68 72 33 22 84 49 72 31 7 34 40 39 32 52 3 71 12 65 25 39 36 16 22 1 22 98 3 67 79 71 43 71 73 62 62 33 44 19 43 2 65 68 43 33 12 80 4 39 85 68 5 80 16 19 56
83 30 94 64 75 69 56 86 19 86 94 74 31 92 49 71 28 32 50 18 18 8 79 96 96 90 41 47 55 51 93 54 57 73 28 62 39 62 95 99 25 97 41 36 89 54 85 1 48 30 54 91 49 57 36 71 1 20 78 53 25 61 41 81 57 30 82 82 74 90 88 59 88 4 62 81 15 47 71 89 32 71 78 1 83 82 62 92 8 64 24 79 44 4 25 45 18 80 77 46 45 99 80 68 67 73 4 7 2 72 91 6 10 24 7 54 96 36 48 20 12 20 87 93 37 11 48 12 92 4 66 46 20 28 36 91 39 61 96 98 67 30 88 17 53 43 12 34 19 44 59 17 94 53 54 24 8 75 53 50 28 60 21 49 21 9 94 87 17 91 64 14 29 90 95 88 48 4 20 39 39 73 56 5 44 22 55 41 70 68 11 71 76 6 41 92 47 10 13 18
69 85 77 70 82 67 53 39 78 44 86 33 1 65 39 68 59 85 4 32 17 35 85 19 56 16 1 80 7 95 57 49 61 13 38 3 54 58 48 19 25 95 1 49 79 26 89 94 81 15 75 7 2 55 82 66 2 55 61 89 30 29 53 1 38 23 86 99 1 97 30 24 4 94 36 49 80 17 55 68 96 62 71 78 50 60 34 85 33 17 41 76 52 58 21 34 21 35 22 50 28 18 25 8 47 26 39 98 27 45 62 34 45 92 89 34 19 2 74 75 48 59 70 44 85 87 87 82 35 30 63 46 69 79 82 34 69 39 16 34 40 99 43 87 22 80 83 51 96 53 39 81 84 59 98 56 20 8 89 21 73 40 30 11 32 11 88 73 75 93 46 53 75 39 60 71 57 64 57 52 48 9 91 26 29 8 81 50 85 66 31 21 25 41 88 31 87 21 8 32
51 42 7 6 79 37 19 4 24 7 25 35 88 80 98 61 43 64 63 23 44 80 20 85 94 94 56 96 20 40 30 92 12 23 69 96 15 59 2 71 41 12 90 2 91 94 84 86 92 16 25 53 26 24 54 10 15 64 26 50 3 52 34 89 80 80 54 3 76 64 55 18 79 82 87 63 50 49 3 76 54 42 24 16 69 43 32 91 37 44 50 34 97 11 9 32 66 83 50 48 26 10 56 38 60 78 21 77 34 44 87 51 89 74 23 88 53 42 93 55 17 45 86 87 78 75 91 37 52 97 68 60 2 41 54 15 98 82 35 7 88 46 88 31 19 64 18 69 49 64 44 45 50 2 81 22 35 1 82 10 95 97 85 47 22 50 12 50 37 21 9 10 57 66 10 34 81 22 83 40 92 98 71 95 73 87 66 51 50 97 27 15 39 64 28 68 28 30 8 23
78 52 54 86 23 11 96 91 42 62 39 93 64 11 62 92 84 92 89 62 57 96 60 56 82 86 74 55 41 30 38 5 2 89 69 15 64 64 2 34 23 32 57 50 97 2 55 37 53 68 79 9 74 18 13 4 67 62 40 80 95 39 8 47 7 59 14 70 6 87 41 72 16 77 29 86 56 41 43 23 81 87 63 96 71 44 28 72 67 82 81 75 38 50 21 36 85 43 56 21 85 15 24 61 14 17 31 15 81 3 16 69 57 2 51 49 67 17 1 3 20 17 13 50 60 66 81 16 98 27 70 49 99 21 13 4 68 63 46 41 71 59 44 12 41 86 1 30 33 24 28 7 95 91 9 59 39 41 47 41 54 51 14 12 85 62 9 51 46 35 70 41 91 8 96 80 5 85 72 90 48 29 3 61 11 35 52 29 29 7 33 25 82 60 40 94 23 77 90 62
24 48 41 51 67 93 13 68 53 23 23 53 66 9 64 70 53 52 72 24 91 49 79 61 87 87 69 39 58 58 24 1 26 48 99 62 78 15 26 64 94 8 78 55 74 80 1 3 24 20 61 59 68 51 97 73 26 81 87 81 61 89 93 50 69 79 49 28 13 22 62 4 51 60 87 98 18 13 67 88 2 12 98 51 82 99 8 66 45 72 65 85 96 72 52 92 75 39 59 59 36 90 71 7 73 24 24 9 57 16 4 48 78 73 74 15 58 44 35 59 98 1 38 1 18 80 73 18 83 16 56 14 47 65 97 44 66 96 85 88 44 50 39 47 32 46 84 10 25 41 25 39 90 23 37 90 77 34 5 75 28 51 62 39 20 4 2 95 42 32 86 44 26 87 75 56 59 34 53 43 27 90 56 27 26 61 22 99 41 50 69 22 13 36 15 25 13 17 32 24
83 65 89 64 67 79 46 57 68 85 27 95 40 70 86 50 43 40 5 36 81 14 40 48 62 39 64 3 56 91 65 56 61 35 10 13 83 95 49 34 53 53 62 83 44 62 94 41 9 79 68 71 29 36 59 71 67 37 57 40 51 90 30 87 46 45 70 90 89 55 32 82 49 34 14 75 87 81 31 68 45 12 6 77 73 13 22 41 65 33 12 93 23 17 94 86 7 62 86 3 46 11 14 78 55 28 19 27 55 69 6 58 91 38 35 78 49 73 60 57 87 1 37 16 79 7 46 21 6 63 79 62 86 61 59 64 7 69 69 59 58 1 64 61 95 92 65 14 4 88 75 59 3 17 73 18 78 11 19 42 70 67 81 78 67 52 24 22 9 81 98 88 71 19 92 83 62 59 90 20 19 95 34 7 98 60 25 91 54 2 56 71 71 82 62 61 87 74 74 36
16 86 90 20 43 98 27 57 66 46 36 12 35 95 99 48 43 95 80 78 24 38 75 42 39 66 82 48 58 97 91 79 44 76 26 96 93 50 16 51 51 3 89 33 21 96 80 14 14 67 31 71 47 63 34 29 47 26 13 61 22 49 95 50 16 44 88 1 75 70 17 66 10 28 80 3 49 45 66 61 30 12 28 67 27 6 2 26 43 80 31 19 86 30 5 95 49 90 40 3 48 86 51 32 24 66 58 43 56 94 79 58 58 82 99 15 73 93 7 98 9 24 67 31 76 47 19 87 69 71 60 55 6 24 34 23 53 6 92 53 1 30 64 87 99 18 8 60 67 89 64 53 80 29 2 52 78 56 54 71 2 88 65 86 16 53 81 75 86 56 64 36 81 38 58 28 13 5 86 11 99 82 42 14 54 88 79 68 43 13 31 77 41 42 58 77 38 89 14 78
89 2 97 63 1 69 73 52 36 58 93 20 89 27 7 66 58 2 88 91 58 35 53 39 44 78 30 93 81 34 95 37 23 47 43 54 25 40 21 71 66 57 28 49 80 37 8 75 1 32 44 45 65 98 7 33 53 82 88 29 49 87 72 49 88 12 88 2 48 69 22 11 10 29 79 93 74 4 70 18 73 55 62 26 67 71 88 10 51 22 72 51 23 28 42 78 22 16 60 93 9 67 62 59 91 22 7 8 1 14 81 96 17 55 46 78 63 88 19 86 75 34 28 86 7 69 50 69 19 39 59 71 34 18 7 45 99 90 92 92 49 30 58 86 90 44 59 67 90 96 95 6 40 21 5 58 22 61 82 58 19 20 48 28 99 3 72 14 93 74 96 41 6 14 7 50 50 1 25 47 68 52 88 45 79 7 48 28 81 88 17 16 56 17 7 96 48 63 31 91
69 73 96 73 44 23 32 70 59 13 78 11 96 90 75 46 83 46 70 28 79 34 54 12 10 36 73 63 98 40 59 37 32 76 49 77 59 96 77 20 2 18 63 78 21 48 81 49 72 97 13 61 65 9 32 64 96 67 82 64 44 29 94 6 49 96 86 92 26 44 70 98 30 55 34 40 40 99 23 4 25 21 46 19 13 98 57 53 99 43 3 67 13 15 33 51 14 43 95 57 6 94 64 29 94 23 31 61 31 16 20 94 50 69 16 93 28 18 17 70 1 77 9 56 30 1 86 22 19 67 1 59 44 88 32 14 72 23 1 43 81 79 16 13 17 11 15 57 20 51 20 57 40 74 73 67 55 13 37 29 36 48 25 61 43 90 82 7 96 57 82 55 10 54 73 68 55 85 52 4 65 38 32 60 68 60 30 51 59 3 75 17 91 97 25 96 48 61 88 28
52 65 37 23 80 62 37 41 65 48 18 28 79 89 71 64 81 18 78 98 88 57 38 36 20 39 69 98 31 71 59 56 69 11 56 1 90 9 77 72 91 92 94 54 56 33 57 27 67 69 12 81 5 11 83 66 46 82 8 50 5 82 48 63 67 65 87 56 70 14 83 49 2 67 6 68 44 1 48 36 62 54 49 14 82 5 17 5 81 56 48 36 74 52 25 75 1 66 86 55 3 48 16 23 21 85 39 87 17 60 18 36 11 60 36 32 38 79 26 12 93 97 57 19 41 86 75 7 93 38 72 36 65 28 83 94 79 39 58 42 56 33 21 69 75 22 68 71 19 25 92 8 55 85 83 27 55 38 36 57 13 42 96 58 89 78 93 53 67 84 46 67 70 64 71 41 2 16 71 69 22 39 54 75 43 57 31 24 45 38 93 6 19 7 2 40 1 19 30 98
12 93 82 87 28 27 91 30 80 18 62 78 18 57 86 92 35 60 44 72 10 4 3 18 17 59 59 28 38 64 60 23 89 69 46 61 34 58 54 20 27 62 15 4 42 23 25 86 85 81 82 51 47 38 17 98 36 44 94 80 42 35 78 70 68 99 94 4 12 14 34 52 74 55 13 72 98 91 37 28 43 32 4 42 74 47 2 82 20 30 46 52 45 5 82 69 19 54 8 12 53 89 79 29 17 83 70 77 3 94 60 84 57 64 8 56 73 95 69 66 2 18 10 46 71 67 31 57 61 98 28 15 87 68 17 29 10 2 25 41 46 72 7 79 19 96 45 29 9 96 74 43 29 71 80 33 57 33 31 47 82 85 71 21 8 85 35 19 94 45 13 52 32 64 78 68 17 40 95 6 92 48 95 70 70 12 51 24 50 30 37 84 3 71 5 7 10 56 1 72
25 94 83 97 75 48 82 30 86 7 91 15 94 68 2 64 69 6 52 86 70 81 26 73 63 36 48 36 89 51 23 85 65 74 40 86 57 25 99 83 93 62 11 28 69 14 20 27 76 9 63 26 47 78 32 56 93 43 13 2 44 4 3 14 44 91 11 4 24 59 38 59 49 11 32 82 68 21 81 45 37 16 60 48 53 80 43 27 43 93 97 60 43 53 89 82 15 74 86 58 93 63 72 47 15 28 33 9 56 38 67 99 55 39 39 83 43 21 31 12 88 48 83 29 69 34 57 43 23 71 24 2 25 6 32 94 36 12 34 95 45 1 27 94 89 44 96 78 83 82 34 47 3 11 12 53 17 37 49 29 43 24 30 47 78 39 99 84 45 74 87 2 47 78 50 68 10 3 13 71 28 13 76 4 50 6 98 98 69 77 44 63 66 50 26 90 67 53 32 86
92 94 92 67 67 45 30 43 77 21 75 91 88 74 1 18 15 95 99 90 12 13 32 59 86 89 93 52 94 28 66 76 87 66 63 47 60 16 67 39 67 53 60 90 49 41 95 22 6 57 99 25 30 3 21 76 45 65 50 61 39 39 24 95 51 20 8 55 52 71 27 46 14 59 97 81 8 68 72 54 18 34 96 42 30 36 38 51 10 54 12 78 30 55 79 66 48 44 90 2 25 70 8 10 59 39 54 59 62 75 57 43 58 37 67 52 74 72 41 23 51 85 99 91 83 59 85 31 1 91 76 10 43 41 21 91 47 91 84 40 55 90 88 47 58 23 88 74 15 9 79 60 78 18 63 68 3 14 75 73 60 67 39 38 32 91 84 71 39 62 13 62 59 19 11 66 71 12 52 80 24 59 64 81 9 90 98 92 39 19 43 50 40 9 9 1 10 26 8 90
72 97 54 67 92 93 94 58 64 78 64 45 99 77 48 72 69 6 24 27 83 71 36 57 55 20 47 67 46 23 1 68 94 21 59 83 20 46 66 61 23 65 9 40 92 74 23 47 4 28 52 50 24 26 4 3 45 44 99 28 92 80 29 33 78 68 43 90 97 69 75 15 95 98 80 1 12 28 29 19 73 18 13 49 39 31 46 26 40 65 29 96 32 81 51 8 43 11 13 42 70 76 45 53 1 99 24 68 76 81 63 22 53 16 97 39 16 83 44 44 47 85 14 13 32 96 10 5 92 69 90 51 68 4 4 10 7 72 86 59 11 5 22 90 8 85 13 35 30 3 35 36 47 48 47 24 49 79 87 46 4 74 88 21 4 52 37 45 20 89 65 89 35 64 19 25 40 47 37 87 31 24 33 69 51 13 81 25 36 21 68 46 48 47 38 35 62 10 46 27
60 99 34 55 22 76 51 60 89 44 55 71 39 11 91 77 36 96 53 62 6 79 68 38 54 32 25 67 19 60 9 60 24 58 91 37 50 42 84 49 49 56 8 19 62 16 61 28 80 9 19 82 94 67 58 27 67 51 17 34 73 20 42 28 10 48 60 97 8 47 95 15 27 16 21 14 70 66 26 21 27 7 6 89 89 10 44 10 64 41 85 90 63 47 55 86 69 88 48 70 81 23 1 67 29 26 44 64 23 81 99 8 15 39 80 37 6 18 23 69 53 33 4 61 7 25 53 22 51 7 53 29 62 71 58 40 51 31 76 5 25 71 79 15 60 87 69 79 50 19 4 86 77 13 6 50 35 78 23 83 71 1 11 62 7 97 82 69 16 52 52 91 66 33 83 11 87 47 90 38 80 95 69 72 84 1 2 14 57 60 65 33 77 1 30 44 68 52 19 62
