20 200 17318 24.83
49 2 37 5 98 69 33 91 55 94 53 63 51 89 82 32 86 20 54 73 5 44 2 58 7 50 79 28 21 80 28 51 14 28 41 79 9 79 82 75 98 15 71 24 39 99 19 3 71 82 43 53 75 29 48 60 78 72 45 55 18 57 67 15 64 96 29 60 24 28 73 42 15 40 71 99 13 95 85 69 50 64 37 54 81 40 90 27 43 27 70 76 68 39 68 17 36 2 69 4 28 40 33 75 77 45 48 85 18 78 7 27 41 13 70 71 59 38 2 22 50 55 42 91 96 52 91 19 75 40 60 60 68 92 95 24 92 75 68 43 59 13 62 23 93 55 70 83 9 94 99 88 58 4 9 48 79 48 67 46 96 79 45 78 62 10 29 85 17 53 43 54 39 34 16 55 51 41 44 14 76 87 32 3 3 65 88 25 11 28 31 93 43 20 82 41 19 17 91 73
94 98 81 42 38 93 87 31 97 72 60 94 64 75 48 78 56 70 22 16 63 22 73 33 65 95 68 92 87 20 75 39 12 3 25 12 60 72 91 47 96 55 3 60 93 21 88 52 50 53 13 3 29 3 21 33 94 68 3 2 79 49 25 67 86 21 37 28 81 68 23 88 20 50 95 94 83 27 29 27 98 79 70 50 28 15 69 44 9 12 53 35 7 19 6 93 33 74 77 69 4 17 43 84 93 76 54 15 4 41 61 7 91 75 81 11 91 75 13 5 25 59 54 46 60 1 22 39 67 99 55 11 28 11 14 83 52 41 65 5 45 48 3 95 28 73 73 50 2 52 58 67 33 3 33 91 28 90 88 85 39 86 76 17 46 60 76 34 30 83 64 81 23 77 23 70 37 33 77 52 20 26 48 40 84 31 9 94 92 31 52 77 64 42 93 65 84 74 42 16
52 58 98 74 77 36 62 41 81 4 24 71 23 30 84 71 42 17 53 40 69 59 18 37 88 70 3 31 32 48 73 69 36 55 82 89 70 74 33 18 86 91 52 46 72 67 93 11 95 76 13 18 19 13 42 60 57 58 24 31 5 93 11 15 63 97 66 45 85 5 61 3 9 32 21 21 23 53 30 19 41 91 42 44 38 1 94 74 89 10 52 49 66 66 77 34 19 38 76 8 13 39 76 99 9 52 46 90 63 97 34 35 33 10 9 41 47 9 61 46 79 81 42 30 61 18 26 77 94 73 54 43 30 8 45 29 24 94 30 4 79 85 45 43 74 42 96 30 34 24 67 92 20 5 4 20 84 49 65 8 15 15 73 94 79 11 8 84 51 72 20 84 3 35 79 34 78 92 13 26 58 53 29 26 95 48 16 43 72 54 14 64 20 94 3 36 1 10 46 40
79 92 91 95 44 47 91 85 35 72 91 1 68 45 65 78 21 27 11 6 69 89 71 93 1 34 93 63 20 10 81 57 65 92 81 79 86 74 24 70 89 21 10 71 16 22 50 76 3 2 29 43 41 80 26 81 70 98 99 78 16 23 71 45 71 33 97 74 15 72 63 31 56 84 28 85 11 56 50 44 95 5 19 56 26 71 74 81 36 76 21 36 95 43 64 38 2 63 72 32 61 8 41 98 28 36 22 60 10 3 26 29 17 75 61 43 15 75 30 2 28 88 26 57 84 77 10 1 3 46 91 67 74 61 57 75 7 71 74 85 46 65 7 87 59 52 25 85 1 50 30 3 1 4 63 81 54 71 83 76 29 80 17 48 63 96 25 71 29 47 23 69 95 38 66 21 67 24 74 98 37 15 4 19 62 42 65 10 36 7 98 63 23 1 60 7 36 23 5 6
78 72 54 71 39 34 85 87 75 64 56 40 12 50 91 4 27 78 51 48 28 67 63 89 25 10 61 3 2 71 10 80 14 99 85 86 91 22 78 87 15 90 40 29 25 22 35 6 89 94 36 78 34 88 31 72 26 84 26 55 31 41 51 7 64 35 7 59 61 55 49 34 74 54 45 18 10 94 51 16 21 69 77 19 50 7 79 70 78 92 28 94 12 89 29 43 2 45 45 8 83 71 92 72 59 49 39 3 18 29 27 4 5 75 59 48 6 31 3 10 9 86 4 42 76 24 96 40 5 19 29 43 8 41 58 16 81 17 29 47 45 17 44 90 2 84 51 21 96 17 59 90 70 39 14 44 15 19 64 58 93 48 43 96 68 57 69 85 36 70 85 6 9 83 10 55 80 80 30 18 27 62 69 6 27 95 17 16 29 75 34 79 85 14 99 18 54 33 22 48
35 59 91 32 29 32 56 90 5 15 80 27 2 96 35 4 83 58 11 36 79 39 87 45 97 53 66 87 88 63 99 49 97 98 52 92 52 10 20 69 96 13 63 91 40 4 59 88 99 28 28 31 23 44 89 86 86 77 3 5 76 44 31 23 88 67 71 65 30 63 97 30 57 22 59 43 36 33 52 1 96 48 42 81 92 56 17 47 1 19 98 21 38 84 1 37 21 73 63 12 32 61 71 51 72 86 35 22 20 18 40 21 79 8 20 42 18 78 58 71 51 38 1 14 72 26 67 53 51 81 22 60 87 16 88 70 34 69 44 26 55 7 36 66 49 3 73 8 13 22 93 87 74 27 35 42 85 24 33 82 76 18 92 6 22 69 88 56 21 13 16 45 40 47 93 94 54 72 45 57 81 46 20 39 47 37 69 75 8 9 70 26 16 45 19 73 98 88 15 36
65 37 23 69 83 16 42 90 96 73 79 48 44 6 46 93 28 42 71 29 85 49 34 78 88 11 61 50 37 49 57 99 75 41 87 82 94 53 46 39 72 45 42 24 65 84 40 37 75 26 12 85 22 61 43 54 46 3 41 91 21 82 50 77 6 87 72 79 13 49 8 55 75 7 44 87 3 32 53 81 71 95 22 22 16 44 42 97 14 29 25 25 29 50 93 28 56 19 83 79 10 84 68 19 3 71 14 61 21 49 20 40 41 54 11 21 35 82 29 41 33 20 37 11 74 70 64 26 77 53 21 33 49 8 22 11 88 94 9 51 24 89 33 52 13 29 9 27 48 70 51 85 84 62 15 45 88 69 42 29 97 21 61 36 14 37 34 88 41 41 55 94 28 84 51 6 24 36 28 4 59 99 55 2 41 33 25 75 28 39 43 93 55 78 96 66 4 91 39 29
17 28 31 2 59 54 21 26 13 57 89 13 73 36 18 44 52 26 4 13 95 6 38 86 60 71 42 34 98 87 67 46 74 45 58 48 22 72 32 14 21 7 76 16 17 22 2 60 92 88 77 7 97 47 36 77 40 16 22 59 9 30 7 35 78 9 19 17 93 40 57 15 98 18 30 21 54 27 6 3 59 29 66 88 53 61 86 44 1 61 57 31 36 77 39 4 7 32 5 18 46 59 91 92 11 64 59 54 54 28 11 6 47 16 83 38 4 77 30 52 82 64 26 58 80 36 54 3 6 87 21 73 23 96 33 41 25 58 57 61 84 11 25 35 3 51 86 26 83 33 64 75 63 72 8 95 98 16 43 97 78 58 73 54 82 35 25 69 16 53 17 41 97 38 16 94 26 21 94 38 9 1 13 86 26 56 83 34 16 11 69 12 17 92 95 51 59 74 76 13
49 95 12 15 1 85 33 17 47 13 45 91 51 95 62 41 95 72 96 29 59 58 72 36 50 35 48 50 86 41 69 75 35 12 58 32 35 11 99 28 69 86 61 2 94 23 21 52 30 14 36 3 73 95 64 6 19 92 44 34 33 49 5 84 57 19 69 97 6 77 63 43 86 77 82 45 32 23 41 9 69 16 73 78 10 74 36 67 83 56 44 98 78 25 49 17 99 56 44 84 62 28 47 32 94 35 7 5 45 51 51 90 50 1 83 26 82 17 4 15 73 16 24 71 23 32 41 19 80 48 14 54 87 63 58 44 24 82 86 94 11 90 35 78 22 38 13 6 44 34 76 16 59 25 60 59 47 80 87 3 70 63 73 68 20 97 67 29 14 66 9 72 92 74 12 99 16 51 22 16 85 39 71 46 4 69 75 47 3 81 94 75 9 54 39 53 93 97 35 29
56 76 32 59 66 44 98 85 77 99 64 64 47 35 49 23 31 32 11 91 84 93 52 96 58 87 49 50 22 93 72 72 86 91 47 68 22 50 68 75 1 70 35 44 48 72 77 24 21 70 85 73 73 49 12 50 71 10 92 69 36 79 5 68 3 42 41 57 1 52 42 90 86 61 53 28 33 97 46 22 85 19 32 77 20 45 10 28 15 28 8 57 67 18 98 89 82 34 4 34 43 1 69 75 92 42 86 83 23 45 72 48 21 8 69 75 15 69 10 78 21 83 37 42 24 63 10 16 95 16 3 61 37 70 64 12 85 11 69 13 15 88 12 18 92 31 10 95 10 78 71 31 70 86 82 19 63 70 4 87 22 82 9 1 58 36 29 63 13 56 27 22 2 58 99 15 67 96 2 82 58 39 81 60 13 80 59 51 84 6 26 92 27 23 43 31 45 41 61 91
55 44 53 23 39 95 5 17 27 86 55 91 18 19 95 99 33 46 26 19 99 42 50 7 84 5 46 67 86 95 30 51 69 99 27 70 73 25 14 41 62 93 99 47 98 93 21 46 76 82 29 70 42 1 92 43 45 22 75 40 93 52 99 88 46 86 70 67 69 4 69 60 78 18 54 49 80 79 99 87 67 54 98 5 99 62 13 84 12 32 88 35 32 89 56 52 53 75 55 45 39 24 14 2 15 16 52 20 46 50 64 66 34 62 36 81 86 26 42 56 13 11 57 29 66 49 36 32 66 93 98 87 12 58 66 15 76 27 96 76 91 47 69 38 49 98 87 49 57 79 62 97 85 5 11 27 68 42 14 15 35 46 70 39 81 10 40 39 54 65 29 35 47 71 72 25 65 19 79 46 36 23 78 21 95 76 96 75 50 50 27 87 29 95 35 11 28 37 36 19
80 79 3 87 17 6 41 47 65 56 60 54 83 37 89 64 49 72 82 95 46 15 69 18 39 52 46 10 1 48 25 74 29 29 80 41 16 33 14 16 44 24 78 50 31 21 71 35 64 97 81 3 94 3 43 73 44 92 94 77 67 56 28 25 39 3 37 47 17 47 25 98 25 96 21 80 16 89 86 99 45 19 19 83 80 36 8 26 73 49 79 43 96 87 62 29 13 15 1 44 3 24 60 73 84 74 13 30 58 90 53 44 68 79 28 2 22 29 49 66 22 70 9 50 25 47 60 2 83 26 18 78 75 65 3 10 13 45 56 64 27 77 10 10 91 31 20 80 50 25 41 7 24 41 32 38 47 61 7 63 49 98 57 6 32 67 11 21 17 40 96 89 58 85 14 27 34 1 15 74 18 27 74 96 54 9 1 23 37 2 36 97 96 61 64 82 32 42 85 95
99 34 67 14 72 63 5 66 59 23 51 65 72 88 29 37 82 99 78 79 11 83 91 25 87 48 11 32 99 12 54 8 8 81 22 35 49 85 87 29 42 72 69 37 28 23 82 61 87 26 75 96 4 33 57 59 61 88 61 10 55 23 6 52 1 63 93 39 80 49 46 85 9 39 90 79 24 99 44 42 12 59 2 20 42 72 37 69 10 18 7 51 73 42 75 7 84 23 33 40 45 49 7 51 44 74 7 54 97 35 25 24 6 3 60 63 59 25 3 6 77 6 21 73 65 7 92 87 52 53 88 67 27 94 2 72 27 29 85 58 64 56 67 39 53 69 51 92 4 22 31 3 52 26 73 1 23 65 13 70 75 3 51 50 13 59 30 72 7 23 42 60 91 92 74 16 33 17 19 88 21 6 4 20 90 55 33 85 3 7 29 21 42 15 1 30 92 61 81 79
93 6 64 75 22 48 61 94 86 58 20 3 15 94 32 35 77 39 71 90 34 75 91 81 81 72 10 34 13 82 43 34 7 47 24 33 16 65 76 46 66 96 65 97 6 1 14 25 7 60 80 94 52 76 69 48 34 2 41 99 52 41 79 55 31 81 41 6 95 63 64 36 59 65 29 32 83 23 7 94 25 71 40 27 63 50 93 48 19 99 67 66 32 28 38 54 6 88 91 74 4 29 63 81 97 44 1 92 40 3 67 33 96 78 52 37 28 27 57 32 21 57 16 74 43 75 89 8 11 92 77 33 15 88 35 17 1 4 67 3 35 39 17 64 71 68 13 27 26 41 2 85 50 34 40 59 27 52 29 34 33 62 49 26 96 68 90 63 78 21 38 69 9 38 22 63 82 64 14 47 13 36 52 84 18 7 83 24 18 30 37 30 38 71 6 56 28 20 53 90
58 87 94 69 50 91 95 11 38 96 6 83 68 86 61 75 80 76 20 22 79 92 50 83 89 70 69 55 12 23 11 82 18 36 78 81 73 95 89 70 37 26 41 53 55 52 12 94 3 76 56 58 97 54 18 2 56 32 44 28 47 26 69 20 19 54 73 80 11 79 2 98 65 4 37 20 89 33 57 8 20 45 67 92 10 52 31 93 88 42 73 97 89 9 92 57 72 27 4 72 2 52 70 58 40 24 79 58 18 88 48 49 16 1 26 89 86 58 40 66 47 8 46 28 15 11 55 96 34 96 31 77 94 67 79 32 56 96 97 9 12 21 8 84 24 91 49 17 52 11 98 20 16 8 92 96 90 2 74 6 21 48 47 8 76 35 73 60 43 14 25 9 50 8 67 52 31 60 80 53 17 69 19 46 93 55 9 73 73 47 16 11 25 4 19 88 42 33 87 22
39 64 95 97 91 75 45 70 35 48 46 5 82 55 43 84 93 82 57 93 60 15 31 98 50 30 2 82 86 6 80 27 5 10 51 28 16 77 44 43 17 33 78 55 96 46 10 92 1 77 45 28 46 17 74 91 34 43 16 70 98 86 39 20 48 80 61 62 53 23 77 40 9 91 97 34 74 34 36 42 72 54 79 39 66 54 54 63 86 32 19 17 50 26 45 16 46 78 39 71 21 1 61 36 48 57 6 19 50 19 28 50 55 36 45 83 37 16 54 17 12 17 94 66 55 64 59 73 20 42 5 38 18 23 69 86 85 94 44 84 5 41 78 36 38 77 28 15 54 48 33 54 76 45 63 79 41 58 7 40 68 58 11 8 77 50 48 41 98 43 11 42 94 62 98 22 57 89 90 41 32 26 21 60 46 12 85 87 11 17 28 94 11 40 82 35 60 89 30 93
17 96 89 56 27 75 73 98 68 54 52 87 79 73 8 55 15 88 27 33 71 35 82 4 51 94 23 45 80 53 66 6 86 12 59 67 46 43 88 72 5 68 21 70 88 33 96 73 87 97 25 33 50 24 91 14 19 94 60 91 2 44 99 90 93 12 73 6 54 89 24 41 4 98 43 28 25 30 41 66 61 21 45 40 28 26 70 91 60 84 25 43 43 89 75 23 40 34 88 41 80 83 21 2 31 50 77 33 29 26 77 26 23 67 50 83 9 54 3 13 61 51 20 73 34 83 18 29 13 49 81 44 53 72 18 27 81 18 88 25 21 12 58 18 88 94 24 90 90 23 46 72 2 47 82 92 46 85 10 99 61 59 15 78 28 75 82 23 26 75 45 14 67 4 65 64 43 83 4 6 18 51 26 34 80 51 26 32 54 83 11 28 45 70 9 53 5 54 84 33
85 32 79 23 36 70 27 88 92 21 96 96 55 6 77 95 87 37 64 79 78 10 39 52 24 98 83 42 81 97 95 15 78 84 15 74 45 41 72 16 68 63 82 68 59 38 83 5 9 17 26 16 87 75 29 9 38 75 80 67 83 7 24 66 51 62 53 10 5 65 58 54 94 32 7 21 87 52 98 42 15 44 98 37 85 28 62 98 7 84 69 17 58 41 27 45 92 65 46 31 61 20 38 43 5 45 68 14 21 67 12 90 88 83 53 52 48 20 94 15 60 25 38 20 63 92 3 70 31 26 67 69 20 1 18 66 31 8 13 10 77 46 93 94 24 27 13 99 51 3 85 36 24 73 65 32 50 60 67 14 21 10 83 3 70 52 30 77 92 4 76 61 26 33 85 54 31 35 34 64 58 36 92 8 35 74 24 41 56 77 40 17 76 59 11 73 33 4 77 79
96 90 94 32 58 14 93 9 73 22 67 94 82 99 68 54 16 41 71 95 57 47 92 85 77 39 92 16 81 17 27 27 20 3 75 79 51 9 22 62 42 98 73 93 8 29 82 65 15 55 70 92 90 41 16 47 96 94 83 77 98 78 90 27 76 1 9 16 49 27 35 98 87 76 35 97 43 91 73 85 32 42 32 24 54 21 41 22 27 18 58 73 75 43 29 76 15 77 87 34 64 31 34 89 56 46 52 54 22 33 65 97 54 11 40 57 31 51 13 34 4 36 54 20 81 62 94 62 5 73 30 22 53 94 26 24 66 58 52 64 10 62 48 47 5 49 77 82 11 14 85 21 84 3 2 93 48 44 80 20 84 42 16 67 77 80 78 13 39 79 14 8 33 62 69 69 87 78 69 97 82 63 64 27 45 66 40 95 12 73 56 42 14 70 9 73 32 76 5 95
9 45 27 92 72 8 87 47 81 67 58 93 47 78 64 61 27 86 79 93 34 75 52 5 5 28 58 34 85 58 15 65 87 23 79 9 37 44 54 23 30 64 97 87 23 94 6 20 57 87 18 33 22 75 12 53 55 5 71 33 91 1 92 94 45 20 69 12 46 88 2 66 66 8 6 1 73 80 82 9 77 70 73 60 22 88 75 95 38 90 58 54 13 30 54 77 41 29 12 91 75 78 46 99 20 24 2 31 50 87 16 54 47 72 8 46 52 37 54 47 73 73 93 19 59 31 38 22 70 64 50 73 1 54 97 62 11 14 10 99 95 86 36 59 18 28 62 64 38 59 50 45 4 9 50 38 95 8 44 65 41 94 28 21 78 7 52 55 65 64 70 31 60 90 49 88 16 99 63 41 67 64 43 96 67 20 60 84 30 23 52 11 70 88 17 41 2 33 3 93
