20 200 17500 24.86
74 11 51 67 29 75 42 47 90 24 98 77 24 27 65 34 78 24 34 78 6 50 77 80 99 58 77 62 91 1 94 69 52 40 72 83 79 46 42 31 76 65 82 73 13 47 94 83 97 65 1 47 48 60 94 34 8 6 55 97 22 43 31 36 27 66 79 48 71 97 57 94 85 1 27 89 3 86 99 54 39 24 42 12 91 49 92 85 10 58 69 20 55 57 55 43 73 95 96 96 90 18 50 18 13 5 16 80 52 13 87 33 58 77 52 98 72 78 17 31 2 87 37 50 88 2 20 50 44 48 69 51 35 55 47 14 33 87 33 76 3 25 91 63 91 91 47 38 61 82 89 24 27 27 2 81 98 95 9 24 17 20 12 45 1 14 15 40 86 35 58 55 45 69 33 97 53 66 19 20 25 78 89 18 17 6 95 88 49 80 81 48 24 13 1 38 85 7 89 78
17 21 52 98 44 81 50 86 79 40 75 92 44 19 24 69 92 60 13 15 81 79 33 7 59 59 75 1 86 94 73 53 86 46 56 12 21 57 71 58 92 64 87 56 68 14 81 12 39 5 72 51 36 12 19 65 96 74 24 22 1 73 67 5 34 64 37 88 74 94 14 42 98 11 89 26 59 92 26 4 9 3 21 2 50 56 83 28 2 72 67 60 89 11 37 95 27 53 95 11 51 62 61 43 62 9 77 9 77 2 62 53 79 53 33 45 19 56 43 87 9 67 71 86 54 6 43 37 66 44 49 89 76 53 29 62 55 14 39 25 11 59 29 14 79 17 86 41 8 53 79 73 48 20 71 80 22 54 21 70 49 17 86 23 79 31 62 83 31 50 9 93 32 77 87 39 70 32 76 23 58 61 29 90 54 73 54 42 99 4 86 62 17 21 71 94 46 93 35 15
74 41 34 24 27 84 48 27 64 30 32 57 11 70 46 78 67 24 98 99 6 37 61 50 40 77 90 35 28 45 21 80 69 90 37 45 56 87 69 48 28 29 70 98 37 86 61 96 34 64 6 30 53 61 1 10 62 69 99 38 7 5 27 94 25 85 82 93 69 73 42 84 7 34 75 64 23 2 17 35 65 68 51 99 22 53 14 60 73 8 72 60 69 63 93 98 36 12 1 22 98 5 87 8 29 2 40 93 12 24 45 9 75 16 88 21 48 49 25 38 64 46 95 53 74 15 41 26 51 71 89 7 93 52 87 45 18 22 47 11 4 46 89 83 28 8 82 88 37 97 21 18 28 18 40 88 33 75 53 57 67 39 86 30 8 26 18 76 52 65 45 87 24 90 6 52 30 15 14 76 49 89 77 28 97 1 75 34 87 87 86 9 16 7 58 99 24 89 90 99
45 22 64 99 85 76 52 47 81 35 76 11 18 88 36 23 68 65 76 76 84 11 4 97 93 83 10 24 93 57 55 99 47 65 90 96 30 65 24 2 84 30 76 93 17 28 64 94 19 91 4 2 53 62 91 39 82 32 89 30 89 41 72 72 16 95 17 90 61 70 98 54 56 3 48 27 35 33 6 51 17 45 37 6 36 3 96 17 9 82 27 98 64 74 84 77 74 67 22 25 19 43 73 80 13 81 60 47 93 72 78 52 54 64 95 72 63 90 62 67 74 79 98 24 56 35 93 2 22 78 75 90 13 62 95 88 32 29 8 35 40 59 72 25 25 40 83 74 7 18 54 2 62 12 36 22 29 5 66 55 25 3 44 82 82 3 45 77 64 26 11 34 21 52 62 96 19 92 99 28 37 26 52 99 56 1 5 79 7 48 10 63 2 1 49 2 56 99 15 76
37 61 90 15 64 26 37 98 21 9 91 59 65 94 89 89 99 65 63 53 80 50 77 50 20 67 98 17 39 39 26 86 99 40 34 20 73 13 54 38 5 82 36 65 71 6 42 47 64 77 74 48 13 58 92 10 51 11 59 91 67 73 90 68 56 63 94 3 64 85 31 76 37 35 92 92 40 54 98 36 6 33 37 58 84 70 9 76 88 10 5 38 42 56 88 58 26 80 78 84 74 90 83 2 39 22 10 3 89 91 20 43 74 53 83 58 53 34 61 20 50 15 47 12 72 37 92 50 55 36 56 5 55 29 98 9 61 48 9 5 93 53 50 38 34 40 90 74 2 87 14 35 63 29 25 99 62 34 21 60 4 79 37 91 2 9 86 96 14 27 4 18 54 95 6 51 14 97 12 60 76 8 86 74 59 2 34 74 56 96 94 76 4 8 70 52 25 68 49 53
91 85 14 8 52 25 76 24 94 43 43 47 32 93 54 69 53 62 77 42 15 10 96 20 32 77 67 64 72 40 75 77 13 41 17 64 62 86 24 1 27 62 11 97 17 80 34 73 66 89 65 8 8 73 77 76 29 57 89 78 95 74 40 24 56 26 81 78 48 7 19 70 15 48 89 68 74 18 32 22 74 15 30 98 58 76 20 41 39 26 98 86 36 70 2 12 91 46 63 51 73 39 74 87 82 62 4 25 21 19 48 49 64 79 28 74 51 27 65 86 46 42 61 76 82 54 38 45 90 60 81 34 45 29 41 28 6 67 40 52 2 86 35 76 62 77 26 24 22 44 65 2 89 67 10 19 12 48 23 23 69 17 30 76 64 21 22 71 52 55 82 31 46 89 36 59 64 15 41 12 21 1 79 37 69 55 48 86 28 32 17 41 30 77 71 14 10 34 88 42
68 26 68 57 70 9 41 38 1 25 81 19 4 91 72 41 25 58 75 56 69 98 13 73 18 22 43 71 16 71 16 87 86 93 35 48 5 5 80 47 77 60 5 23 25 82 80 59 93 65 45 67 24 10 94 70 54 98 10 7 31 83 12 72 54 30 42 47 12 36 29 60 43 87 73 59 80 62 77 27 15 9 85 8 68 55 46 47 95 20 8 21 81 50 19 11 19 78 76 63 39 92 20 84 11 35 66 97 1 34 97 51 91 25 52 47 42 30 21 24 25 4 33 78 41 8 77 12 15 75 83 85 47 47 37 63 93 34 2 94 77 1 61 72 18 27 92 75 67 51 27 36 65 8 69 77 4 59 36 86 24 46 73 2 6 66 77 37 67 51 88 2 25 5 17 33 25 5 73 75 69 75 77 30 26 3 59 83 85 17 3 86 28 6 10 66 18 44 34 56
99 43 28 78 57 65 61 28 77 26 23 59 96 57 43 13 88 98 95 12 47 62 56 34 74 66 84 78 10 10 87 27 51 94 67 98 74 39 93 55 85 79 64 70 52 12 24 56 96 74 53 1 84 31 44 19 97 80 67 20 1 46 55 5 62 35 23 11 93 17 26 99 30 41 53 8 78 80 85 99 25 38 24 81 68 2 19 47 21 63 63 40 55 28 3 60 1 14 74 14 6 62 8 46 75 9 52 65 15 45 7 81 52 97 43 3 94 25 48 80 63 38 71 51 42 36 98 95 49 29 55 87 33 67 88 71 59 91 62 95 41 31 7 51 1 90 57 64 59 23 72 14 13 76 33 5 21 51 90 89 40 1 70 20 5 3 39 62 2 14 39 26 87 4 31 55 76 87 60 34 32 77 97 83 61 54 51 75 56 2 60 79 47 1 93 11 95 21 50 12
55 85 42 80 33 48 99 19 33 63 59 85 33 22 60 73 48 57 53 46 23 88 52 80 94 76 35 65 71 29 13 6 42 70 73 77 75 71 88 60 80 10 40 27 37 73 79 43 92 1 10 53 64 25 32 80 72 11 8 86 28 43 93 34 40 93 44 29 64 47 44 42 8 13 66 53 86 11 36 5 65 63 82 19 36 34 67 16 95 66 28 71 80 3 88 13 59 18 14 33 12 55 83 34 84 72 77 96 76 37 31 70 53 46 93 79 98 34 28 92 12 87 10 14 40 28 18 81 84 18 3 16 37 32 63 28 86 20 20 76 4 49 57 63 27 50 43 78 20 30 63 61 30 25 53 16 65 25 39 93 84 69 29 8 7 65 83 31 93 99 47 40 39 63 61 83 13 57 11 32 22 95 34 73 37 54 25 43 59 74 49 21 35 72 54 54 25 77 33 46
47 58 69 92 10 75 94 70 17 55 58 95 23 64 60 99 33 56 56 51 20 8 81 32 20 36 73 67 86 93 25 52 18 11 43 83 53 13 1 26 19 30 96 98 47 16 96 49 58 33 35 40 23 82 59 68 74 81 50 54 18 85 16 4 42 3 84 58 12 33 68 83 25 96 63 45 25 42 77 66 54 43 20 61 44 51 12 71 16 22 66 57 34 12 51 78 20 58 48 50 32 77 61 23 74 73 65 37 70 90 85 84 41 30 67 57 40 37 44 77 90 98 7 25 56 99 77 63 64 14 84 45 31 35 77 96 11 19 6 77 17 62 27 57 70 83 92 27 75 6 18 82 40 46 87 94 75 27 84 12 52 83 53 59 3 81 11 87 33 2 61 15 52 40 41 51 74 56 39 10 63 48 83 43 27 56 27 85 27 61 89 10 99 39 46 19 45 85 5 51
11 33 99 68 79 12 87 49 69 39 11 65 62 39 4 85 66 12 91 29 49 67 63 84 4 29 1 51 47 61 35 27 22 78 28 21 3 1 59 54 85 96 86 1 7 15 13 53 97 15 90 19 20 20 12 11 70 92 25 65 5 98 43 42 76 78 6 74 74 59 51 44 43 76 12 15 28 64 69 50 32 5 30 73 13 92 13 30 35 76 39 44 66 97 31 19 80 93 39 20 41 24 30 8 72 31 6 58 16 66 35 96 68 45 33 34 90 3 19 85 10 7 34 68 59 9 10 56 26 2 46 62 95 17 12 8 96 54 19 40 29 11 66 49 58 62 49 70 53 35 98 53 27 44 2 67 27 43 38 33 54 68 17 6 10 67 52 98 92 19 13 35 82 63 45 61 62 23 10 91 72 36 37 19 3 29 43 51 22 26 4 87 3 46 21 74 19 53 8 29
88 21 81 99 40 24 58 84 68 29 97 10 59 59 15 7 74 17 3 41 72 63 61 96 80 58 88 51 18 88 85 30 87 77 77 72 82 91 60 42 80 70 45 26 96 26 80 3 78 49 40 12 53 93 50 2 5 70 54 78 79 75 98 72 3 65 71 44 73 64 63 41 2 6 74 78 91 57 51 58 17 81 58 47 43 93 44 31 11 4 36 91 83 38 38 30 52 26 23 82 75 27 95 19 8 63 13 14 62 38 84 99 58 37 42 87 92 48 9 9 39 34 38 2 19 16 13 29 98 46 57 97 33 1 67 89 78 84 47 97 90 34 4 56 25 2 35 28 93 5 39 28 54 1 38 16 90 61 85 27 8 80 31 47 35 37 71 2 30 39 15 6 82 10 62 70 76 38 34 57 80 10 97 39 34 38 61 38 44 82 38 16 49 47 42 74 54 15 3 41
23 48 11 43 93 36 40 45 30 90 70 46 97 90 76 87 71 78 20 61 29 77 13 63 40 7 22 20 72 83 98 53 95 51 88 31 51 39 97 92 88 81 68 51 71 56 41 9 33 83 99 47 22 83 59 97 38 47 76 85 7 96 69 63 61 68 19 65 9 31 21 91 75 16 81 33 87 60 82 72 22 13 80 45 80 33 65 58 5 31 78 3 75 66 43 37 31 53 22 22 26 1 27 18 79 8 75 49 3 78 88 84 34 35 44 30 22 4 78 58 23 67 45 57 23 67 30 91 16 50 6 42 5 25 82 58 75 19 98 59 10 60 71 55 43 25 20 53 73 38 38 14 21 36 87 52 50 40 98 80 66 34 26 18 4 33 67 50 22 28 79 39 32 3 13 22 13 25 74 23 36 83 50 86 99 10 40 11 69 7 83 50 61 20 50 75 32 16 15 61
96 42 10 21 9 59 54 99 74 57 61 97 96 34 10 47 11 72 52 52 38 9 86 78 66 80 38 65 89 58 29 78 73 65 93 13 85 82 81 76 96 97 82 68 93 67 64 89 26 78 73 76 63 15 34 22 62 97 93 62 22 81 28 95 78 26 30 66 81 59 25 57 26 44 76 34 47 84 59 34 91 91 12 56 73 94 99 46 98 33 3 91 90 90 77 14 76 33 45 81 11 3 41 85 54 63 39 17 18 68 19 41 53 80 99 47 98 2 88 20 68 27 94 19 33 26 3 66 80 90 25 36 16 51 79 60 9 25 90 57 88 16 16 71 39 17 27 6 30 93 28 66 11 61 27 41 28 6 35 89 29 28 95 15 97 98 40 78 79 8 18 63 94 58 35 72 1 42 57 5 97 27 8 22 25 11 6 57 69 57 39 32 72 97 33 48 10 93 25 52
59 70 80 49 43 66 59 39 35 77 27 67 51 28 34 74 22 62 14 43 97 49 86 99 92 17 78 9 21 51 22 61 87 76 65 38 61 52 99 16 25 22 29 15 10 41 98 83 27 66 55 24 34 82 14 50 11 19 54 62 60 35 35 34 58 5 79 39 45 26 87 47 8 89 21 68 35 12 90 9 68 26 69 31 38 61 5 88 87 92 79 93 23 15 48 13 70 9 66 32 16 71 85 27 63 88 64 22 56 37 71 82 35 75 48 54 7 38 85 53 40 12 12 80 28 60 25 46 93 32 75 80 77 81 23 24 90 70 66 1 80 61 7 47 23 18 18 53 80 59 67 52 83 15 86 51 39 57 46 69 38 94 97 7 11 76 27 26 53 58 77 28 52 65 26 44 15 65 50 80 65 37 41 65 64 94 57 92 30 1 80 37 84 87 8 35 94 69 60 43
68 81 56 82 54 81 79 62 78 96 24 9 83 55 82 52 68 97 20 71 97 92 21 43 95 22 15 92 25 92 49 52 15 9 58 92 53 75 12 97 1 77 8 60 16 67 78 25 19 59 86 57 78 46 65 74 24 16 54 58 95 55 7 32 10 27 2 46 98 99 23 79 66 48 19 82 71 93 18 52 96 29 98 84 28 4 38 74 83 24 12 31 33 85 68 73 39 58 81 22 1 26 44 64 21 16 39 89 42 39 30 85 3 71 95 27 23 6 88 20 55 4 83 78 39 95 71 75 61 13 70 25 77 30 28 86 78 84 10 88 46 68 8 31 39 33 62 72 54 87 74 90 42 94 15 15 66 19 85 14 78 93 84 4 30 52 35 48 43 38 43 17 56 71 58 63 1 56 6 10 63 34 91 4 80 14 19 4 77 43 50 33 82 3 11 9 5 62 4 71
97 50 95 99 7 91 98 47 95 85 70 67 20 92 2 58 25 76 27 65 6 59 47 86 99 78 12 99 5 58 4 57 62 63 15 36 92 16 10 99 85 59 37 69 44 27 47 49 83 53 53 65 51 99 8 62 31 48 42 82 29 56 20 56 93 33 28 40 8 82 23 86 83 38 96 17 99 4 31 7 36 37 88 26 21 32 87 42 57 79 78 22 86 6 48 15 4 73 13 62 51 35 49 82 40 53 66 9 82 42 40 18 37 90 26 17 50 80 23 64 9 53 83 49 36 23 79 99 67 24 43 37 38 72 89 30 66 37 12 47 37 72 45 50 17 50 58 36 56 59 56 88 93 6 74 36 28 51 6 99 56 40 55 59 70 90 57 63 45 91 14 13 77 11 58 89 51 26 56 21 25 12 25 20 48 69 51 35 81 5 39 42 62 46 97 65 15 45 38 65
21 99 90 46 59 65 56 52 78 72 26 3 80 15 62 79 42 30 32 71 89 46 45 27 90 81 1 94 76 59 24 16 35 90 21 90 47 29 93 94 77 99 58 35 9 17 90 15 56 88 60 40 93 84 23 28 60 50 71 25 31 15 30 44 98 65 48 67 82 36 86 64 87 82 7 54 64 32 76 50 64 64 35 20 19 26 97 76 1 32 17 32 42 12 16 73 7 82 3 96 57 77 89 27 77 88 80 81 69 38 45 35 12 56 32 82 38 14 66 42 4 13 15 13 96 22 59 36 45 77 57 90 82 35 37 31 26 21 23 77 24 26 22 72 18 41 25 45 50 4 6 41 47 42 45 4 24 50 38 33 77 45 84 37 79 44 96 34 42 14 59 38 79 10 78 72 19 40 42 6 42 43 65 55 4 91 50 93 11 13 99 7 51 30 13 78 87 44 8 71
86 53 59 98 43 89 27 37 9 45 15 5 49 12 71 24 88 96 20 3 64 64 18 83 28 34 64 64 35 32 64 68 82 54 75 66 76 69 36 4 20 22 99 60 59 80 69 22 99 23 10 86 17 59 2 88 33 90 72 32 56 76 45 25 7 56 35 68 32 8 82 48 80 3 22 34 59 36 79 1 17 92 88 62 51 43 79 23 73 87 92 53 73 11 70 18 7 43 84 2 34 86 66 96 78 90 71 57 69 54 28 92 27 55 82 29 44 46 97 14 94 7 10 63 78 5 42 50 74 5 55 72 22 32 61 55 39 77 83 72 68 29 33 24 42 53 23 95 22 37 90 38 15 58 71 14 74 4 48 43 6 13 86 62 39 14 17 22 43 7 34 95 22 9 19 89 64 76 45 89 48 44 22 70 95 63 4 45 22 77 99 44 70 17 59 9 19 39 35 3
96 47 84 96 81 64 33 11 24 62 90 84 85 16 54 64 98 52 89 72 31 23 14 81 91 76 20 85 72 95 65 11 21 33 49 97 16 52 89 60 85 97 60 21 35 35 77 2 5 52 57 52 26 47 80 45 42 40 27 44 70 41 36 55 58 80 42 45 21 41 13 23 31 84 9 78 5 62 17 51 2 1 62 20 59 33 34 94 54 53 88 95 34 40 73 58 2 24 44 69 29 62 42 64 5 41 98 49 89 49 27 84 12 31 15 15 17 95 95 68 74 69 50 21 8 52 26 63 65 81 39 33 55 55 25 33 40 7 61 24 34 95 81 26 9 37 29 46 21 16 96 92 70 76 68 82 45 17 8 38 16 47 90 2 29 74 99 24 2 96 24 96 72 48 94 13 3 27 68 7 17 36 43 86 90 30 17 26 84 17 46 89 17 4 7 58 65 4 77 72
