20 200 17667 24.81
40 76 63 71 77 9 65 89 76 69 16 44 2 54 18 38 80 73 61 41 78 69 33 10 88 84 81 91 46 68 16 79 94 90 7 98 42 73 76 59 38 76 17 30 73 6 77 18 55 6 35 10 30 48 68 85 28 95 84 57 83 72 6 59 88 49 96 10 60 79 86 68 1 34 13 75 1 73 47 59 35 57 38 62 18 26 9 91 26 66 89 77 59 27 34 91 56 36 48 67 90 31 85 41 82 61 76 98 86 26 34 50 7 10 47 47 42 20 60 13 74 67 12 50 59 38 77 35 76 9 30 25 28 89 6 98 45 63 97 31 94 43 94 69 90 37 12 2 6 80 65 17 3 37 46 57 69 53 55 43 42 63 26 21 55 93 88 16 56 83 91 83 13 83 66 2 44 85 25 99 57 14 70 28 48 98 93 40 83 11 47 59 20 86 82 69 25 87 90 41
5 95 21 79 71 32 90 46 57 61 31 85 59 80 85 99 94 96 86 46 73 4 85 2 40 36 97 92 53 23 3 65 65 11 60 64 33 45 69 57 1 46 24 81 94 27 14 82 40 20 4 48 16 78 41 79 29 59 18 4 78 15 41 53 1 87 95 99 67 39 84 69 65 15 80 87 56 20 19 28 94 76 58 34 38 89 52 34 66 89 79 93 27 57 19 97 27 43 15 21 15 63 37 32 61 17 4 56 33 15 84 39 18 74 26 17 20 84 42 77 33 86 87 54 28 3 30 37 16 3 32 88 56 62 13 45 92 9 14 14 24 18 90 7 77 93 9 71 68 7 16 32 37 58 55 87 12 54 10 93 51 80 17 26 5 38 26 72 30 22 1 8 85 97 92 61 14 26 18 20 98 65 32 95 61 81 66 81 47 19 31 19 84 47 83 32 87 80 42 46
62 69 85 91 98 73 69 92 23 91 11 61 58 49 73 34 85 32 4 86 62 63 61 97 90 62 60 67 52 18 37 19 36 24 46 79 24 51 66 67 40 13 47 93 61 93 97 14 16 37 43 10 94 4 26 4 13 85 1 88 79 22 16 87 25 30 27 15 50 51 99 52 45 27 85 78 79 1 90 66 37 72 57 7 72 28 54 99 52 89 67 18 54 94 47 36 45 46 68 36 86 78 60 27 5 77 43 90 1 73 87 61 30 3 68 67 36 1 21 5 14 10 51 87 75 54 15 4 18 42 68 40 16 39 1 58 65 78 6 68 73 25 73 44 78 36 65 90 51 18 70 16 22 15 25 96 10 15 58 78 97 37 11 38 99 41 91 80 87 5 56 40 65 53 49 38 4 10 29 50 7 76 38 63 50 86 37 77 79 38 76 72 1 12 60 41 83 37 87 86
54 90 31 24 11 94 20 86 6 49 22 85 86 97 2 98 44 49 8 81 63 13 86 73 19 18 46 4 19 17 45 54 9 13 80 39 65 5 36 62 59 67 17 71 37 4 26 94 5 69 77 76 32 87 40 80 79 21 87 85 1 35 24 55 25 19 75 5 34 40 40 6 14 81 6 30 4 41 70 74 77 28 79 31 1 7 73 51 8 25 44 80 12 12 8 57 45 77 87 10 86 50 41 31 9 81 87 43 28 21 86 31 62 41 28 92 11 21 76 33 87 79 22 22 12 8 48 48 56 46 66 21 7 42 24 88 43 45 15 60 96 42 14 16 13 19 53 5 13 8 12 60 8 4 45 41 7 58 60 33 9 13 94 70 60 49 68 49 59 18 53 12 29 14 30 70 34 40 13 72 65 11 68 51 6 76 70 12 60 77 96 7 21 99 62 21 61 61 26 81
57 40 39 74 99 39 58 85 87 51 56 15 29 81 50 45 3 37 23 32 72 17 68 98 9 42 54 60 19 24 35 60 33 65 88 37 75 49 51 56 24 20 11 8 61 30 30 11 26 10 31 78 28 78 10 36 37 24 24 83 24 98 62 25 60 5 22 16 62 57 75 67 99 81 27 34 35 13 78 18 52 71 85 78 11 86 60 67 34 12 33 32 86 41 4 92 61 74 88 59 80 15 84 44 92 20 65 70 24 35 21 26 29 75 55 15 53 42 69 92 51 45 80 67 6 34 3 79 5 9 20 16 23 19 93 2 47 65 67 6 14 11 24 15 91 4 60 40 53 36 46 88 13 87 96 69 78 57 75 98 25 16 40 41 47 45 89 60 50 88 49 60 4 11 33 42 68 29 84 36 33 7 72 93 69 38 22 14 96 11 64 79 42 17 93 99 90 48 42 32
64 39 95 36 7 34 52 78 45 60 18 34 67 60 98 4 48 93 88 98 4 38 96 98 64 2 76 79 81 64 48 31 98 68 97 52 49 58 65 32 64 96 40 91 68 18 3 63 83 46 99 97 55 4 48 91 92 46 97 64 6 47 69 52 68 6 94 79 60 17 37 96 43 10 21 26 3 53 22 6 87 79 84 19 9 37 5 35 20 2 99 62 17 45 59 33 76 39 90 88 93 14 61 45 89 69 74 42 63 72 35 11 98 52 64 53 34 59 20 65 78 71 11 99 32 37 7 77 20 46 23 6 71 55 71 28 16 74 69 17 42 8 73 89 17 46 8 81 39 38 55 83 19 30 3 10 47 26 84 75 23 1 33 41 7 70 3 72 86 61 66 64 41 62 8 18 44 44 42 74 65 3 1 56 28 56 88 67 51 23 73 6 59 76 56 25 62 7 83 98
38 49 16 32 55 46 3 89 77 38 36 68 73 3 38 11 21 30 77 1 30 56 93 1 56 37 87 46 42 39 77 3 78 82 99 62 90 99 86 71 49 68 13 3 40 92 24 44 48 77 74 42 66 13 78 95 39 18 81 16 71 88 28 73 19 51 8 69 15 81 76 40 39 24 69 96 12 90 83 33 59 79 86 5 62 74 14 1 70 64 70 97 70 93 69 41 61 30 1 88 95 68 42 38 54 65 26 88 14 4 2 23 71 32 83 1 32 58 58 25 50 98 65 86 7 16 70 18 99 4 52 13 21 98 63 80 96 78 36 79 37 21 91 61 39 73 76 16 78 52 84 76 35 56 57 91 93 98 20 94 30 64 36 47 77 56 64 16 15 40 32 67 93 21 19 22 21 85 93 38 42 40 72 67 80 69 56 90 7 34 46 83 58 54 63 90 22 73 37 1
43 9 48 67 58 58 64 60 57 66 47 93 84 61 64 74 87 10 93 38 41 69 51 56 80 32 41 55 92 85 66 36 18 98 44 47 88 82 23 86 88 25 8 54 72 66 69 4 31 88 85 20 85 78 21 94 35 5 99 31 54 50 93 76 64 87 96 39 10 24 10 89 19 49 31 42 48 8 23 91 25 21 94 44 29 46 45 17 47 49 30 51 52 56 39 46 26 70 27 56 53 63 20 23 89 57 34 77 55 38 39 86 46 4 17 53 30 7 61 74 98 65 97 8 4 94 76 57 44 62 59 49 58 26 20 7 93 71 51 8 36 26 65 16 91 1 21 16 4 27 18 27 11 24 10 70 11 29 98 34 27 27 88 37 8 71 70 29 45 13 11 80 51 90 50 28 38 47 85 68 79 11 26 56 16 60 12 8 22 32 1 97 7 65 72 97 23 24 35 38
96 55 93 78 58 81 4 62 71 72 47 60 70 42 26 85 9 60 41 17 51 54 48 37 1 90 23 96 93 88 41 57 83 82 10 33 39 22 58 19 96 47 66 89 84 47 33 55 56 73 27 25 92 88 94 75 29 31 84 64 5 10 72 17 32 41 57 93 78 95 70 59 96 79 68 7 28 3 7 60 45 28 14 72 25 51 41 15 68 91 85 59 50 93 65 51 19 8 53 66 33 67 4 47 66 43 14 97 51 27 6 25 33 53 71 79 31 49 55 37 6 58 19 6 56 54 12 95 15 20 54 46 7 74 51 46 67 92 56 20 49 31 16 69 52 24 71 37 21 17 84 29 7 96 52 20 77 10 74 23 99 73 22 13 18 24 73 11 14 14 96 31 77 71 39 34 42 42 65 92 42 9 82 31 58 78 85 95 53 80 5 85 49 88 38 50 1 28 53 17
9 85 73 25 26 33 96 80 91 20 40 65 49 86 98 58 21 67 91 10 12 80 60 65 80 77 30 14 95 87 98 60 30 62 16 77 55 55 6 38 79 20 28 10 17 51 71 41 94 51 37 91 81 74 73 78 23 94 19 3 86 94 79 37 49 25 18 13 91 13 85 52 78 80 86 42 43 73 66 83 76 37 3 23 67 80 86 65 58 98 9 35 5 20 11 87 74 92 53 90 34 54 89 84 30 30 44 45 88 20 30 11 68 54 29 56 85 23 47 33 63 58 57 5 75 25 85 6 39 46 48 22 43 63 52 29 21 6 14 90 78 91 99 43 45 1 46 88 61 26 5 23 21 12 1 32 77 20 77 11 91 91 45 49 31 92 75 11 67 40 93 38 80 57 70 1 73 11 32 5 58 8 14 36 87 46 68 50 14 44 18 75 23 69 51 27 77 21 92 10
50 53 86 63 96 38 90 14 22 78 82 70 90 48 95 88 86 81 77 49 66 97 53 25 90 25 2 92 89 2 57 69 95 42 29 46 46 66 75 95 92 50 93 43 20 57 89 92 72 12 12 37 41 66 75 45 92 75 65 9 68 30 6 95 64 25 6 18 60 24 92 39 58 78 89 44 77 21 87 47 79 85 15 58 65 21 67 20 78 73 7 51 2 81 29 40 26 20 76 83 12 10 65 87 2 39 28 7 48 81 31 49 88 41 43 77 97 52 84 55 13 37 38 41 25 51 77 22 39 58 45 38 85 37 5 58 27 71 53 15 70 16 56 91 49 72 11 21 88 83 75 89 14 14 48 59 35 20 8 15 87 55 45 92 69 82 61 36 61 34 65 45 56 71 31 13 76 83 19 31 46 74 44 94 88 46 25 99 43 58 22 8 52 27 18 75 29 4 78 49
20 91 58 97 86 47 96 12 81 67 97 77 55 91 99 91 46 14 42 28 88 73 50 62 32 72 37 76 88 64 84 78 80 57 44 58 57 28 90 46 64 83 51 3 4 30 92 83 82 97 55 63 40 58 92 56 24 23 10 48 26 41 36 32 48 79 78 89 90 85 94 30 20 51 82 11 32 64 29 87 43 2 75 18 32 75 28 56 80 59 17 53 87 35 91 95 81 16 23 52 28 86 65 82 6 31 56 52 83 67 94 76 18 6 59 60 26 31 79 88 47 8 97 33 71 44 65 29 99 52 29 37 81 9 29 72 79 49 47 78 24 43 64 18 89 21 81 75 83 34 65 32 18 83 71 22 67 57 85 27 28 15 31 14 56 14 70 16 74 57 28 62 67 60 54 91 13 27 69 98 8 4 54 10 43 24 80 72 23 74 94 3 31 48 53 86 97 34 50 28
75 49 82 70 76 80 36 84 84 10 50 30 90 92 58 26 44 80 7 33 53 91 14 71 53 57 80 93 85 20 11 77 53 40 66 53 56 41 84 20 49 9 84 81 69 42 58 87 39 87 1 78 4 56 19 40 56 68 84 98 13 48 81 19 7 91 23 69 88 49 34 42 48 25 66 40 98 75 37 39 18 22 2 45 40 34 53 43 94 87 32 43 14 19 42 79 69 72 59 5 95 74 62 23 1 24 20 27 79 19 90 75 83 5 48 50 69 66 55 16 42 87 72 94 49 40 34 35 58 29 5 45 40 33 40 40 88 23 91 52 95 19 21 7 94 57 84 51 54 74 3 43 7 4 52 78 23 20 9 6 48 95 57 14 92 3 43 86 56 87 43 19 56 30 5 25 91 94 60 92 77 84 76 78 28 75 63 83 88 73 32 91 66 46 34 31 61 29 3 33
39 78 33 65 82 19 1 5 84 12 92 88 15 85 57 76 28 86 80 57 20 93 87 85 35 18 37 56 2 88 21 97 21 84 46 41 26 4 88 81 17 50 83 86 78 94 86 10 70 98 39 49 87 64 85 6 30 10 80 94 42 8 72 55 62 93 12 48 32 96 5 3 47 13 18 16 57 5 87 24 99 86 19 3 85 81 76 25 50 56 27 85 24 83 64 4 86 46 6 7 4 76 8 93 10 34 29 67 60 92 34 18 12 21 75 91 76 20 51 20 75 90 89 13 41 88 18 59 11 46 68 55 8 49 32 66 15 35 10 33 62 79 59 35 34 60 59 77 79 34 54 60 99 75 15 26 11 88 76 24 31 92 43 19 11 23 9 89 81 23 76 14 86 54 76 24 22 35 33 96 75 88 85 36 15 57 21 61 8 27 69 89 20 95 35 39 15 29 9 57
96 62 70 86 20 22 86 25 51 94 3 50 10 16 23 23 79 59 97 91 64 65 51 25 82 77 72 13 40 10 82 39 13 83 34 84 57 65 14 19 39 91 25 3 91 62 81 61 17 98 53 17 41 21 73 46 19 22 51 55 50 16 68 1 45 36 95 84 9 25 54 74 7 14 68 40 56 61 62 92 44 46 2 44 50 36 93 6 91 65 21 27 84 31 36 12 60 49 5 64 92 62 94 47 63 63 64 75 92 7 90 50 50 71 35 5 25 71 27 23 25 95 29 97 78 64 1 93 7 62 20 44 17 41 70 5 14 69 69 29 43 26 93 55 47 45 63 33 37 21 53 32 36 56 26 55 4 23 48 5 1 67 72 85 1 9 14 67 41 39 18 23 18 36 16 54 77 75 42 91 10 66 45 92 15 80 94 10 81 11 28 56 71 39 90 85 3 52 80 91
91 90 55 49 86 88 95 37 13 46 56 79 49 37 90 53 60 69 76 71 67 88 44 93 47 90 60 18 78 63 78 15 4 27 69 61 14 73 3 65 66 78 38 92 53 3 20 24 25 12 80 76 3 83 98 82 63 78 99 46 62 96 61 62 63 15 61 86 31 58 15 59 66 17 23 88 87 7 1 36 47 65 54 90 74 28 74 88 46 38 52 66 86 14 35 86 47 60 9 38 60 52 22 94 31 44 98 49 60 57 14 55 16 58 6 14 35 53 54 98 62 25 81 14 4 37 39 29 27 5 69 7 33 29 10 64 89 20 97 28 58 44 41 32 16 10 45 52 37 31 21 22 50 83 9 37 12 91 38 85 60 14 56 19 44 6 71 59 41 23 27 30 13 42 42 3 64 3 14 57 64 85 53 21 57 64 60 80 93 34 10 93 53 8 71 9 93 3 7 71
88 98 77 55 96 96 50 53 41 48 86 79 44 80 29 20 5 96 58 73 60 75 15 95 9 23 84 13 43 94 22 15 42 6 94 34 62 90 86 89 37 64 76 41 43 69 94 89 58 62 56 10 38 99 81 56 95 81 35 42 65 4 28 60 59 2 38 93 20 4 84 37 74 69 21 49 77 30 28 73 75 93 27 66 56 64 25 35 29 31 20 64 27 14 92 91 26 63 93 53 51 32 21 70 80 22 9 17 39 3 89 65 54 58 49 53 12 19 58 25 26 67 38 90 19 15 71 14 40 76 26 45 14 80 22 99 80 4 54 50 69 48 44 1 48 73 51 94 14 28 75 7 13 10 20 88 80 68 41 59 42 17 77 61 21 64 73 78 2 83 51 60 4 99 41 35 63 46 52 65 48 2 14 37 40 5 88 65 17 16 66 95 19 18 35 62 2 6 26 73
62 44 52 55 52 96 89 88 54 53 68 6 77 96 45 67 62 17 45 87 85 72 58 84 51 29 71 34 43 80 81 4 93 96 61 62 65 82 62 22 6 67 83 81 24 27 29 21 66 32 27 89 67 9 38 81 34 66 67 97 78 24 88 78 49 51 97 1 35 72 93 24 67 60 89 8 88 56 26 85 66 69 48 52 12 46 16 71 24 49 28 45 11 56 89 38 3 76 96 82 32 48 10 89 9 98 54 5 25 9 11 18 99 37 9 82 58 98 72 57 63 22 84 35 76 42 39 38 59 31 31 68 56 89 35 4 82 40 66 5 49 58 57 26 25 54 84 44 45 47 33 2 25 64 92 52 30 56 66 92 34 26 96 85 3 25 52 34 68 99 97 18 22 5 18 48 21 99 33 57 38 46 93 11 90 57 37 35 91 92 1 55 98 27 69 40 10 31 39 87
88 34 74 42 67 18 22 66 80 67 57 87 94 91 81 96 71 6 40 54 3 68 37 42 83 69 19 85 30 45 17 53 65 48 34 34 4 44 37 47 71 50 33 46 19 88 79 87 80 49 64 29 63 91 1 57 52 76 99 47 42 92 14 59 81 95 16 48 34 39 66 64 95 65 77 53 69 99 18 91 28 41 15 27 88 60 19 28 33 45 38 70 35 22 12 86 63 90 68 83 90 49 38 17 37 6 55 13 93 97 29 84 23 36 97 59 82 11 56 1 25 46 51 65 51 52 8 41 17 64 87 23 9 34 40 4 55 89 9 45 59 68 48 5 10 25 10 3 53 28 27 73 28 86 54 38 30 78 94 78 80 35 22 53 19 77 55 16 91 96 26 82 48 52 62 2 72 58 34 79 89 40 6 49 10 74 18 25 92 87 40 81 11 57 17 64 68 9 27 54
81 47 69 2 80 81 24 98 53 82 32 92 8 15 89 49 47 58 46 14 52 35 67 88 34 97 65 12 16 60 73 93 51 73 89 8 68 44 11 8 23 32 92 43 83 45 28 77 13 80 53 61 3 90 71 82 93 34 37 15 35 75 83 29 43 63 70 7 70 64 28 75 6 85 42 50 55 3 38 15 66 70 19 65 49 22 87 11 21 84 25 28 48 35 30 32 8 33 81 82 48 34 69 46 68 58 34 63 9 78 69 12 21 65 63 75 6 44 11 44 56 26 79 81 36 96 76 66 35 59 2 33 53 11 41 1 65 57 90 97 91 13 81 17 97 30 32 74 39 24 24 55 98 99 68 54 50 29 20 63 38 72 39 32 45 86 84 22 46 93 69 84 42 42 92 91 60 87 84 52 91 59 22 56 64 27 77 29 93 90 26 48 44 57 12 48 6 12 93 14
