20 200 17499 24.82
26 65 79 65 73 59 94 94 25 87 23 89 98 85 81 29 92 43 80 39 17 77 92 76 80 56 95 60 71 91 72 77 75 51 77 97 4 9 87 40 52 87 9 48 90 66 4 81 64 49 65 45 5 27 86 87 77 22 33 48 80 10 44 82 30 63 80 71 13 61 87 64 44 52 36 76 10 37 36 30 44 76 82 5 74 56 6 72 23 38 77 26 47 86 20 67 18 27 8 86 32 73 8 62 59 97 99 55 17 20 25 74 37 42 33 98 16 16 66 43 51 92 76 17 21 28 75 10 30 8 75 97 30 56 88 50 88 91 30 20 72 90 72 85 3 9 90 13 60 6 4 29 17 53 67 59 35 3 5 44 47 75 28 66 68 34 28 43 72 11 46 54 24 68 52 47 54 64 89 70 48 84 16 6 91 19 6 84 97 39 12 32 95 37 51 9 63 56 36 39
94 27 10 4 96 25 51 4 10 23 33 79 44 65 88 89 26 83 35 95 89 4 95 29 35 78 30 11 37 62 57 30 14 7 73 55 53 41 23 68 90 42 83 7 48 8 74 55 7 74 88 12 30 61 62 69 68 17 67 46 67 87 43 84 91 66 67 7 28 19 17 69 69 60 78 44 10 19 52 32 36 12 17 59 41 45 38 26 51 41 17 94 98 47 54 16 68 56 37 77 53 14 19 75 38 16 22 38 50 18 75 81 90 97 93 47 45 38 9 59 85 51 98 10 33 39 16 94 90 36 38 11 86 64 35 89 69 70 31 85 57 51 11 63 6 43 30 14 23 83 2 18 17 90 11 60 41 89 60 11 93 5 99 80 82 91 70 43 23 93 13 39 99 73 64 82 67 61 58 58 37 87 25 79 84 77 28 27 42 85 1 93 1 79 80 49 53 57 17 95
89 3 15 31 28 42 71 60 79 84 73 70 41 68 79 78 45 84 69 32 47 67 54 57 18 47 1 3 24 79 70 25 80 67 67 72 91 49 84 93 38 42 41 52 99 57 82 18 6 79 22 54 3 80 90 69 44 71 40 57 79 58 22 6 86 92 89 41 69 82 7 23 6 42 8 1 53 5 84 83 42 19 81 19 97 85 20 62 9 23 26 22 73 33 67 32 24 84 7 90 55 83 61 53 69 93 33 24 48 94 27 75 33 8 43 78 33 92 48 70 10 73 67 60 94 46 68 14 32 17 84 85 75 51 90 63 30 77 38 71 67 93 92 13 14 32 17 49 15 91 41 43 69 33 34 97 1 55 66 74 41 22 41 34 49 81 8 72 42 75 71 42 23 90 19 94 57 97 12 74 60 71 83 2 40 62 33 1 81 81 99 44 92 5 75 11 48 70 56 32
69 79 73 62 60 10 73 79 61 94 5 45 77 96 72 41 93 62 33 8 47 95 64 7 53 54 44 8 19 59 60 26 40 4 27 14 60 50 94 59 73 47 95 1 7 58 56 75 33 2 94 88 70 66 77 96 5 21 90 9 61 38 92 56 56 65 87 98 35 71 71 2 16 50 23 62 59 5 29 75 28 16 36 78 75 97 55 36 55 65 62 42 3 33 82 54 1 25 1 8 42 54 24 15 16 70 1 84 39 77 77 75 11 28 49 32 16 63 94 28 1 53 43 5 81 8 3 20 39 75 24 74 34 8 54 84 47 88 6 49 97 1 51 85 47 40 17 52 3 57 33 5 87 78 45 29 93 7 96 97 38 5 28 76 99 58 45 59 52 69 28 36 55 16 31 9 82 14 80 60 92 81 84 30 66 60 55 6 19 65 83 30 10 65 67 59 2 22 25 8
57 34 45 54 67 51 20 26 29 25 77 95 46 83 26 41 18 51 34 80 57 37 59 64 30 90 88 73 86 68 63 71 88 84 29 87 28 51 25 92 44 37 10 8 26 76 3 74 3 29 64 66 26 44 89 61 33 27 63 3 96 52 46 90 38 59 1 24 41 21 7 71 98 99 57 31 55 6 82 14 26 79 51 77 65 74 56 55 5 74 46 61 16 10 82 73 64 20 12 9 7 47 69 60 79 72 20 43 75 90 7 95 86 44 85 3 2 67 23 96 3 38 78 55 53 54 52 27 9 88 51 97 28 86 83 75 85 24 49 29 13 36 33 51 17 31 84 28 75 81 29 18 65 37 12 39 23 78 37 45 44 94 77 25 29 82 3 43 91 88 9 94 26 43 62 20 27 48 61 18 62 99 34 24 17 48 80 14 20 95 42 62 84 36 19 2 9 65 69 80
48 92 75 68 66 16 69 7 48 31 37 36 34 97 3 66 68 92 70 87 78 78 49 93 39 29 63 40 35 54 59 1 97 69 13 84 21 93 31 48 25 98 76 23 24 39 9 94 88 39 12 66 55 64 11 13 25 25 37 97 58 86 29 78 70 95 16 81 41 23 56 27 86 99 88 72 59 53 20 60 91 77 65 62 50 9 75 15 58 89 18 77 21 42 4 51 27 89 65 69 64 8 81 32 63 20 91 8 84 8 67 8 89 59 62 6 95 36 11 5 72 20 97 30 57 39 17 65 94 90 88 10 84 19 96 29 59 44 76 17 74 74 64 11 60 77 43 11 29 28 35 50 15 2 90 97 95 2 5 23 38 41 72 76 89 48 69 16 45 90 14 54 22 12 31 61 10 9 98 18 44 32 4 8 45 5 38 18 8 60 2 64 80 91 16 44 13 29 5 87
81 18 66 54 8 87 71 7 53 66 74 80 69 48 5 22 79 69 78 4 78 97 24 88 82 67 43 21 72 62 43 56 40 35 82 60 93 13 66 81 35 83 45 77 96 39 19 56 80 51 71 42 28 8 27 31 55 98 11 40 50 40 85 3 41 11 87 77 77 3 67 82 96 79 37 92 41 50 8 56 29 52 23 21 29 81 91 24 60 12 11 40 9 16 9 56 27 99 34 51 69 30 96 16 88 66 61 24 58 53 13 4 26 49 50 85 83 40 39 68 38 6 1 88 7 82 72 25 3 23 48 54 85 54 69 5 65 16 22 15 79 90 17 52 50 44 16 37 39 79 15 12 53 94 94 66 75 17 5 16 53 50 80 1 65 77 67 98 15 30 92 83 87 80 94 27 93 65 57 99 37 32 17 14 49 80 14 59 63 54 37 39 46 57 1 27 40 73 61 4
26 27 14 30 32 84 28 73 12 66 52 85 41 79 85 28 90 25 2 82 85 98 75 66 28 22 9 95 37 79 13 89 76 7 15 37 32 90 66 27 10 18 85 69 17 34 1 29 15 5 19 6 52 5 32 99 11 66 90 59 13 62 19 38 37 90 82 73 33 59 75 95 26 34 41 45 59 20 8 69 76 49 87 45 14 14 19 73 44 51 91 76 21 9 69 97 46 77 71 8 2 38 87 46 99 44 33 14 11 77 81 74 62 8 16 88 88 79 12 29 53 45 67 1 2 6 63 87 88 2 41 65 24 14 15 52 5 9 22 99 37 70 30 81 46 9 90 6 44 62 72 80 39 97 3 45 80 30 83 6 61 33 5 89 93 2 30 26 2 32 24 80 69 35 76 12 5 26 29 23 2 1 16 63 6 30 65 85 57 83 42 31 95 72 5 77 43 95 59 82
90 78 42 23 62 38 94 6 90 15 52 15 98 29 55 68 78 93 15 17 95 34 84 58 98 45 12 86 71 1 10 17 13 37 43 10 36 18 15 51 93 37 14 63 13 59 75 75 78 33 74 49 68 42 68 14 64 85 43 65 22 53 85 25 53 76 21 5 92 83 60 79 34 5 67 39 48 13 66 24 53 68 97 61 67 15 18 65 86 70 60 32 22 75 47 77 74 95 24 68 42 81 71 44 5 13 29 92 53 39 67 80 11 77 42 53 70 43 15 3 1 30 30 50 43 78 11 22 47 40 12 56 35 24 54 5 19 66 32 99 42 1 85 25 23 79 14 12 72 18 83 48 61 83 20 28 56 61 97 89 27 78 5 75 21 38 76 97 1 66 2 35 72 47 10 74 61 86 12 41 9 85 39 84 41 43 1 67 57 3 50 46 92 97 64 47 32 6 58 17
80 88 98 2 64 46 70 60 64 23 75 87 9 8 45 59 38 79 88 37 62 12 72 22 56 82 38 48 56 30 84 44 90 5 63 47 47 98 23 10 87 20 41 94 29 79 70 76 83 52 97 54 95 63 42 40 85 92 15 94 88 45 21 91 64 62 40 23 20 22 26 90 49 24 90 38 48 74 88 81 34 1 1 16 64 38 64 41 10 60 12 34 64 55 70 34 54 1 50 27 80 71 30 75 54 90 24 35 5 15 10 52 56 81 74 70 68 51 68 69 87 63 24 3 53 78 88 80 73 20 10 67 34 73 25 44 11 38 93 18 8 31 4 11 51 45 52 97 43 40 70 51 28 59 41 45 31 60 35 58 49 29 23 28 65 74 37 47 99 22 96 45 66 36 48 13 19 88 7 60 19 78 90 75 25 22 83 95 25 84 11 32 90 5 44 49 76 34 33 37
94 90 37 92 45 17 82 17 27 45 92 36 32 28 85 83 80 78 72 33 54 89 34 7 59 40 56 9 39 77 5 63 14 56 52 8 60 61 45 39 21 64 76 69 65 55 39 79 97 24 78 91 94 78 88 95 34 93 94 96 43 51 64 77 50 71 57 5 29 76 46 93 29 7 74 8 85 99 32 56 41 26 66 81 7 5 38 48 61 44 31 59 7 16 53 68 71 47 93 30 93 44 77 74 59 21 22 19 22 41 38 19 43 32 98 20 61 70 4 92 18 18 53 60 15 61 49 5 45 82 84 27 7 89 22 88 50 80 8 64 2 75 5 43 79 70 85 76 64 63 17 1 84 54 6 59 54 63 94 73 58 86 7 16 45 85 63 91 62 82 84 54 92 55 66 37 86 49 35 5 73 53 49 3 34 69 7 21 31 82 27 94 94 5 90 74 51 70 60 33
58 33 11 1 85 13 58 40 12 11 97 39 36 11 56 75 18 89 23 25 92 40 88 81 74 92 17 11 84 76 54 79 16 18 52 4 58 39 11 17 31 56 48 55 18 84 8 79 68 63 91 36 82 79 85 75 38 42 89 72 14 19 72 26 52 66 23 87 76 66 92 70 87 96 67 84 33 27 76 92 24 13 33 85 71 70 54 81 98 17 40 85 51 26 42 92 63 98 9 13 34 63 49 82 27 37 46 79 30 83 70 36 53 80 97 46 1 44 59 69 43 63 67 43 11 98 15 74 77 90 37 42 16 21 89 14 97 53 77 26 6 29 23 8 19 80 31 51 41 50 41 7 20 76 9 35 32 96 88 59 72 95 82 85 67 62 88 59 72 77 63 60 30 89 5 74 65 95 58 62 35 3 14 28 55 66 7 70 41 52 27 63 18 54 30 71 74 57 6 25
87 8 58 34 49 53 83 41 66 36 72 81 27 3 31 96 22 17 37 88 69 56 34 30 89 46 43 82 51 85 12 69 40 96 1 28 91 71 36 56 43 28 65 74 82 87 89 28 11 86 59 45 12 9 91 33 23 33 78 54 22 29 69 3 91 12 90 28 18 38 98 18 37 25 41 15 70 82 60 16 51 53 83 63 52 43 88 3 75 85 69 77 42 36 56 70 75 28 10 72 84 5 67 54 20 17 97 57 28 83 15 70 90 33 32 59 37 12 76 71 10 75 25 3 94 67 62 88 15 51 60 93 17 63 31 16 41 20 98 22 37 17 63 29 94 24 89 68 22 84 16 60 42 4 21 85 59 83 84 1 1 21 35 56 72 19 75 16 20 32 33 55 55 53 3 79 2 61 70 85 28 90 16 80 83 43 46 28 11 45 82 48 85 40 72 19 21 1 51 88
94 82 87 21 50 96 9 75 68 25 40 43 46 37 6 47 57 81 87 59 59 51 51 64 59 9 73 69 50 9 28 86 66 78 51 7 44 53 25 17 4 34 43 26 64 48 65 26 84 69 24 53 21 67 64 67 41 88 51 76 39 98 81 92 42 89 83 72 32 29 96 96 63 38 1 60 87 56 61 25 29 66 94 98 57 25 11 65 2 53 76 92 62 28 94 47 25 81 32 67 58 5 67 7 77 6 19 23 22 89 90 93 15 32 83 19 77 70 53 69 48 67 7 37 83 5 23 31 20 17 18 31 71 45 66 56 21 19 74 27 44 67 91 96 66 5 80 63 13 35 46 54 58 25 39 38 9 20 56 2 33 32 24 11 75 15 49 74 4 13 25 14 62 25 83 67 24 36 39 13 30 93 19 18 85 59 57 77 40 27 11 88 35 28 36 20 36 83 65 59
84 85 45 14 64 39 50 32 23 19 15 65 89 57 1 85 89 65 57 29 27 40 4 21 79 80 33 7 63 1 21 96 12 28 20 54 76 45 19 13 71 99 95 3 76 90 25 6 68 91 86 19 67 13 39 1 98 67 83 45 38 23 28 23 75 47 52 65 55 6 50 32 13 33 4 53 62 88 30 13 77 41 71 53 56 13 56 96 18 63 41 11 98 8 50 75 94 49 87 35 8 5 41 36 63 49 62 31 15 92 51 82 19 41 1 53 8 33 36 51 74 72 16 82 75 36 88 96 24 11 20 29 80 36 8 15 77 6 71 14 34 69 56 42 90 58 79 55 1 32 24 20 20 68 13 2 4 68 51 50 21 59 86 38 84 26 12 69 31 16 71 91 33 21 83 60 28 43 35 47 60 54 18 22 68 26 78 15 5 63 75 55 27 45 85 47 94 17 96 29
71 34 24 64 72 54 44 73 88 2 4 83 67 84 97 34 32 39 96 48 41 86 87 55 87 11 61 80 10 14 77 66 81 92 67 18 35 74 2 77 82 54 12 66 53 95 95 66 22 78 20 42 33 50 17 57 45 60 82 71 48 78 80 65 37 13 39 89 34 85 48 50 12 91 7 52 63 48 98 71 58 30 67 33 82 75 33 20 73 14 27 30 45 84 76 18 45 89 69 15 43 86 79 71 81 6 16 43 35 69 14 53 75 3 37 74 25 40 41 35 67 94 97 84 41 55 57 38 23 80 50 73 11 61 24 45 47 73 73 59 46 55 60 43 8 27 22 40 62 36 36 85 38 62 57 23 67 82 62 45 10 66 67 2 71 71 82 44 26 46 47 50 27 32 43 82 13 69 22 30 28 14 21 63 9 46 88 57 35 78 57 50 44 78 34 78 8 40 12 48
72 6 52 19 30 32 3 52 63 53 69 11 71 36 11 4 94 15 86 74 87 41 78 94 34 73 81 10 16 62 93 44 50 5 34 61 13 75 53 60 97 57 74 40 97 71 99 73 63 97 91 52 31 28 20 56 63 83 21 32 31 72 25 73 40 87 30 83 84 23 48 31 71 41 67 15 33 42 44 30 29 40 29 76 54 78 82 8 16 32 96 15 92 7 79 75 5 45 62 25 80 9 20 61 2 98 47 41 97 31 74 24 49 56 82 21 58 88 57 7 68 40 3 22 91 68 91 66 9 22 42 7 27 67 8 57 56 79 1 55 20 22 73 7 54 83 19 50 72 21 40 15 54 58 39 15 82 86 48 54 72 50 96 6 59 41 42 9 78 10 46 41 95 17 88 27 14 73 67 99 32 86 50 1 47 59 98 94 46 40 69 87 49 25 38 40 65 91 25 74
8 96 75 85 94 52 96 80 16 98 21 23 30 4 93 20 70 92 80 57 37 56 22 3 75 54 74 55 92 90 98 64 51 71 78 33 15 79 98 41 13 32 80 46 20 91 90 74 30 66 93 44 39 61 39 55 81 58 22 52 66 22 76 26 99 1 70 45 85 55 67 7 66 51 12 21 85 79 1 58 27 48 30 83 10 2 55 46 79 34 19 34 61 35 83 93 69 51 89 52 10 70 1 84 4 24 69 79 74 37 65 84 43 43 40 93 65 87 72 20 80 69 42 95 43 32 17 19 3 89 69 59 16 16 82 70 78 15 8 93 29 94 86 49 21 99 73 82 72 75 12 8 67 64 17 58 84 2 63 58 31 64 15 38 42 96 45 4 73 19 20 99 58 14 2 51 81 64 76 85 37 41 22 5 26 22 98 73 83 53 46 69 45 89 79 7 62 6 26 57
45 66 87 80 84 40 50 44 54 28 96 68 14 59 15 59 64 87 1 98 34 95 42 33 47 70 16 47 82 54 54 21 65 51 33 23 63 65 28 43 85 8 83 32 93 53 38 49 46 11 48 93 58 93 86 29 49 34 49 14 57 1 52 65 43 6 93 22 38 37 47 76 66 77 66 72 37 56 71 49 43 14 36 62 37 7 54 20 82 8 91 81 33 73 95 10 3 48 35 88 40 41 71 92 30 87 32 99 85 68 60 77 35 16 52 63 28 69 60 22 43 5 25 34 43 17 50 95 72 59 34 64 64 61 88 92 71 58 71 20 2 52 20 19 31 28 1 38 16 25 28 48 58 27 21 26 50 13 1 68 93 12 4 37 33 8 32 7 89 13 34 20 38 66 38 46 46 89 17 80 1 22 13 97 19 33 5 8 56 59 20 50 61 23 51 21 32 41 38 98
52 85 43 90 24 75 67 51 20 20 75 84 27 95 36 83 8 14 74 58 13 58 74 14 45 30 77 47 27 66 92 34 54 36 70 24 34 18 20 98 39 97 26 41 64 6 60 76 91 13 11 30 15 42 26 27 10 27 45 72 64 37 84 53 12 25 44 56 96 45 24 36 68 73 57 97 45 29 48 85 88 27 48 61 22 79 56 33 20 16 90 11 4 78 7 32 56 50 62 36 7 90 92 35 67 43 54 47 75 81 24 81 58 66 46 84 57 45 66 88 77 47 79 22 88 36 47 47 53 5 4 9 22 7 63 11 45 77 15 87 70 7 98 53 25 36 20 86 61 84 45 46 4 12 62 82 78 51 8 31 97 19 13 41 3 25 54 53 54 33 92 10 14 86 96 54 11 47 5 9 97 79 73 45 99 67 11 83 38 82 42 42 7 33 32 80 48 29 28 58
