20 200 17435 24.80
71 26 27 54 81 54 61 91 82 11 29 3 49 74 65 16 28 33 55 86 83 68 53 78 22 72 46 83 84 39 18 65 40 36 92 34 97 62 99 87 8 46 17 46 74 91 95 7 60 79 28 6 4 57 76 57 19 41 20 10 81 66 34 46 26 6 69 56 28 43 30 68 55 17 64 9 55 18 61 54 53 9 78 90 10 45 48 13 97 99 10 88 81 92 70 38 25 42 16 96 12 38 9 26 45 7 79 1 88 79 64 74 54 32 27 65 81 19 16 39 34 75 70 45 95 75 96 11 16 41 25 91 54 95 73 11 65 2 88 25 40 21 73 59 53 96 37 65 88 55 96 47 50 53 97 1 45 18 79 92 57 10 98 84 89 54 29 91 87 76 20 94 67 88 54 59 41 39 3 14 61 5 90 96 18 52 43 4 60 59 11 15 51 38 84 59 59 71 95 86
80 61 57 58 3 59 82 53 34 71 8 80 73 16 71 13 62 75 51 53 59 95 11 38 89 58 44 34 7 11 24 73 69 1 5 55 41 87 53 41 4 58 80 85 25 33 54 91 36 47 88 57 41 47 35 18 41 98 6 30 3 75 37 92 93 67 14 27 1 10 55 90 76 17 71 87 46 79 8 74 26 28 72 53 93 91 10 35 15 27 5 32 86 71 22 26 77 83 66 52 60 21 33 31 11 31 21 89 92 46 29 45 52 31 57 53 39 87 14 92 57 29 44 39 88 28 44 76 5 54 73 88 94 33 68 46 54 91 2 56 13 75 1 57 41 32 1 80 10 18 38 52 39 38 66 71 34 80 53 36 11 17 20 31 65 49 43 6 45 19 33 83 88 76 84 30 72 61 15 78 2 45 49 89 73 39 78 41 52 56 53 20 75 5 52 51 48 79 85 53
18 38 15 43 49 53 94 24 33 90 31 69 59 81 47 6 18 33 20 82 63 94 94 90 56 34 7 62 70 71 88 9 15 20 66 67 7 5 19 49 44 96 16 84 60 22 55 83 76 93 47 68 12 76 99 91 74 1 49 58 22 49 75 35 91 21 40 14 63 71 71 77 18 81 20 58 5 83 64 51 76 48 93 62 16 21 66 11 49 35 27 77 96 7 46 93 89 32 1 98 32 10 49 13 45 35 87 36 3 12 74 4 20 12 26 70 35 37 18 81 62 20 89 86 87 33 82 47 10 95 35 39 89 91 31 68 22 64 1 29 97 7 33 39 78 85 73 13 80 32 57 13 61 24 26 89 8 20 81 15 55 85 66 41 16 80 77 69 94 7 56 90 81 89 25 67 93 10 22 29 34 34 28 55 28 47 54 12 65 54 27 76 22 87 48 5 73 3 22 82
88 41 96 29 99 92 61 99 4 95 19 25 72 26 91 59 80 4 80 68 40 57 88 87 32 62 6 27 29 37 70 47 38 4 69 27 48 48 44 87 24 33 79 46 6 17 83 93 58 87 9 93 29 34 97 72 71 24 64 44 36 37 88 27 10 26 64 26 17 94 46 68 23 35 31 29 15 80 57 18 8 60 12 1 61 45 69 78 50 16 39 12 49 98 66 48 19 45 60 95 41 78 80 88 62 25 12 61 2 84 50 16 7 97 4 69 38 40 69 91 86 73 8 73 11 49 20 11 64 78 39 98 50 52 54 71 85 49 81 54 10 83 13 43 27 37 39 89 57 68 86 24 71 77 87 61 37 25 64 51 97 15 33 68 17 2 97 10 85 16 78 92 97 62 28 73 52 56 35 98 92 77 97 31 35 77 42 29 62 26 7 76 10 5 76 76 86 51 14 68
53 74 41 78 12 83 23 93 1 18 1 39 82 96 37 91 47 44 66 36 88 50 2 17 74 79 2 23 89 56 89 72 37 77 15 79 11 57 58 52 80 72 90 65 96 74 34 68 22 14 20 39 52 56 76 18 98 82 48 34 32 96 36 78 31 9 17 6 2 49 87 48 11 92 51 97 4 91 28 47 36 88 28 18 69 93 76 92 60 68 49 7 66 32 78 51 23 87 23 68 7 11 94 89 36 34 24 21 31 24 53 95 80 67 62 7 22 81 67 39 80 13 76 45 36 51 91 57 67 93 43 3 63 46 55 94 98 24 45 55 58 67 18 3 39 50 19 65 75 87 51 86 56 6 34 54 38 30 92 83 49 2 2 67 40 66 14 4 25 54 70 51 64 89 2 35 51 28 4 96 61 43 4 78 61 75 91 52 75 13 74 43 46 99 12 28 20 25 89 36
27 52 98 74 72 88 15 92 27 50 15 90 13 93 34 91 72 1 63 17 66 38 77 92 42 36 52 59 68 78 31 88 93 22 49 74 48 79 98 66 87 16 32 46 20 80 37 59 54 84 44 96 40 87 83 11 85 93 4 98 38 70 28 62 20 97 22 19 27 33 70 78 11 11 39 92 51 22 3 31 76 94 45 14 91 27 14 16 59 62 54 25 92 76 57 14 59 37 40 81 29 33 52 36 62 52 55 7 15 19 8 15 63 54 6 80 2 76 5 47 87 29 66 17 31 14 79 30 34 84 62 6 51 65 24 2 24 1 10 88 88 64 73 26 58 56 60 10 48 53 74 85 67 57 84 66 4 88 73 22 33 19 31 90 39 70 21 46 27 9 60 98 91 54 28 53 51 2 55 30 43 97 6 99 90 82 20 40 36 17 9 14 86 8 27 50 72 60 59 17
29 94 17 68 88 86 19 55 30 7 15 68 49 33 74 78 83 29 49 74 70 8 70 67 57 86 13 91 24 44 63 36 19 99 28 36 46 74 90 4 88 58 49 89 49 59 54 45 48 8 64 31 84 19 32 57 36 23 86 24 35 65 94 68 65 73 20 54 48 41 53 21 26 57 50 46 72 83 63 80 68 35 27 38 45 63 30 77 41 10 55 17 17 49 25 42 5 32 2 75 35 62 17 17 56 21 33 3 64 16 45 19 13 1 12 48 56 43 81 15 83 82 19 46 65 66 12 73 23 64 62 62 33 91 7 31 24 86 84 36 17 29 15 11 28 25 14 71 87 29 68 82 77 6 30 70 60 57 31 48 48 3 76 41 68 49 35 86 67 14 38 45 46 91 30 12 59 68 19 26 86 3 9 76 4 99 98 84 73 97 13 4 83 42 6 73 88 26 69 74
47 10 61 74 92 53 25 24 16 40 43 78 37 69 25 15 81 3 96 79 69 50 96 32 76 41 85 47 7 70 84 28 24 99 93 66 6 83 88 98 45 51 95 21 96 36 37 8 24 14 15 57 21 40 86 74 83 38 14 2 21 78 88 57 70 80 95 22 85 36 6 12 43 55 26 40 63 48 21 99 52 21 51 23 75 21 52 97 53 49 80 71 20 65 21 78 12 65 31 10 78 49 49 8 9 25 76 93 15 48 9 55 91 91 33 60 7 57 54 78 46 43 4 74 20 4 25 66 13 14 86 85 35 67 70 85 83 98 20 27 36 79 48 1 10 39 43 24 56 63 88 28 58 95 90 18 87 73 44 3 87 85 64 49 73 75 41 84 74 89 60 81 51 87 36 32 29 20 52 38 47 88 44 53 25 75 25 21 56 33 16 77 29 26 8 19 53 70 32 79
12 35 26 74 94 67 62 51 68 35 5 58 31 73 46 17 45 62 33 11 58 50 35 98 76 69 50 66 13 31 78 75 47 50 2 28 85 8 81 68 4 75 34 82 59 42 98 82 90 6 39 84 36 8 87 38 39 11 54 57 74 51 91 65 86 54 86 5 63 91 83 84 20 69 19 1 53 66 92 51 61 97 73 56 79 39 36 62 87 46 98 72 48 31 2 21 11 67 67 95 82 63 63 30 91 2 55 61 32 78 23 43 22 11 35 33 26 8 17 80 56 72 46 12 43 33 88 40 54 43 45 59 1 98 30 77 22 72 50 60 46 42 36 31 58 72 65 13 85 24 55 11 30 45 27 34 58 68 33 49 98 99 15 80 2 44 36 9 57 75 4 97 1 66 94 70 34 80 89 42 8 11 54 40 74 54 64 36 66 12 21 61 68 82 10 56 24 34 73 11
74 56 93 29 20 34 27 90 50 91 34 21 56 60 68 80 33 93 79 58 26 73 91 83 88 67 30 27 78 42 40 39 70 44 9 79 91 79 58 68 95 86 32 17 54 6 1 30 85 35 98 47 44 76 62 84 5 63 62 97 35 74 70 84 97 14 94 52 67 67 58 39 30 63 93 52 6 3 50 13 16 34 68 89 30 84 71 86 69 88 46 68 42 77 40 22 25 64 68 20 5 35 40 11 18 17 69 17 42 5 13 29 72 52 51 22 30 96 2 39 22 22 64 10 24 12 1 81 41 18 87 34 99 35 32 30 47 44 64 54 53 77 13 80 80 22 27 40 44 56 2 88 80 66 68 15 71 12 40 2 25 47 3 44 82 46 44 30 63 73 20 28 32 7 82 50 24 13 81 47 38 7 54 36 28 34 21 44 40 59 71 86 5 28 54 47 69 2 40 58
61 79 9 64 54 7 2 68 76 56 15 13 51 10 91 74 97 76 29 74 38 1 38 53 2 42 64 42 36 37 60 90 13 51 75 63 98 65 52 31 5 99 55 18 30 68 86 88 64 87 78 17 95 4 36 53 11 52 58 26 93 48 1 47 43 94 66 82 85 83 63 68 79 44 2 19 4 59 88 78 28 28 94 19 49 81 88 53 4 37 96 74 36 68 5 29 83 81 51 46 86 54 76 83 70 25 78 74 52 17 2 83 62 8 98 66 89 84 13 80 48 98 99 43 96 36 95 45 56 70 68 77 16 61 35 59 23 71 69 47 77 74 55 94 88 67 34 1 38 58 6 25 12 37 47 39 15 81 88 53 84 34 66 26 32 6 62 29 48 51 2 22 66 47 30 94 35 58 16 25 32 16 9 39 38 7 98 95 21 19 70 57 76 3 23 69 40 96 28 74
17 10 46 37 53 45 37 57 53 98 34 96 39 55 40 58 12 62 20 15 4 49 59 47 50 52 77 42 38 79 51 39 87 47 13 5 54 22 90 36 94 33 94 91 81 35 51 74 36 44 88 55 67 89 63 22 9 36 34 15 65 85 8 83 5 80 26 44 42 44 10 15 54 8 22 24 34 58 76 78 25 49 48 98 2 68 94 74 22 37 92 72 88 1 79 87 18 60 15 2 24 98 75 82 78 54 41 47 98 39 71 83 40 58 79 10 74 15 69 99 29 70 54 13 97 11 82 8 22 5 68 78 25 76 66 39 97 31 63 14 32 86 44 75 23 16 98 17 30 90 75 26 32 89 8 18 42 64 84 30 76 69 36 76 19 39 61 32 85 3 32 56 36 23 55 24 48 62 47 75 78 10 32 6 13 48 13 67 99 48 48 64 12 34 77 81 91 66 4 15
22 37 19 49 28 82 51 44 98 83 82 68 54 96 33 93 93 44 22 94 28 60 10 26 33 4 11 48 42 46 51 57 87 86 92 23 32 31 78 60 22 94 6 90 33 46 74 58 71 55 72 35 50 13 25 99 98 72 92 29 56 11 45 11 2 65 32 49 43 13 44 94 23 91 11 51 37 83 66 58 68 78 86 80 39 59 98 36 40 59 62 74 65 8 12 86 88 57 35 40 91 6 62 29 75 47 97 98 68 48 24 40 60 23 16 89 45 61 56 14 55 62 47 22 36 56 81 53 92 13 85 7 73 45 12 29 90 50 56 30 48 95 42 64 21 26 67 80 25 3 16 1 82 3 52 2 82 23 14 71 95 84 30 34 20 88 26 9 15 96 55 61 5 14 56 15 99 83 49 8 20 35 63 95 28 56 70 50 65 48 25 40 41 17 12 43 59 29 62 94
70 16 18 50 85 97 64 35 62 35 7 68 26 58 92 87 43 9 59 62 38 45 65 29 23 95 47 65 99 90 24 80 97 5 69 75 23 93 11 48 89 73 71 66 78 81 68 57 52 4 82 1 50 1 64 62 75 32 21 53 78 66 33 11 37 9 14 35 55 33 66 65 26 72 28 95 28 49 22 48 96 65 61 11 73 98 62 58 4 98 90 32 79 45 50 75 63 55 65 65 38 24 45 83 27 82 94 59 7 47 26 65 88 93 25 3 31 95 22 90 83 81 36 63 76 40 39 51 82 79 45 92 58 64 55 26 92 80 43 58 34 47 21 26 88 64 98 9 21 42 10 71 53 47 13 96 1 69 10 73 82 49 82 43 39 44 15 5 60 32 96 13 63 1 21 64 20 64 7 2 78 25 46 60 95 79 33 50 36 74 43 16 80 97 42 11 25 30 18 62
4 25 33 43 2 93 8 35 87 68 37 58 89 80 65 71 58 70 95 30 98 34 32 51 7 65 86 8 86 11 47 43 97 57 81 48 39 4 29 66 70 50 79 27 57 96 19 16 96 84 18 12 3 66 19 36 88 18 28 39 24 63 37 94 44 18 71 65 66 73 33 76 16 22 95 41 60 85 20 82 35 66 92 12 47 20 5 83 47 80 3 96 40 79 56 75 28 75 12 8 62 66 33 84 8 30 3 42 71 8 21 13 73 42 27 83 11 33 2 35 41 68 66 64 79 75 98 23 85 52 73 45 80 86 12 71 18 51 99 1 76 25 52 83 74 71 36 84 75 69 95 2 32 84 60 43 89 13 76 84 83 61 46 91 4 98 32 8 27 22 11 95 42 7 17 51 28 18 6 68 45 6 98 83 36 7 13 3 87 12 70 63 70 23 44 82 54 59 46 30
19 25 49 72 46 58 51 47 97 60 92 95 91 23 48 85 91 8 27 69 94 35 55 93 53 66 47 9 97 87 28 17 82 63 78 43 14 97 82 94 71 73 22 27 43 40 89 36 72 45 57 72 34 27 2 29 45 66 40 9 46 58 28 66 20 8 93 14 27 5 11 58 43 79 75 16 99 61 7 69 41 18 20 58 59 95 63 76 16 44 87 7 40 57 75 18 8 84 69 25 88 34 86 64 77 91 15 11 33 6 46 39 68 23 31 36 27 34 81 34 19 87 46 32 50 36 34 22 28 84 23 7 39 16 52 54 87 42 46 43 46 13 14 96 83 14 72 77 19 93 39 34 53 76 99 13 98 47 9 48 13 34 41 94 52 59 95 31 58 75 80 73 58 51 55 81 37 80 25 39 96 7 83 88 48 56 72 34 14 7 1 9 81 13 4 92 16 95 31 69
57 66 61 28 85 54 95 54 72 21 8 45 2 69 78 99 90 55 82 35 75 17 68 57 86 28 33 24 90 83 2 43 99 35 79 69 81 24 49 26 83 98 47 62 28 24 75 55 71 31 55 44 14 96 53 33 64 69 68 38 11 81 96 5 15 29 42 60 76 5 58 42 58 84 28 21 35 11 17 75 67 39 98 7 53 3 13 60 28 19 53 22 55 93 96 29 71 25 50 42 20 62 95 11 94 37 28 88 80 4 55 60 1 1 4 35 71 16 80 51 57 63 42 76 4 58 94 13 50 35 41 17 33 12 46 19 50 48 26 10 48 70 81 82 73 93 10 18 24 17 68 69 46 88 45 84 50 56 80 40 51 23 84 56 55 89 60 70 66 57 13 14 95 16 72 73 46 89 12 85 33 78 14 16 19 28 59 14 38 29 5 37 2 38 54 23 30 15 26 35
45 12 15 68 79 55 25 60 88 42 37 31 20 90 41 7 35 83 80 68 15 97 86 23 32 24 66 69 77 84 62 17 68 58 38 60 29 97 50 47 9 13 51 78 12 58 8 50 86 50 28 68 68 21 25 66 61 52 57 66 35 26 88 93 41 52 95 23 36 32 17 73 75 40 58 19 29 87 37 8 62 16 53 97 56 98 56 19 45 42 74 17 81 94 63 24 63 31 91 41 9 23 53 96 40 41 12 44 73 91 99 17 38 12 36 39 63 31 4 16 65 27 54 48 37 70 20 26 20 86 87 23 75 16 64 25 1 39 40 81 39 80 13 11 81 85 25 72 54 55 10 16 22 98 63 89 48 59 77 88 88 90 99 79 52 62 76 76 1 9 12 21 81 90 62 78 34 25 18 85 8 3 19 61 7 93 55 68 2 12 29 78 72 29 76 21 3 49 2 68
37 81 28 95 83 28 91 73 27 47 97 54 38 50 84 37 66 94 43 62 98 15 25 72 45 91 6 53 27 30 70 92 21 42 29 72 90 90 20 79 22 80 20 96 13 49 3 71 69 44 23 77 49 86 17 65 11 44 80 49 84 32 78 6 8 16 34 68 62 78 71 98 43 35 77 40 43 37 78 11 66 35 36 25 44 76 24 19 52 7 55 1 61 42 87 72 36 42 67 56 1 48 82 45 87 20 80 56 93 40 17 82 15 54 67 58 46 13 61 87 79 84 24 57 99 92 20 54 19 70 76 91 79 17 67 68 20 84 26 70 69 64 8 92 82 32 81 50 24 85 78 66 90 52 14 13 22 52 88 1 78 29 60 71 16 32 77 70 32 22 2 68 63 54 96 20 7 86 56 26 40 95 31 48 54 16 59 49 1 46 94 55 46 25 17 72 14 78 28 62
75 95 19 31 70 84 60 14 44 47 1 70 56 86 92 97 83 7 15 79 28 34 84 31 55 78 89 53 41 22 65 11 15 49 47 31 74 1 93 25 39 25 85 69 80 73 59 43 11 79 16 41 11 42 5 79 38 8 23 59 50 56 71 58 4 3 92 6 41 66 26 86 27 86 53 98 43 47 13 92 12 65 49 7 22 17 5 73 10 93 56 50 28 8 23 84 89 14 52 63 52 33 40 39 98 53 23 67 24 38 11 17 2 60 31 77 26 98 34 34 58 81 38 69 70 52 82 26 48 35 67 56 87 83 44 31 82 72 22 87 84 5 40 85 66 5 41 13 79 23 85 18 64 96 8 57 83 31 2 60 19 85 91 36 1 29 26 19 31 70 5 71 72 52 55 51 35 20 43 46 55 52 32 84 90 69 68 11 60 54 56 39 53 56 30 40 92 21 40 79
