10 20 1922 0.60
21 21 44 94 99 28 94 83 31 58 66 97 21 37 61 4 22 58 6 58
34 34 41 43 49 76 76 72 54 64 42 70 3 88 98 61 15 27 79 64
7 7 87 36 36 32 23 48 46 32 26 7 52 7 60 13 34 56 85 32
76 76 48 78 85 98 19 55 79 29 77 95 88 24 26 58 10 26 90 29
70 70 11 58 58 82 23 31 16 99 30 68 66 5 41 57 39 12 5 99
57 57 19 86 24 53 53 3 51 65 40 54 11 79 36 97 74 54 56 65
27 27 96 13 84 22 93 67 49 50 60 43 8 37 82 72 91 88 11 50
95 95 61 5 4 51 69 80 6 84 75 57 18 38 90 28 28 25 4 84
56 56 83 64 96 10 58 86 76 62 74 84 15 18 99 49 48 91 14 62
95 95 66 91 71 79 42 62 76 9 67 70 84 98 26 30 4 8 3 9
