20 200 17376 24.85
40 63 65 18 67 15 56 64 75 65 69 68 70 89 45 34 42 94 60 56 32 42 93 25 65 94 51 91 85 5 17 2 3 79 18 13 18 46 48 73 7 39 1 82 98 7 79 76 67 71 97 82 56 16 78 95 60 39 43 46 90 16 28 20 35 96 36 73 8 56 5 9 53 22 68 93 91 40 7 35 64 6 13 90 38 57 31 16 95 59 59 4 86 91 75 40 35 23 18 94 86 90 86 23 3 42 33 30 32 86 18 90 73 4 43 37 48 24 68 69 96 13 34 35 27 54 70 10 54 89 11 55 61 24 7 42 75 91 14 97 90 6 97 49 92 63 11 66 14 67 70 46 91 57 77 70 51 5 16 54 40 25 73 78 57 71 14 49 52 94 9 12 74 20 85 31 29 70 38 63 49 1 59 83 71 31 90 38 9 32 11 14 23 39 69 20 8 47 46 56
14 11 5 90 63 89 34 33 96 98 7 18 1 86 60 10 32 80 51 76 81 94 79 57 92 3 47 14 12 26 78 42 89 82 70 82 39 47 59 17 25 68 34 90 33 20 52 32 43 15 74 73 61 86 27 7 49 67 70 62 30 2 66 48 91 77 16 24 55 83 59 95 71 87 60 71 67 10 61 47 36 80 24 86 74 43 67 93 63 46 65 84 58 8 45 47 23 87 6 84 41 50 7 23 83 44 20 25 17 45 2 18 27 89 96 79 91 41 10 98 42 25 95 9 57 40 60 93 21 3 36 66 23 14 58 72 30 95 73 17 36 29 56 83 64 79 73 68 94 26 72 18 98 22 22 68 74 37 64 82 5 97 15 45 51 38 94 66 91 29 9 93 97 3 50 60 69 68 16 20 60 76 63 70 57 5 19 67 91 86 32 66 66 26 10 45 84 76 26 76
88 93 9 48 91 29 90 34 54 51 74 49 2 28 30 55 89 98 21 59 90 38 25 56 45 63 76 82 69 79 70 58 76 26 43 96 36 66 10 59 93 51 9 99 5 22 83 32 61 66 51 95 63 75 75 26 5 96 33 64 30 50 2 35 93 24 99 67 5 32 75 43 91 4 49 12 86 81 73 97 16 52 65 86 39 26 84 37 26 99 32 96 40 71 34 50 52 35 47 97 10 12 56 65 48 25 40 73 61 64 85 74 24 91 50 57 54 34 97 22 83 76 13 22 20 91 93 16 97 14 8 67 66 52 75 70 66 79 17 85 59 87 9 45 68 36 3 55 37 86 53 24 23 12 61 8 5 47 97 4 65 74 86 65 55 89 16 66 46 57 39 34 8 89 25 14 45 8 17 65 14 21 26 33 3 58 83 34 24 38 45 89 19 55 17 26 56 75 46 59
7 90 55 46 5 31 31 5 29 55 21 57 70 99 39 12 9 19 85 99 89 63 80 95 27 55 77 34 79 41 38 11 6 69 25 76 71 90 96 26 38 99 72 22 92 72 15 22 91 83 56 60 26 44 63 40 49 5 94 36 84 75 5 94 66 74 28 73 21 69 77 4 17 72 69 58 82 12 85 8 71 58 62 93 71 93 38 90 71 23 84 98 55 64 37 9 44 21 10 28 64 16 31 45 85 31 87 56 20 47 84 12 25 62 37 77 63 88 96 79 57 58 4 66 55 84 38 87 2 96 27 67 70 26 71 84 76 85 16 87 48 60 68 63 86 62 68 74 10 35 64 75 4 38 51 65 64 21 97 8 58 48 41 53 21 35 45 77 27 68 67 46 91 64 91 71 21 65 59 51 41 1 20 17 1 63 73 63 89 3 52 59 61 91 44 10 25 51 16 99
58 51 92 7 3 56 33 70 42 90 64 67 89 88 60 22 20 87 95 78 54 4 30 6 23 41 28 24 10 29 27 89 66 98 21 93 55 77 66 10 12 83 5 32 65 9 84 79 15 8 19 4 87 21 39 98 87 64 44 93 21 40 46 53 67 15 69 50 14 99 1 4 36 86 64 81 73 11 6 68 95 62 24 49 85 27 24 72 81 51 93 68 15 59 9 27 24 6 94 69 64 9 53 7 37 69 59 21 53 30 69 63 52 94 75 49 40 59 46 60 50 24 3 60 94 20 28 59 69 89 86 50 33 53 50 58 68 33 90 83 61 74 52 96 80 70 95 94 75 49 86 15 23 52 4 9 54 83 7 10 74 38 58 89 60 64 6 3 37 23 25 2 11 14 95 19 4 9 19 73 2 79 57 18 97 25 8 6 39 47 75 12 9 60 57 67 10 5 9 78
27 2 38 30 42 40 38 35 90 43 32 71 68 47 40 77 39 52 63 40 99 32 77 27 61 58 27 67 45 80 9 48 93 88 21 19 11 41 78 10 71 87 48 90 21 41 18 89 85 43 17 18 8 18 94 1 69 67 8 36 10 62 3 46 6 71 8 91 57 21 72 35 66 54 40 12 7 99 7 26 52 39 56 98 22 15 45 81 60 83 59 19 14 50 56 47 62 3 2 10 86 80 5 94 90 99 42 35 91 95 33 56 20 54 49 64 15 55 77 6 55 45 58 89 76 36 97 9 11 87 46 3 50 7 97 89 75 25 98 60 87 60 56 3 47 37 62 47 77 10 20 79 14 52 25 44 53 37 24 60 58 59 92 57 58 70 80 19 44 63 36 5 28 23 19 3 96 44 12 89 42 29 63 55 52 87 5 46 14 21 91 9 73 82 44 49 17 37 53 40
72 5 10 20 5 73 42 84 96 92 81 44 47 52 70 55 94 72 13 9 97 41 24 53 27 43 83 90 76 64 97 70 49 31 2 16 70 27 77 79 97 4 19 18 45 45 34 30 61 44 33 46 89 74 88 79 50 15 63 34 53 6 35 14 22 46 32 33 69 28 54 24 19 14 43 17 49 29 63 41 23 87 82 51 43 33 69 63 57 79 85 58 59 32 69 7 94 80 30 35 4 65 59 27 7 60 36 56 99 82 16 10 32 92 46 66 99 53 20 64 68 16 34 48 7 62 27 34 17 59 46 86 20 94 73 48 96 14 58 66 60 34 46 23 91 12 92 87 91 39 38 6 48 20 15 51 82 87 74 74 40 31 15 91 95 66 80 8 90 59 60 19 60 8 45 35 11 51 16 31 40 97 94 26 33 74 62 75 99 73 10 77 44 64 21 7 98 17 64 9
25 44 32 94 6 3 95 31 96 62 17 59 51 33 30 73 97 10 77 77 43 55 49 61 81 62 25 36 32 87 95 66 16 78 58 2 82 76 59 80 3 43 19 10 34 31 18 34 92 95 21 11 40 82 69 19 56 20 15 23 50 48 46 4 81 90 65 13 86 56 24 82 33 49 90 58 49 72 22 12 28 82 70 23 30 52 98 94 7 52 33 76 39 10 77 5 28 91 16 52 6 75 96 90 29 80 81 61 50 76 80 28 87 61 24 74 66 53 26 17 80 17 12 74 69 17 54 56 47 95 5 28 81 86 97 82 98 59 72 17 97 81 70 22 69 37 97 11 91 18 39 59 87 62 50 7 48 61 36 83 24 29 60 91 16 78 39 38 30 57 12 59 53 81 15 2 34 7 51 15 51 98 65 32 41 58 73 83 70 65 44 43 24 90 33 50 67 61 46 77
15 43 62 55 59 44 12 30 35 81 7 31 49 46 39 89 32 95 81 30 88 62 38 67 30 82 10 97 33 94 59 93 67 2 37 33 98 19 39 37 21 22 99 93 6 49 62 81 21 31 55 17 14 43 66 74 73 54 70 36 44 93 92 86 12 7 26 27 6 27 76 28 4 62 93 60 97 93 22 99 30 76 73 75 34 65 99 16 86 60 96 75 59 6 75 26 70 86 97 62 99 4 92 91 7 73 17 39 34 61 93 53 74 52 4 56 23 89 60 3 68 38 61 69 85 65 17 28 17 2 96 34 35 30 42 53 65 98 46 38 93 91 13 68 31 76 39 7 62 25 71 32 19 4 58 23 54 45 67 78 24 59 92 39 33 12 56 88 67 93 94 36 68 66 55 6 36 23 6 31 54 36 42 28 93 16 84 70 19 50 9 46 76 20 75 9 46 52 98 30
78 21 36 72 15 90 56 25 31 32 42 87 18 60 83 93 24 52 36 83 21 53 98 10 79 74 2 11 4 62 22 70 88 38 38 99 32 95 48 9 32 40 24 57 77 36 63 67 31 8 96 33 15 41 81 23 22 5 16 17 39 75 97 57 58 49 9 33 98 49 60 96 52 50 9 46 33 35 98 44 1 34 26 92 91 94 57 33 79 60 95 68 66 27 42 91 71 83 23 30 26 81 19 18 18 81 80 71 89 5 38 86 53 75 85 7 63 49 5 94 74 33 36 10 56 93 20 3 22 75 44 13 27 79 50 47 50 40 97 16 71 50 28 71 94 5 46 60 6 73 8 27 80 19 82 54 50 9 1 25 91 15 10 78 35 62 91 73 38 85 30 47 8 86 54 70 60 54 60 71 23 22 75 63 30 25 50 16 67 14 29 4 31 15 16 96 14 5 41 83
93 79 80 90 58 94 88 50 65 89 65 51 14 18 43 45 63 81 92 84 66 53 71 29 14 44 7 62 60 82 31 59 62 85 21 17 69 83 39 37 58 46 39 87 43 13 13 47 51 26 74 62 35 3 35 90 2 38 63 41 4 30 32 27 9 3 75 20 52 38 40 80 28 60 78 35 29 10 96 60 12 71 27 65 32 51 22 91 85 69 3 15 65 1 91 56 55 18 37 95 13 18 27 10 82 89 33 30 71 93 18 36 94 9 44 54 99 25 33 52 45 36 63 33 26 48 80 46 73 66 95 4 35 9 7 36 49 32 48 22 51 81 55 9 56 90 26 47 24 92 6 20 67 59 50 42 71 54 8 38 98 5 47 87 85 13 32 54 26 2 49 67 37 48 66 29 29 42 47 59 94 89 35 75 45 72 62 26 25 79 62 22 77 45 68 29 1 28 10 84
19 90 93 94 25 76 81 15 64 66 61 18 18 53 70 38 50 19 33 4 20 77 38 24 38 80 80 70 87 53 44 85 79 52 59 46 18 3 95 89 42 27 76 74 66 64 98 65 7 94 75 54 54 78 45 76 19 33 63 54 63 82 96 97 1 35 46 16 63 62 8 89 7 35 73 12 10 71 55 98 71 24 28 39 27 62 86 39 85 13 70 76 41 71 49 64 49 11 8 56 42 15 1 32 33 59 5 23 16 23 29 87 48 9 2 49 53 89 34 74 23 72 69 52 97 63 63 19 81 91 94 4 81 16 28 69 55 88 95 60 13 10 28 92 21 98 67 77 32 44 86 70 69 18 38 2 9 62 78 47 44 72 12 62 83 13 84 35 47 54 30 55 21 31 62 3 19 2 58 67 14 81 86 92 57 52 32 37 22 43 6 85 15 1 62 57 5 95 74 4
95 33 46 61 76 74 53 57 57 70 40 42 38 59 7 7 3 54 55 82 86 19 17 23 1 82 65 68 26 40 60 52 23 3 11 88 93 85 75 38 9 77 58 62 75 97 55 33 48 24 85 15 22 10 93 11 44 65 37 47 31 26 24 67 31 26 67 61 35 35 89 46 9 29 75 56 97 21 67 78 88 18 37 63 63 92 4 85 27 6 75 45 32 69 74 57 45 20 73 51 84 52 20 52 72 45 97 30 41 40 36 5 36 88 32 69 35 27 38 70 25 87 76 26 65 25 19 20 64 76 43 24 84 47 93 15 20 84 39 16 30 26 86 95 52 3 33 34 99 1 78 35 96 61 30 59 60 44 20 73 66 27 33 54 34 21 39 28 66 56 22 43 63 71 48 41 47 59 23 4 56 34 5 40 67 64 24 89 20 75 50 37 27 8 43 60 37 28 92 82
92 27 86 70 34 34 61 51 50 95 49 66 34 20 65 83 71 34 43 8 11 86 63 52 41 45 88 43 86 3 50 32 91 62 27 65 17 43 8 96 63 9 33 14 97 79 86 59 83 55 41 51 69 46 37 86 27 45 98 15 57 7 29 4 95 48 35 40 8 43 71 85 40 72 89 21 71 85 49 84 47 83 47 35 90 35 37 47 53 30 51 30 69 11 46 68 16 82 73 20 90 81 33 82 9 69 20 93 41 75 26 17 26 38 8 71 20 68 43 21 56 21 2 45 80 13 14 62 87 80 45 36 57 99 47 23 40 17 51 1 33 31 21 27 29 98 57 94 13 93 15 75 62 39 94 46 52 67 92 30 1 66 11 42 78 99 22 9 10 51 3 71 33 96 76 30 66 46 86 63 68 89 28 71 69 47 81 1 11 5 79 13 76 13 45 94 9 23 41 8
66 13 73 14 45 68 91 99 88 86 94 57 20 96 99 78 60 50 20 80 71 41 93 23 85 40 95 55 14 46 73 49 35 64 36 11 90 77 50 10 95 71 95 7 99 95 86 36 44 26 55 59 9 95 41 77 57 54 98 16 35 50 67 59 14 93 8 81 84 23 82 24 78 23 47 57 75 15 92 83 62 28 51 77 67 26 49 26 72 66 2 53 41 62 41 70 27 27 81 77 86 35 75 61 82 80 87 27 57 62 37 64 98 41 88 34 63 2 83 52 18 56 92 67 31 37 90 17 58 33 46 45 86 81 98 64 39 99 8 45 41 72 55 78 5 58 52 3 95 26 52 28 65 14 3 64 67 19 43 35 48 21 82 17 2 24 78 73 20 99 73 24 94 31 56 9 15 64 23 29 51 78 10 39 34 19 47 99 45 23 80 73 11 1 72 46 32 37 11 80
76 93 41 98 73 31 5 27 19 33 74 64 54 87 94 6 61 52 27 85 39 81 55 69 9 40 4 43 53 21 94 66 38 51 57 1 80 47 50 84 73 98 52 57 59 51 81 90 79 68 35 31 75 59 80 78 71 70 87 20 74 56 40 13 33 73 89 35 68 86 30 38 73 9 78 2 16 7 60 31 84 7 26 16 29 50 58 70 76 94 63 23 44 82 4 63 59 70 91 46 35 65 93 40 70 2 89 78 43 13 12 16 42 40 58 20 62 21 89 63 92 29 79 70 34 88 2 56 87 30 52 51 29 10 91 34 26 42 82 52 22 94 53 9 61 70 66 33 51 47 82 38 22 34 90 44 72 76 79 26 64 34 87 76 83 40 45 72 98 41 41 51 51 11 8 77 6 44 77 87 40 12 39 71 35 69 24 11 97 85 6 68 17 60 86 79 12 89 14 85
32 39 29 84 1 43 22 29 91 35 93 38 41 14 82 36 62 55 12 60 68 81 52 77 97 49 43 24 81 66 39 56 62 53 85 89 36 41 56 98 42 98 33 93 89 28 72 97 15 97 59 70 56 11 93 23 83 35 16 5 58 54 70 20 42 60 19 70 7 26 48 13 81 5 39 87 18 79 92 42 20 66 40 70 43 54 8 11 45 78 74 43 71 58 52 7 55 23 39 43 7 79 9 6 2 4 46 76 62 26 16 53 93 17 94 19 7 5 6 2 3 9 34 97 45 8 70 24 17 51 38 90 99 85 28 43 1 82 80 53 4 1 69 30 62 44 6 61 82 68 53 14 59 34 12 92 71 20 85 35 8 14 9 70 12 57 27 41 66 25 86 38 39 82 42 46 13 92 16 47 23 50 62 30 42 20 55 14 37 54 15 39 50 59 62 77 57 42 20 60
66 12 87 2 96 16 29 80 16 47 71 94 33 42 38 32 38 86 94 56 53 63 98 90 48 13 36 84 89 44 95 83 73 41 25 41 60 33 91 50 17 16 52 98 54 24 10 73 49 64 68 10 29 58 42 1 94 13 10 2 50 65 22 63 30 95 99 15 59 80 20 57 73 56 26 85 99 10 43 35 73 42 44 46 18 19 34 84 14 41 65 87 42 22 81 44 54 37 88 61 90 82 47 72 38 50 64 84 42 49 3 82 23 34 51 19 19 57 90 15 22 76 84 88 85 11 94 60 24 45 7 7 4 30 68 83 65 88 46 24 71 65 3 62 99 16 41 1 26 54 33 5 1 78 49 26 14 42 40 26 9 53 88 91 22 61 85 18 50 22 59 18 43 33 90 95 58 26 44 5 11 79 38 16 5 38 32 8 5 14 94 10 42 8 16 56 25 47 7 56
83 52 80 93 32 51 55 35 80 78 23 42 8 57 85 5 58 38 18 53 83 62 33 37 37 26 65 19 90 94 80 98 21 89 79 64 25 94 30 42 31 12 39 94 44 50 3 10 11 56 64 30 87 78 43 36 84 39 37 98 82 93 17 65 39 88 57 82 40 40 66 61 62 53 49 50 30 77 25 29 96 74 14 93 5 17 70 29 31 84 13 8 89 36 71 60 36 27 44 56 29 7 70 93 64 59 35 53 58 37 69 7 37 13 88 84 3 22 9 94 20 70 78 72 81 75 42 46 18 65 71 87 17 64 99 34 41 20 35 54 3 63 13 82 36 40 68 56 91 45 60 91 26 40 98 19 35 98 45 87 3 37 28 71 76 6 76 70 72 51 39 20 76 7 45 51 65 19 33 23 65 46 63 87 88 51 7 41 57 46 76 76 44 57 2 4 49 79 2 53
82 63 1 14 28 29 86 96 24 36 67 80 84 49 34 27 42 13 42 46 47 64 95 35 94 89 95 38 81 58 86 52 78 70 66 63 64 59 9 48 86 76 1 82 37 91 5 47 70 12 48 98 51 10 16 24 37 6 34 45 32 69 74 13 32 59 13 81 31 65 13 31 50 51 85 28 28 57 16 91 68 74 81 47 63 65 14 79 93 85 77 64 43 13 53 6 81 44 24 47 4 90 50 20 33 98 19 45 41 64 54 45 84 78 46 71 20 62 84 32 42 15 14 98 30 34 38 80 4 21 62 47 93 91 37 29 52 53 69 34 80 72 97 5 54 45 9 71 19 30 57 12 57 68 9 36 78 99 18 13 6 43 60 10 3 40 49 16 97 30 33 23 44 40 16 32 99 36 86 92 26 37 10 34 80 98 65 51 18 56 52 18 59 90 36 17 24 11 94 46
