20 500 42306 140.03
1 75 73 55 53 43 92 84 61 84 28 2 74 99 51 78 76 20 28 21 98 5 54 53 23 35 93 19 16 86 52 2 95 66 81 76 91 35 64 87 4 50 3 47 30 64 77 72 78 58 42 42 72 48 30 17 75 1 67 8 76 23 48 45 34 46 19 31 69 41 32 78 69 87 96 33 37 65 72 92 29 67 50 65 95 29 52 94 44 18 90 22 73 62 77 18 63 10 58 77 31 16 80 56 85 47 24 83 67 81 80 99 48 43 57 96 20 7 24 67 69 66 38 52 91 63 26 76 37 27 84 72 83 3 53 19 28 63 96 70 83 63 43 15 15 37 79 64 89 17 54 18 88 77 20 97 29 77 63 37 5 17 99 94 10 4 46 11 34 98 52 18 67 85 68 28 1 38 67 94 70 72 12 79 94 99 73 11 42 93 19 10 30 8 23 77 35 79 59 99 90 76 53 24 23 4 87 36 2 84 29 47 35 75 63 66 4 99 56 21 18 79 4 92 99 87 36 49 93 48 35 70 95 79 51 99 23 80 12 87 86 91 93 81 69 76 69 67 48 44 68 4 45 12 67 34 27 4 30 48 4 53 85 94 90 63 80 67 83 35 72 5 45 66 20 83 80 38 39 94 55 19 98 82 80 24 55 31 12 67 85 39 19 29 15 19 2 33 49 25 24 85 85 83 68 57 89 66 35 31 68 74 12 51 52 91 92 19 20 8 41 36 33 14 9 19 41 11 88 75 9 70 97 26 37 20 67 4 52 62 97 53 11 4 7 94 13 22 70 52 23 53 58 15 25 69 85 21 96 50 27 96 80 34 25 4 17 82 33 15 98 59 88 42 75 80 6 71 16 73 45 55 71 41 37 47 16 33 37 82 28 27 8 42 51 13 9 35 45 20 26 43 11 33 7 2 67 20 69 21 6 82 63 5 5 20 6 81 59 15 26 66 45 40 68 31 71 14 53 73 26 45 97 2 60 95 78 70 43 57 24 34 44 9 64 22 70 8 3 64 19 46 33 9 80 24 97 87 33 22 38 59 80 96 33 19 95 12 17 14 4 24 25 99 92 38 7 66 15 54 47 24 80 33 68 72 19 76 8 11 66 79 14 4 56 70 49 51 24 21
85 56 37 42 35 45 82 86 68 53 79 8 26 98 70 59 30 39 56 68 45 51 10 80 9 85 43 63 22 80 43 32 35 96 73 58 70 38 94 33 57 76 67 7 33 42 12 5 83 46 56 1 24 35 59 1 71 82 11 6 75 79 48 26 67 32 76 61 10 30 31 33 36 7 51 19 34 66 91 51 37 61 41 7 70 32 84 86 51 29 89 94 83 19 8 87 84 90 44 49 83 63 56 3 87 13 93 20 24 79 15 93 34 5 83 50 14 44 20 78 74 15 76 75 13 33 34 90 20 83 62 65 68 13 24 38 42 54 51 36 88 67 84 63 46 44 3 27 3 41 99 11 2 47 72 41 75 84 72 64 55 26 65 47 53 58 2 7 93 57 7 37 40 75 79 19 94 56 4 74 2 72 8 49 73 13 4 81 83 39 69 39 78 57 40 8 75 72 12 66 32 99 19 37 74 24 64 39 21 98 50 68 5 52 71 27 81 73 80 46 76 12 25 72 91 39 4 13 71 44 45 5 12 14 5 2 22 10 91 50 62 81 11 95 81 47 91 16 27 54 58 63 69 90 64 94 48 53 84 41 50 33 90 3 91 37 70 94 24 81 36 92 47 84 7 26 84 44 45 71 48 94 87 74 57 93 52 87 50 43 2 46 46 67 29 17 21 15 5 58 31 87 1 18 89 14 62 32 3 85 44 52 65 68 50 76 16 64 63 45 63 66 82 82 37 12 19 90 96 50 7 58 80 16 98 51 78 20 41 9 90 47 74 56 33 63 57 80 33 71 45 48 36 26 64 10 29 19 53 2 95 62 86 59 26 28 66 46 86 92 34 52 57 29 51 49 61 47 96 69 84 97 28 32 7 34 99 23 94 21 8 38 33 56 41 3 31 19 2 12 16 37 46 35 12 24 67 89 50 16 21 65 75 74 16 66 86 81 82 63 8 98 89 81 11 54 10 63 91 74 99 99 30 59 77 46 44 77 80 30 38 42 59 61 26 67 10 3 27 63 7 42 61 66 82 86 93 38 99 20 9 33 33 10 71 22 31 41 82 81 26 83 43 2 17 35 29 48 34 26 35 46 75 51 44 78 7 76 72 23 43 26 42 63 39 17 57 46 55 68
44 19 73 8 12 46 12 86 49 14 3 40 5 22 69 26 10 3 7 93 81 94 57 70 18 75 84 43 13 73 65 36 30 58 90 94 51 94 19 37 75 31 30 39 69 95 39 57 36 96 36 71 9 83 81 75 75 54 34 74 65 17 38 81 34 59 85 53 72 51 87 38 60 94 58 90 75 66 94 90 32 18 26 89 37 99 3 13 27 97 57 65 32 79 7 34 94 68 12 57 30 13 55 35 41 92 57 4 83 65 75 62 58 95 12 93 40 18 78 71 43 99 42 35 20 1 66 58 92 82 28 25 42 46 31 44 88 16 8 73 68 77 12 51 30 60 18 63 28 99 56 80 1 26 77 43 61 76 27 77 36 42 32 84 30 40 13 29 78 77 29 63 73 19 54 16 23 41 86 86 37 46 69 47 76 99 93 74 74 74 58 13 38 89 61 64 98 3 72 64 4 61 2 41 49 58 33 50 67 31 93 89 7 26 64 22 56 1 7 54 10 84 96 71 47 36 25 20 36 58 46 9 5 82 46 81 9 70 41 95 23 93 55 46 78 98 68 18 17 83 73 72 85 78 35 31 99 92 35 24 16 76 41 6 70 54 13 15 93 8 37 55 32 4 73 84 46 87 4 84 20 65 91 30 11 60 73 71 53 63 18 84 66 58 27 21 67 65 15 47 32 29 84 30 58 49 49 18 49 8 98 81 54 31 20 45 66 83 52 54 68 83 58 18 1 51 1 98 49 65 52 37 51 82 23 34 77 92 66 78 34 92 99 85 66 7 72 95 24 20 55 17 34 81 14 39 80 7 3 3 60 33 75 22 41 31 50 91 69 67 53 26 72 53 94 11 91 63 1 92 27 68 1 91 43 18 76 23 73 47 97 28 20 44 94 37 80 30 73 82 62 62 16 11 66 53 74 40 74 1 25 45 71 10 58 56 3 68 87 33 21 43 23 75 76 94 7 51 61 25 99 10 5 65 96 99 59 52 3 9 15 15 63 99 62 24 18 27 22 79 4 39 96 55 92 49 35 67 5 7 29 54 44 16 25 75 52 48 43 23 71 89 95 28 67 38 2 30 88 63 35 74 63 13 2 19 8 88 5 30 19 3 93 56 90 67 16 67 30 93
58 26 40 1 62 72 55 86 30 31 59 78 69 13 37 46 73 22 66 93 57 81 73 79 16 97 12 97 82 8 25 86 77 99 64 23 47 79 78 41 45 33 33 65 82 85 60 76 34 14 98 20 69 10 61 36 78 38 80 50 90 16 35 85 75 83 29 8 2 66 79 47 12 96 51 42 27 92 92 38 56 86 92 76 20 76 15 73 58 60 37 25 82 71 89 52 59 99 58 18 71 9 26 82 55 15 73 71 17 85 62 94 27 71 40 77 24 91 17 33 84 51 98 54 40 56 11 92 54 24 70 82 77 73 72 88 43 41 64 60 54 64 26 28 72 35 30 22 14 91 39 89 14 81 83 91 88 32 88 47 84 71 80 17 20 7 59 5 40 44 34 17 30 75 26 95 51 88 89 8 59 98 36 63 52 99 24 33 69 74 70 21 75 63 54 37 43 95 68 69 33 43 76 37 94 83 29 42 26 40 2 6 4 14 11 20 4 33 85 64 85 98 25 19 4 98 68 16 14 10 65 41 20 48 53 40 94 38 12 29 65 79 23 16 90 19 81 12 55 70 57 2 18 68 65 48 16 3 42 87 1 15 55 1 2 75 7 29 84 59 98 23 82 49 26 63 57 26 21 1 58 87 25 44 52 50 81 4 91 89 99 63 36 17 83 83 26 73 42 81 12 48 90 85 98 47 50 72 25 35 99 46 33 45 67 90 30 69 83 90 81 11 65 64 77 82 48 1 86 27 55 61 53 33 8 66 30 40 7 54 90 31 12 43 44 34 81 74 57 15 41 61 88 38 45 87 66 75 90 91 39 70 37 84 9 66 83 98 48 3 45 64 70 83 52 69 51 9 46 26 34 21 43 4 92 49 56 97 97 13 3 20 74 29 41 74 54 52 10 93 95 10 14 95 20 94 55 1 5 54 45 16 18 16 71 39 78 62 5 84 3 81 58 81 79 49 37 9 65 52 40 27 11 6 95 20 1 48 93 32 42 53 61 19 58 93 63 81 31 43 92 37 34 43 42 80 52 61 13 92 71 65 2 17 48 8 98 54 26 15 32 49 15 58 35 84 44 50 18 10 26 59 51 66 23 48 41 9 13 41 15 15 63 45 18 87 8 32 34 93
32 85 48 47 91 86 82 12 28 21 51 93 99 92 60 4 47 17 2 23 38 92 9 92 76 9 89 78 93 92 31 65 23 8 89 34 76 42 87 30 3 36 29 44 90 20 6 59 56 25 39 43 40 18 41 96 99 56 29 27 56 51 93 77 85 63 37 4 64 56 38 74 43 46 58 94 86 24 59 30 33 52 70 23 24 25 5 59 12 26 84 11 86 46 34 35 74 42 65 60 68 39 14 9 7 99 20 54 24 56 65 53 79 98 80 7 99 76 96 34 10 52 24 30 66 49 91 47 80 57 27 24 45 37 75 81 94 44 27 96 39 17 87 79 26 15 51 71 77 67 40 54 85 59 90 98 26 97 1 26 40 34 85 16 28 28 96 16 61 64 30 78 36 39 57 70 17 26 43 48 66 24 99 9 79 2 68 21 80 74 92 20 81 62 51 64 1 58 88 67 33 92 15 52 69 81 46 30 57 28 91 12 91 83 94 57 88 40 5 34 54 26 34 67 77 28 60 94 68 62 3 44 43 73 78 22 24 91 46 91 34 84 50 79 19 22 54 68 80 83 90 31 84 92 56 34 49 36 58 83 89 28 37 49 74 37 91 1 75 39 79 16 98 66 82 41 65 65 32 17 67 31 97 54 71 91 8 21 27 7 3 25 19 30 87 92 57 21 41 54 5 34 93 76 55 75 2 64 45 31 58 72 66 93 34 22 54 77 89 16 55 32 94 54 76 26 80 87 42 18 23 47 65 37 60 22 56 24 7 26 99 11 35 66 54 69 73 4 97 54 48 27 19 46 2 2 18 14 4 24 91 11 25 82 97 59 82 1 49 38 63 58 46 51 53 31 96 69 76 1 39 42 21 12 16 37 63 63 4 96 45 50 97 75 59 42 61 5 72 99 15 40 24 53 60 21 64 63 69 4 46 54 95 99 30 9 45 25 24 58 79 79 23 51 78 41 24 41 54 72 76 92 73 20 76 31 51 71 72 17 32 20 1 29 48 73 46 54 71 34 14 87 85 3 28 65 62 73 93 66 38 6 57 12 29 96 75 84 75 88 45 95 37 37 67 43 20 42 22 21 16 68 82 5 28 55 28 24 42 75 50 10 44 22 85 19 7 31 71 23
96 24 13 60 43 8 42 56 72 54 15 86 96 94 92 33 72 22 39 11 37 13 31 53 57 28 20 10 96 46 30 21 9 24 83 64 28 48 18 33 50 22 4 30 54 12 46 23 98 55 69 16 91 9 40 90 99 72 77 84 50 55 72 1 91 87 94 19 62 11 33 72 70 89 11 31 29 7 57 13 27 96 10 10 6 62 79 66 94 80 58 52 97 60 85 4 75 28 28 75 3 83 48 37 93 73 95 42 23 67 97 52 11 10 40 96 52 95 97 1 94 98 38 82 74 82 39 66 24 99 72 95 63 19 28 85 68 51 98 94 10 77 94 88 80 3 40 68 73 38 34 67 39 10 85 55 82 2 21 39 20 79 64 46 40 45 9 70 6 85 17 12 12 6 55 17 77 55 72 53 27 89 43 68 27 87 8 96 66 69 11 9 49 58 16 61 87 38 56 99 49 19 43 59 76 19 10 39 19 43 69 54 25 67 74 3 1 69 83 33 40 33 43 5 31 6 12 40 42 19 57 75 97 15 26 77 38 4 80 11 58 13 25 37 4 90 7 64 77 80 33 64 68 64 18 43 54 22 93 92 43 43 34 71 58 29 88 6 34 45 20 34 28 12 94 82 1 68 91 31 3 54 33 43 34 34 69 19 58 23 88 99 84 16 97 32 19 75 7 45 42 14 22 78 49 50 39 24 84 68 62 82 75 36 51 54 20 88 30 33 48 96 23 31 23 71 25 15 56 68 2 67 67 86 48 73 66 92 13 99 41 76 83 55 30 39 61 44 91 12 27 11 52 12 60 3 16 46 74 63 55 55 26 50 98 40 71 89 45 6 70 65 50 9 22 44 51 28 2 99 89 81 9 64 85 21 8 38 18 51 50 16 26 14 33 30 71 73 88 45 71 27 91 28 1 34 49 91 39 37 54 3 1 80 18 58 92 80 53 17 68 77 36 50 99 31 66 25 86 2 38 18 7 10 8 74 27 10 38 55 6 29 38 60 81 7 25 38 5 13 40 19 87 77 49 63 36 52 5 2 63 1 8 55 41 90 96 58 9 21 45 17 81 94 57 57 26 36 13 97 26 64 8 52 25 26 7 3 63 64 16 11 49 47 15 47 53 12 3 11
97 21 84 66 94 43 86 71 10 17 81 54 92 81 24 61 82 81 9 9 98 23 35 21 79 55 92 58 54 1 63 58 9 51 33 36 20 92 98 58 10 74 43 73 56 38 98 81 54 84 80 37 71 71 21 79 3 81 5 59 68 66 56 98 91 59 3 58 70 41 96 18 76 99 12 50 42 71 64 81 29 37 45 47 69 66 3 74 62 33 72 99 95 86 21 81 36 7 96 34 64 38 77 4 58 48 4 42 49 91 32 7 91 53 76 15 98 27 64 95 34 55 95 26 84 69 17 22 83 90 55 65 26 79 13 73 14 47 11 3 65 2 88 15 72 84 14 19 5 61 98 72 85 50 5 26 32 12 98 90 41 60 54 66 1 80 97 27 46 43 87 90 35 56 64 38 37 69 32 72 75 27 15 65 11 36 92 98 6 69 62 31 79 40 15 74 19 65 78 69 99 68 16 88 70 21 83 38 31 68 62 13 24 42 94 2 98 21 34 94 88 73 24 61 15 59 86 20 29 83 77 53 96 47 81 20 69 68 50 51 52 38 74 96 52 39 8 23 42 98 4 12 64 66 6 1 35 87 84 44 57 96 88 61 85 61 22 14 8 93 47 84 46 35 82 40 29 77 20 97 88 67 16 1 34 52 74 38 66 49 73 34 8 96 20 38 31 32 73 56 1 14 53 32 35 29 71 32 87 85 12 7 42 81 35 13 29 24 10 82 19 11 78 15 2 8 32 44 31 14 71 19 76 88 36 4 46 56 82 3 79 81 32 18 18 98 19 24 39 47 98 61 31 91 51 81 74 76 57 89 36 9 91 11 70 73 74 66 32 45 30 84 38 33 36 80 20 31 9 14 33 35 13 25 58 44 7 49 35 55 50 66 79 65 54 64 98 16 60 61 71 17 7 92 19 50 97 81 10 2 22 18 80 59 42 62 83 15 7 23 93 97 88 53 32 86 10 41 67 49 30 8 42 33 94 80 22 42 7 24 82 43 11 75 24 50 13 38 99 69 97 57 24 40 6 78 5 33 35 42 43 25 13 57 25 98 30 21 64 82 42 68 78 63 64 11 73 55 33 45 65 12 62 30 78 7 42 62 62 45 21 86 21 35 35 21 89 52 38 9
29 2 85 30 62 51 77 32 86 92 81 14 83 4 40 98 93 55 21 27 47 3 22 12 77 66 72 65 72 76 82 91 86 85 84 50 23 53 70 41 35 30 79 47 46 87 91 89 55 53 70 86 80 84 99 32 99 69 57 54 43 35 52 9 25 96 38 46 74 35 87 27 27 16 86 77 56 99 18 99 79 94 23 39 13 12 91 28 90 47 86 45 97 98 74 81 83 75 13 1 27 43 72 63 5 13 18 36 67 55 58 87 17 85 69 56 53 43 54 29 39 68 47 65 98 67 43 42 96 83 78 77 76 83 47 62 98 90 79 95 89 49 47 66 79 76 68 61 53 68 2 64 50 70 17 99 67 57 15 7 33 4 27 79 45 65 37 77 48 93 1 75 89 76 20 79 93 22 39 47 25 84 94 67 41 78 68 5 99 15 87 54 19 74 90 16 72 19 34 69 83 49 86 44 67 38 74 11 35 82 46 83 37 39 68 28 94 46 97 67 56 34 25 25 10 45 87 84 34 50 24 28 96 68 25 54 63 41 70 27 35 16 96 9 45 42 14 57 42 72 13 57 51 13 10 81 43 3 31 93 77 24 9 63 2 93 37 30 22 87 50 58 89 91 76 65 76 35 74 58 51 76 6 47 54 37 38 23 44 41 21 14 85 69 71 15 35 98 56 22 57 66 56 3 46 97 14 90 32 61 11 99 33 5 21 95 38 94 20 25 36 20 23 4 72 30 52 79 16 5 74 72 26 14 94 36 46 81 25 88 49 12 91 28 73 80 21 66 92 94 48 11 49 67 85 19 10 25 14 61 41 66 4 52 77 71 23 62 39 27 37 29 42 10 28 69 59 22 22 22 67 78 1 93 42 28 86 65 3 55 45 71 28 8 44 17 56 18 29 80 86 63 78 90 87 87 34 13 45 10 41 11 52 13 62 11 89 16 91 75 42 99 32 64 91 26 56 1 65 36 58 41 8 37 71 46 82 59 13 91 93 3 16 23 19 7 97 17 18 1 43 43 73 59 53 90 54 2 30 9 71 76 95 11 1 1 62 55 19 57 55 73 9 61 35 75 76 39 12 26 33 45 30 95 44 33 7 30 32 11 87 41 60 30 28 24 44 3 23 27
40 17 85 17 71 28 92 50 49 36 5 60 94 43 59 40 75 12 7 32 22 69 8 13 30 57 9 4 60 77 75 65 25 81 39 38 23 39 11 77 50 70 50 19 34 75 35 84 6 21 61 99 78 95 95 33 69 89 4 16 89 77 28 84 66 80 43 13 49 9 72 26 31 35 13 23 86 13 79 67 90 73 76 92 43 44 96 48 72 70 16 41 99 53 92 86 71 83 70 57 61 48 83 90 97 10 67 33 59 43 93 36 32 73 63 98 11 16 52 74 38 48 37 10 48 17 71 91 82 7 61 50 25 70 3 95 53 39 31 7 6 97 28 59 81 22 42 95 16 15 31 31 37 65 30 1 81 38 49 31 80 72 76 59 29 85 96 85 63 93 59 63 19 43 53 93 28 17 9 84 21 96 40 49 18 79 60 71 19 78 7 9 21 61 73 43 8 46 55 58 33 65 92 24 14 60 39 37 2 24 59 70 63 77 36 23 65 45 9 64 14 27 66 78 19 7 84 93 50 3 73 18 7 48 42 66 9 50 66 6 71 32 14 10 42 48 83 13 72 21 19 40 78 89 46 24 20 87 89 57 39 85 7 84 42 49 27 58 46 7 85 64 60 4 12 79 9 37 77 13 87 67 56 72 32 82 76 87 41 32 55 29 40 80 84 50 2 77 65 45 45 58 41 96 71 32 39 79 41 8 11 6 71 78 38 20 43 72 74 46 79 47 2 12 17 38 38 96 97 75 54 29 36 17 70 96 20 25 12 21 6 98 16 36 16 85 92 56 33 87 85 61 58 32 79 97 20 95 5 58 71 59 82 31 23 40 91 92 53 31 76 15 40 60 90 53 63 57 60 18 52 71 70 47 96 65 81 44 54 10 48 71 74 67 84 19 56 8 67 83 58 43 27 41 68 86 41 42 60 23 87 96 26 40 88 69 25 47 26 22 34 92 70 12 12 51 59 9 56 94 89 82 36 3 78 61 54 25 13 38 29 8 47 17 27 11 62 85 45 19 62 51 33 25 22 16 22 29 67 57 87 19 7 51 9 20 28 3 39 11 99 86 60 35 68 30 52 53 12 28 30 31 25 8 1 74 64 15 78 61 19 83 7 47 10 25 13 8 68 32
6 99 44 99 50 91 89 93 47 70 58 83 48 8 30 25 92 12 23 58 22 98 55 51 74 1 12 40 35 22 47 32 47 90 42 78 2 7 74 93 54 7 64 21 23 69 2 26 7 97 95 86 64 97 68 63 18 15 87 75 26 11 8 48 43 95 99 74 70 45 57 86 47 76 49 67 65 83 44 99 62 35 61 90 69 32 71 43 14 91 45 65 11 84 2 83 38 56 69 78 10 53 7 73 44 29 89 50 63 21 42 27 30 15 68 40 96 85 53 62 80 54 42 16 76 45 87 64 26 63 66 8 27 54 67 16 49 36 16 76 20 26 54 79 53 78 33 45 42 7 76 84 22 40 99 42 13 29 94 48 67 25 34 24 24 28 3 57 40 91 38 54 34 95 51 69 36 47 94 81 53 97 76 39 65 26 25 34 59 15 49 87 12 52 23 85 9 99 68 82 28 94 62 23 17 7 94 88 5 94 99 62 81 97 77 11 23 27 69 77 34 96 50 63 31 54 36 40 59 69 90 37 3 21 99 26 12 73 52 54 24 35 9 69 96 69 9 46 82 70 32 14 81 33 38 29 49 2 30 97 29 39 5 81 2 16 96 26 91 56 85 17 50 35 62 89 73 25 15 6 26 5 85 34 91 63 59 74 55 40 6 24 82 34 85 40 5 87 50 42 81 88 51 33 40 27 28 79 20 96 59 19 21 57 33 26 32 34 80 70 39 89 97 9 70 5 35 87 41 83 7 32 98 38 53 22 89 98 15 38 32 40 14 51 92 20 69 41 11 70 69 23 78 1 56 47 74 54 15 33 42 30 56 88 88 96 81 82 73 51 32 29 97 14 25 71 33 18 58 15 86 3 43 3 44 73 29 41 10 16 59 50 8 77 53 64 27 63 80 71 10 19 70 64 20 44 96 72 31 52 93 84 96 23 3 91 97 93 32 26 98 85 11 98 53 67 68 10 86 13 44 56 42 16 60 62 42 2 93 6 66 86 38 68 85 82 35 24 1 73 3 31 65 88 64 13 66 58 92 17 98 50 85 51 11 57 6 47 38 35 64 2 45 85 15 1 58 47 29 20 34 19 22 91 57 29 35 41 31 2 54 13 49 4 45 71 81 7 30 58
21 99 12 20 11 1 90 67 25 99 4 7 75 54 70 98 45 66 82 4 56 57 24 92 77 28 60 3 16 65 80 67 55 72 64 49 98 71 50 63 50 98 62 18 63 92 25 68 91 97 35 56 57 67 69 24 89 62 96 77 10 63 62 62 8 56 80 81 44 49 28 43 7 46 46 29 58 70 13 94 22 70 46 92 36 14 61 63 39 20 48 72 1 82 7 43 77 41 66 86 75 84 17 40 33 89 36 55 66 5 68 74 26 45 17 15 24 21 86 99 94 49 63 84 97 24 97 20 43 81 54 89 51 77 56 41 98 17 36 79 32 9 77 98 24 38 39 52 70 82 25 40 6 10 94 97 61 49 53 27 86 36 72 71 86 57 24 33 94 86 75 53 9 38 40 70 86 57 52 74 94 60 79 42 62 45 38 50 71 43 20 47 51 88 44 56 36 85 37 11 42 11 33 87 59 49 89 2 43 52 32 87 59 46 95 27 46 65 7 65 23 46 96 5 75 35 92 75 59 9 67 48 81 1 77 49 33 93 22 49 15 55 84 65 32 53 21 77 83 8 66 35 27 75 20 55 79 46 97 76 38 91 98 81 71 82 46 35 96 80 42 94 29 54 35 7 46 1 44 8 41 42 22 73 3 49 6 23 65 50 14 15 48 54 1 26 43 14 45 66 55 44 56 1 14 71 22 65 48 82 78 23 51 96 76 1 34 72 91 37 17 88 40 96 39 20 88 18 41 53 80 13 67 89 89 46 4 91 90 43 34 15 40 5 91 76 16 80 28 11 54 35 80 41 28 5 49 78 11 51 48 44 29 15 84 79 97 94 5 84 75 78 47 60 29 10 13 22 64 83 99 31 77 96 50 5 61 3 74 12 81 92 44 11 71 59 66 54 89 38 62 67 7 3 47 55 62 50 67 48 23 90 67 74 87 18 46 11 99 57 92 4 53 34 58 71 55 66 41 20 55 61 30 29 10 27 39 22 38 81 53 13 14 94 59 15 51 23 12 5 9 2 83 65 84 30 12 39 19 91 36 32 51 38 45 92 14 59 91 67 5 32 2 65 70 76 48 26 4 18 75 76 52 80 18 1 32 15 13 45 53 27 76 18 15 21 63 4 91 4
52 49 68 69 8 75 67 58 2 95 86 18 15 40 61 1 17 80 91 67 52 87 18 35 98 24 12 42 26 99 58 59 82 47 33 65 54 38 97 13 27 74 21 65 81 66 53 68 12 51 92 42 68 51 75 52 8 58 41 90 32 38 15 42 42 99 1 86 94 46 72 28 74 25 65 79 63 57 56 13 36 57 34 88 57 73 19 18 37 31 95 71 96 36 8 39 23 16 78 78 57 37 58 19 4 61 31 50 4 85 33 60 33 89 99 54 13 95 12 60 83 12 77 11 98 55 78 92 51 42 78 6 17 58 96 27 66 20 31 27 93 95 71 83 85 9 74 96 3 5 83 43 20 8 80 66 44 81 16 8 25 50 15 21 78 88 20 21 38 41 5 23 93 99 38 79 62 49 62 42 27 66 23 36 25 58 99 23 35 68 17 45 58 36 93 76 24 81 94 2 82 76 50 82 19 41 7 97 80 70 97 36 56 9 76 96 66 14 38 32 58 60 50 74 2 18 67 94 44 42 21 37 15 52 72 50 28 10 29 25 2 19 81 21 43 29 22 58 44 98 48 22 17 81 84 8 80 87 20 71 6 29 51 80 1 58 18 98 90 86 1 71 41 88 55 77 82 50 78 3 4 22 31 22 17 60 72 68 53 81 93 71 81 31 25 42 80 33 40 23 42 3 65 23 68 38 12 85 29 32 73 25 89 17 39 11 47 72 31 57 55 12 23 63 89 55 3 68 48 47 54 75 6 19 88 37 23 32 83 60 58 71 61 96 43 67 14 64 99 61 76 7 12 18 10 50 16 77 7 57 75 50 56 40 45 1 57 26 31 63 30 9 84 64 22 80 68 66 1 26 99 13 46 49 96 9 52 77 61 65 99 65 79 21 81 71 3 89 39 27 20 58 29 39 12 37 29 65 89 45 39 87 24 97 56 65 5 52 24 83 70 55 59 10 93 37 21 49 15 22 34 16 42 54 79 64 36 34 36 55 21 55 88 91 75 46 71 54 66 56 5 45 8 44 81 51 55 30 52 45 33 94 13 15 40 19 42 67 56 58 45 71 59 11 47 96 44 53 20 90 45 61 68 47 56 61 54 60 15 15 41 16 75 26 4 42 62 93 55 67
12 13 11 99 67 68 92 56 36 18 89 64 77 62 51 76 81 93 50 37 96 24 76 28 28 73 94 14 97 28 34 41 51 84 23 48 43 74 26 2 62 23 25 36 55 30 62 58 87 27 51 74 56 65 70 86 20 23 63 6 49 79 33 12 95 32 23 18 23 48 14 2 40 96 67 48 52 87 78 89 18 79 82 72 97 91 49 3 12 80 18 77 59 87 7 6 68 91 1 89 41 12 33 3 89 58 34 7 53 90 96 23 57 82 31 93 65 34 69 52 91 89 91 72 40 65 39 78 4 65 46 97 16 33 79 40 18 20 94 69 10 83 13 43 17 10 28 41 99 16 63 7 18 34 15 38 96 32 17 70 29 21 39 49 35 58 60 15 91 5 96 58 98 74 24 98 18 57 24 69 38 17 13 47 58 73 38 24 41 78 85 99 18 87 98 13 62 3 80 19 34 30 70 6 36 18 99 30 2 5 12 93 81 21 28 60 78 72 79 92 80 45 67 10 80 60 23 54 93 95 37 86 61 92 30 94 79 13 12 89 96 62 26 22 22 97 82 41 29 2 95 79 83 32 43 87 63 75 91 71 3 45 29 87 39 34 56 60 26 41 29 16 37 70 67 10 98 40 21 95 21 92 16 51 70 20 79 49 12 94 57 74 96 55 9 1 2 86 87 23 31 66 49 21 34 69 63 57 28 40 15 63 57 9 40 54 71 10 23 88 49 64 38 75 28 72 82 75 79 9 88 91 99 7 45 59 43 31 15 59 74 34 75 48 66 90 90 74 37 39 85 43 36 88 43 15 66 46 4 56 5 45 93 53 7 76 35 82 23 7 90 56 69 99 82 33 9 37 4 21 90 97 12 24 60 51 18 76 48 16 46 13 78 29 21 24 29 40 56 60 89 7 38 3 24 1 56 66 62 80 93 62 39 28 72 13 21 19 60 86 26 39 18 1 45 15 95 95 89 8 58 17 12 76 53 91 29 5 39 79 20 33 21 41 11 86 38 21 96 30 1 80 21 91 61 27 52 38 59 83 95 52 66 45 86 37 64 79 5 57 49 11 53 7 22 92 80 71 13 34 31 4 49 42 53 86 4 86 17 29 2 63 86 2 43 8 97 35 85 37
6 96 97 16 47 99 64 42 16 31 81 96 24 62 39 40 70 94 38 8 47 84 93 93 79 13 80 54 12 41 28 7 1 83 75 6 28 95 56 53 48 93 83 12 62 66 99 78 97 55 11 62 89 82 43 43 18 6 74 12 76 85 95 52 7 52 22 17 37 70 89 77 10 3 13 72 99 17 7 47 57 41 27 51 39 78 62 18 69 57 83 59 77 43 99 87 65 88 65 34 97 38 7 66 23 37 80 20 57 1 8 45 37 92 69 77 38 93 54 15 43 93 55 11 95 91 27 34 48 40 36 29 72 88 77 94 20 23 35 86 66 71 40 79 16 6 26 13 98 23 35 4 89 31 19 89 56 65 86 16 13 67 12 54 37 63 85 34 28 39 91 95 80 16 67 41 98 96 56 68 67 89 10 26 76 15 77 20 46 22 42 13 91 53 95 78 96 41 23 74 97 60 30 7 61 78 99 8 8 53 64 92 11 91 66 28 11 32 5 16 14 92 86 85 77 55 37 48 81 28 87 13 4 48 94 29 39 15 20 63 41 67 37 82 68 49 79 83 89 92 82 6 9 81 16 88 55 57 68 96 71 10 71 9 90 70 71 12 6 46 80 53 49 66 60 60 5 6 99 1 49 25 79 71 93 12 63 43 37 33 14 29 8 60 19 28 8 45 64 49 62 74 51 14 95 96 76 49 79 89 90 92 14 62 61 16 64 43 17 86 83 58 95 8 21 83 57 2 8 56 70 62 56 91 37 69 44 90 33 84 74 92 76 18 82 98 53 21 26 33 46 40 20 66 80 40 36 51 60 15 36 48 8 18 65 21 6 30 53 61 77 18 9 24 73 33 15 75 46 21 45 5 72 37 35 13 25 27 77 51 20 26 20 17 31 42 94 7 76 76 80 86 33 29 65 25 7 17 93 1 55 91 78 63 34 10 20 9 37 53 17 43 45 23 54 26 97 62 50 55 24 24 14 2 63 69 22 63 67 52 66 22 18 23 64 34 31 11 18 5 56 79 27 8 39 77 37 27 11 58 35 20 49 73 1 35 12 99 62 50 6 35 28 58 30 9 29 31 47 15 8 21 27 50 26 90 28 81 9 71 49 98 22 85 39 5 17 16 78 8
73 14 59 75 44 71 95 69 61 72 69 35 5 58 99 20 92 19 91 51 16 35 82 50 47 57 71 65 86 32 34 47 26 93 83 10 94 21 24 14 81 64 42 86 41 79 77 87 65 18 6 94 57 58 13 54 71 67 25 90 7 58 77 78 88 16 19 91 67 33 16 65 9 36 63 5 97 81 85 68 34 40 76 31 46 42 87 30 87 82 9 61 98 42 80 47 16 41 68 47 64 46 16 75 21 15 42 77 85 75 48 88 12 28 22 14 42 92 16 44 76 36 72 79 54 4 85 46 14 62 46 77 21 61 21 86 21 60 82 4 52 88 50 44 42 86 68 80 63 80 70 2 49 63 5 35 85 35 60 33 4 48 52 48 28 22 92 86 31 96 11 91 59 10 91 35 3 31 36 17 49 85 6 95 88 42 41 94 31 10 6 71 75 61 81 42 22 29 52 89 13 66 64 43 3 69 18 18 81 15 50 21 9 93 5 47 17 34 17 25 22 84 96 83 97 12 61 77 91 88 35 92 13 84 17 95 62 91 23 57 42 42 15 54 11 55 16 26 72 31 27 28 38 12 41 13 91 98 53 4 31 33 59 68 67 63 34 49 89 4 9 21 70 85 39 12 82 97 46 82 41 19 63 64 24 93 62 97 73 76 49 36 31 3 3 97 81 17 94 73 34 1 37 64 4 96 89 81 77 94 81 36 97 7 15 59 11 22 50 48 16 67 13 40 55 13 74 55 88 83 97 95 75 56 34 33 56 2 43 61 10 82 7 88 1 20 70 53 93 12 34 36 6 62 98 77 20 99 57 27 62 34 31 23 96 29 29 93 58 3 61 77 67 51 67 40 12 97 77 74 2 27 10 9 76 90 32 88 30 87 74 52 2 2 59 98 38 83 17 29 90 68 45 21 64 94 23 16 25 23 16 94 10 79 51 20 60 45 82 14 12 4 56 60 65 39 75 2 96 51 89 16 81 79 18 19 80 9 62 43 54 21 91 8 13 22 70 18 11 44 49 34 20 14 4 5 47 82 13 14 69 86 15 45 94 31 56 67 65 16 40 84 18 92 20 82 40 20 80 39 7 60 73 89 32 12 9 7 23 29 8 60 31 38 43 71 53 2 91 51
48 36 11 9 57 28 40 75 70 13 18 29 8 52 74 33 42 32 93 92 9 2 36 49 25 10 52 40 55 31 47 72 25 62 74 3 68 5 42 44 31 74 13 64 82 63 89 7 85 72 93 96 40 64 73 55 34 17 18 74 15 57 26 47 13 51 75 66 21 81 57 95 11 5 12 78 91 76 80 9 67 34 42 98 32 72 71 67 3 58 50 97 76 42 42 53 39 28 92 8 24 76 19 63 74 88 47 76 66 58 18 12 62 28 8 76 97 13 89 12 96 1 51 40 23 79 10 62 25 34 72 32 77 17 26 73 88 18 90 45 38 1 41 22 14 47 25 78 81 85 98 44 11 89 92 93 8 84 66 26 33 63 37 55 24 10 61 45 44 44 49 8 87 12 79 34 98 25 4 40 83 98 11 65 27 35 15 19 60 68 21 34 60 53 14 19 88 36 88 76 33 80 33 92 62 61 72 56 53 85 93 1 37 55 78 95 11 44 29 73 17 98 75 30 48 23 96 61 78 84 6 78 76 79 38 61 2 48 32 19 54 65 52 83 32 52 68 17 87 35 70 32 5 91 9 63 4 18 39 38 93 76 39 12 21 29 82 39 66 41 40 62 79 33 35 98 99 91 14 71 66 50 27 41 81 78 59 93 36 71 36 81 10 90 31 92 53 63 36 17 81 41 23 23 16 54 60 55 72 54 69 76 27 17 38 99 62 59 55 7 11 4 62 78 69 72 47 44 94 67 17 11 26 28 14 16 63 35 43 20 30 6 73 95 72 34 83 50 87 64 43 61 75 65 69 88 82 4 59 85 80 63 16 83 83 33 71 54 11 79 26 53 84 61 34 14 47 74 45 31 40 1 25 67 15 8 67 4 3 17 65 28 44 38 76 65 11 62 1 72 81 16 24 2 9 98 69 99 33 94 45 95 94 46 24 59 38 8 69 90 47 84 62 58 68 80 68 18 29 7 43 66 75 42 19 71 61 44 80 57 5 79 85 84 54 87 40 98 22 27 4 13 59 51 13 87 36 50 34 13 74 59 28 53 32 46 39 74 69 9 79 83 2 38 3 14 93 57 33 7 17 25 43 31 64 35 4 52 41 1 47 15 62 17 59 53 67 99 40 92
79 62 32 87 19 39 43 92 41 43 9 72 84 89 70 23 98 74 69 29 36 75 64 67 73 10 33 3 21 38 81 95 81 77 69 32 31 34 24 80 93 60 88 42 63 20 90 65 41 15 73 92 26 65 49 64 42 97 25 38 89 80 14 55 39 40 77 3 72 54 75 14 47 76 16 46 31 26 68 14 38 66 82 78 34 74 50 44 92 71 76 80 18 65 27 84 92 50 31 90 4 93 80 50 91 41 40 96 10 7 93 51 7 29 2 52 93 87 23 8 85 75 60 33 53 72 57 30 41 81 73 48 78 77 81 54 49 69 68 62 37 97 54 69 26 87 15 99 67 92 66 12 85 13 70 9 75 2 68 74 77 93 88 75 31 30 36 95 30 36 10 86 32 37 62 11 57 14 45 39 94 26 26 44 42 45 46 52 30 49 56 6 70 34 3 61 8 70 67 30 88 26 29 34 28 16 86 41 93 52 10 25 30 12 58 37 82 40 55 5 55 82 81 31 79 21 46 21 41 41 75 64 63 64 28 34 47 87 77 67 83 83 15 6 46 29 95 61 84 78 89 55 67 34 48 5 44 63 66 83 59 46 31 95 32 3 29 61 56 93 10 33 58 63 98 34 66 76 7 35 35 82 47 16 83 3 95 8 19 1 3 58 64 18 1 98 93 92 72 34 3 8 30 87 82 95 36 18 86 79 16 91 61 34 94 5 30 50 65 49 98 38 56 75 96 64 94 47 2 78 88 1 13 31 73 6 24 40 36 90 2 2 43 83 77 50 72 57 36 19 46 54 90 3 75 53 43 32 17 29 38 6 35 36 88 2 15 50 68 62 17 37 3 32 94 67 22 83 41 41 69 84 59 64 23 16 27 96 47 44 64 48 84 76 3 53 7 13 96 2 56 83 90 78 40 51 10 29 33 31 84 66 87 50 68 75 72 48 44 15 6 7 1 43 54 61 63 12 16 64 34 61 90 79 70 53 23 27 56 80 66 85 27 10 96 22 62 79 12 82 8 59 9 47 46 15 84 71 28 54 28 43 57 81 45 80 55 64 2 62 19 81 89 51 44 63 74 36 2 46 27 23 43 60 50 7 24 45 41 85 22 29 95 9 46 15 52 2 49 29
45 98 26 48 45 62 39 58 27 1 9 94 97 45 92 90 66 7 52 26 64 31 48 10 12 70 92 37 80 45 36 32 6 80 35 83 96 52 77 70 87 61 77 73 32 27 22 40 27 10 90 48 47 95 44 91 45 15 9 56 57 90 90 42 71 98 44 67 69 33 57 99 52 87 43 99 93 20 67 83 75 6 88 17 98 49 73 91 77 22 24 60 5 51 34 14 80 43 25 21 99 24 98 44 3 87 16 58 56 6 27 66 64 55 50 70 69 98 80 89 81 23 9 48 13 32 97 71 62 41 27 82 40 19 55 99 82 31 42 79 40 85 32 57 99 78 42 74 96 56 40 72 79 66 79 55 64 24 8 10 70 60 65 80 37 29 14 94 14 62 71 33 19 35 1 78 78 51 38 78 93 71 6 12 22 7 90 3 84 22 4 32 33 51 32 38 67 14 55 61 14 83 5 56 32 40 28 52 48 95 26 41 48 7 1 20 54 31 57 66 37 24 48 72 38 72 69 3 63 66 35 88 51 99 79 87 80 85 41 54 44 39 80 94 35 54 86 68 75 67 90 33 50 62 72 76 38 96 31 26 7 55 3 1 78 3 73 75 14 66 96 62 32 14 28 82 35 28 61 76 7 3 36 71 55 79 54 10 41 94 30 13 58 38 2 42 48 29 43 66 45 68 41 73 66 49 93 92 64 87 93 15 29 43 98 86 9 86 12 52 55 95 9 68 83 89 34 35 82 98 38 38 91 14 46 63 71 8 58 40 47 78 87 30 80 23 21 82 91 5 75 80 73 88 90 87 77 97 16 12 69 59 52 63 97 51 95 36 17 18 65 90 64 98 20 3 42 47 88 38 56 34 46 33 2 38 26 12 34 84 41 11 22 43 90 50 66 37 21 61 4 80 77 91 43 74 47 9 26 25 16 13 8 96 23 23 20 53 38 48 91 24 19 90 6 28 28 93 31 45 30 51 90 13 20 3 27 94 58 32 91 68 12 92 26 33 87 87 6 13 24 28 17 61 25 1 62 88 10 59 41 41 79 72 31 78 63 33 9 11 40 46 90 33 28 5 42 59 55 4 61 3 52 36 48 58 65 86 52 4 66 10 17 32 12 13 90 84 1 26
32 76 4 72 73 39 54 48 57 33 36 78 77 34 16 9 35 8 42 50 62 99 52 12 93 91 72 92 41 62 94 93 92 89 29 43 76 7 79 85 68 65 34 29 55 44 43 6 24 56 42 14 64 81 52 48 7 33 85 7 12 81 10 67 25 28 52 56 34 52 20 61 63 8 32 69 20 18 61 8 31 83 80 74 74 98 62 1 94 15 78 85 83 99 17 82 11 17 80 25 75 84 21 58 18 28 13 21 92 71 9 56 70 40 25 45 47 4 76 3 73 11 6 44 63 25 31 31 90 15 61 49 17 79 27 6 64 13 10 55 43 50 29 92 7 39 84 86 93 88 55 4 7 1 16 7 26 56 14 78 43 75 6 17 17 49 98 69 71 52 50 73 71 93 95 39 85 1 85 46 53 9 95 81 79 77 8 4 82 10 14 82 96 31 10 65 5 26 34 8 47 9 50 91 26 3 59 12 70 38 35 99 18 4 13 9 46 81 77 44 75 79 94 56 25 96 90 50 33 15 19 57 33 6 29 11 7 62 35 92 9 53 23 86 74 8 25 70 66 1 89 81 62 6 70 4 72 47 41 52 90 53 71 56 92 83 8 39 78 95 68 28 53 79 1 63 27 88 96 62 52 28 96 8 23 61 23 38 6 31 30 52 11 73 84 31 70 82 56 75 36 26 90 56 3 36 52 84 25 67 31 89 93 62 59 26 95 9 12 3 76 24 88 61 50 31 96 20 79 98 84 35 89 55 79 21 56 8 95 10 45 31 47 42 79 94 27 35 88 41 94 98 53 62 20 60 7 9 15 46 45 95 97 29 35 28 14 5 89 35 39 10 86 1 41 79 54 52 8 47 66 70 52 6 83 5 92 59 61 69 27 85 74 77 58 4 65 72 8 8 71 93 35 44 56 32 80 14 93 59 56 58 33 15 43 89 13 55 3 37 80 36 13 58 76 32 12 75 20 93 89 56 57 21 25 9 74 62 32 98 19 50 24 34 94 18 11 67 82 22 70 27 47 65 17 2 42 14 50 89 65 23 1 4 69 58 58 78 12 21 62 55 33 26 6 98 86 3 48 14 29 54 31 95 7 92 60 23 11 22 65 12 36 77 75 6 18 94 49 50
92 57 42 75 66 61 29 77 73 72 62 6 34 27 48 66 92 71 73 94 94 20 70 52 90 67 16 16 22 65 60 72 35 5 9 24 96 99 95 96 25 89 6 57 62 61 21 31 16 79 36 42 70 68 67 90 21 60 67 69 49 69 22 44 98 59 27 25 12 79 15 98 98 17 81 1 35 26 52 34 44 11 4 56 56 89 79 22 63 46 93 43 88 42 59 12 83 11 47 48 65 26 26 26 1 54 39 20 28 44 23 12 4 23 77 34 94 66 46 13 3 81 46 63 82 59 79 10 84 89 14 25 12 19 50 69 23 89 81 24 91 36 38 21 53 54 67 89 90 26 14 87 31 90 53 63 22 90 16 43 85 75 14 4 93 71 82 41 59 25 98 14 67 40 70 56 57 57 51 49 51 2 26 17 35 79 19 29 38 26 83 58 64 61 95 14 95 77 87 98 5 27 66 34 73 58 95 8 11 20 27 26 86 48 14 50 65 72 17 38 86 26 6 26 92 79 83 9 22 72 51 57 25 10 13 48 54 92 3 45 18 17 45 75 39 67 88 26 25 12 87 31 39 86 75 14 31 67 36 13 22 37 32 90 29 51 90 3 7 7 74 45 11 86 47 6 47 64 33 46 33 72 48 73 8 60 77 79 88 15 65 32 33 39 90 21 11 58 87 2 38 45 74 82 5 22 74 68 17 11 14 36 1 44 21 49 39 67 52 94 99 1 90 30 31 95 24 14 52 8 57 64 9 13 94 12 66 67 2 11 72 23 91 43 37 37 19 77 38 1 86 62 21 3 66 18 96 32 57 1 58 55 61 61 18 14 54 95 40 92 9 77 37 22 10 50 95 6 68 65 76 63 41 23 27 27 59 29 50 81 38 31 86 42 48 47 53 3 59 27 15 64 22 37 47 75 62 36 2 88 90 36 23 23 68 26 31 18 88 13 10 62 94 71 54 79 71 31 64 70 75 42 26 55 4 44 19 1 63 42 20 6 21 28 33 12 56 17 1 40 65 97 88 14 61 8 99 8 42 18 83 45 62 60 83 72 54 47 96 17 65 52 36 63 58 20 76 74 12 59 35 33 38 72 80 83 7 91 42 27 77 9 61 90 73 9 50 98 75 94
