20 500 42301 140.27
84 86 70 90 93 85 86 63 72 32 17 31 58 53 67 96 63 34 68 26 22 97 99 68 6 79 93 27 70 72 29 17 60 63 46 44 29 19 77 43 47 41 58 7 81 73 71 15 22 94 36 51 29 7 2 96 48 25 45 83 91 45 20 36 21 94 63 21 36 8 46 13 93 89 38 1 57 8 61 36 64 81 27 40 14 96 72 97 36 43 60 15 79 6 55 92 55 79 46 92 6 18 67 75 36 86 68 61 69 13 33 71 62 54 93 89 96 56 5 48 10 48 62 56 8 97 82 77 13 73 51 59 97 24 14 99 73 45 86 7 55 29 8 12 4 19 13 97 88 12 99 54 63 91 15 25 58 12 88 68 46 32 12 51 91 88 4 99 69 59 50 72 5 35 58 37 56 35 20 12 18 80 37 96 66 27 22 92 12 54 3 60 19 76 71 74 26 72 31 12 64 4 31 92 97 42 79 99 46 72 47 59 13 12 75 39 85 75 78 35 97 92 15 33 9 63 57 34 56 58 42 28 29 72 92 77 20 28 61 95 6 85 61 34 45 24 99 59 73 69 31 50 82 98 13 92 35 5 18 53 21 67 69 55 14 12 78 52 48 95 18 7 95 52 99 30 81 19 50 12 49 94 49 50 44 98 20 70 46 17 58 7 91 64 3 59 41 66 4 55 58 39 41 61 97 50 46 44 16 43 66 92 9 95 22 1 95 55 94 4 53 43 46 90 71 33 46 35 56 81 56 36 29 22 81 77 8 9 99 28 89 24 59 61 16 57 84 42 78 16 14 92 22 13 96 85 68 40 75 80 29 96 3 67 26 8 55 32 56 8 62 47 5 21 56 23 99 57 40 84 32 88 36 22 67 19 29 93 72 6 79 9 96 97 47 80 74 7 93 62 20 57 57 22 56 16 51 93 58 64 62 77 84 25 88 89 87 62 74 70 6 83 74 80 58 76 86 26 60 85 92 41 5 27 59 81 17 44 94 73 42 98 48 77 49 27 34 61 51 4 27 87 74 81 65 25 59 82 52 67 43 20 6 33 59 56 42 79 12 32 61 57 12 63 59 19 19 12 66 24 30 27 38 77 52 64 67 41 82 88 10 26 92 47 39 42 26 9 9 26
84 70 66 32 81 94 28 37 4 99 96 74 25 69 95 97 96 91 33 98 81 24 91 95 95 77 8 70 16 17 99 55 63 15 76 59 58 60 68 25 99 56 10 74 92 42 85 50 45 91 77 22 69 77 28 90 63 3 48 61 87 52 40 88 5 38 86 9 18 65 89 85 14 13 65 68 7 63 76 79 17 43 65 62 20 15 70 49 66 62 63 15 52 70 12 61 24 57 89 57 99 28 22 90 96 98 92 45 73 36 62 54 31 15 5 32 39 58 92 19 62 73 20 82 65 70 37 32 91 23 7 88 84 40 24 23 76 58 57 98 10 30 55 62 69 34 34 81 73 69 85 16 55 44 5 71 75 97 83 76 16 42 41 23 59 62 14 44 33 66 9 69 20 32 18 45 1 74 66 92 41 17 65 97 9 63 62 38 34 24 45 19 47 42 28 30 90 51 42 4 7 56 56 55 61 5 56 85 79 97 87 45 74 55 48 58 42 81 60 80 91 17 30 34 64 38 68 5 67 75 79 8 81 64 13 74 93 2 21 97 1 53 27 43 25 87 57 10 16 63 17 24 77 5 31 31 37 32 56 78 89 52 37 48 77 20 44 29 16 47 69 6 57 44 76 73 6 48 23 69 74 90 83 11 20 6 90 61 66 82 11 37 35 97 11 3 12 43 4 76 5 30 52 80 45 32 37 14 69 20 2 89 69 6 7 60 51 75 96 87 36 88 40 73 81 89 72 39 92 22 67 39 7 15 16 92 99 12 63 98 1 62 37 30 91 45 7 75 23 84 34 4 88 75 40 16 73 31 58 48 25 72 28 63 95 96 23 16 75 92 7 59 65 39 95 18 97 99 80 83 36 3 34 11 23 58 16 23 97 74 51 53 74 81 13 52 43 47 50 72 51 9 69 43 13 74 84 14 62 40 29 19 86 95 90 72 53 27 83 14 99 68 31 21 47 88 39 76 50 69 97 99 30 47 75 35 40 42 45 59 13 43 43 7 59 87 9 39 1 80 3 19 62 66 10 30 77 65 59 94 84 53 30 2 80 67 67 14 62 74 53 31 91 79 79 18 60 98 28 42 65 8 27 22 44 46 81 84 61 65 69 71 74 60 49 64 58 13 55 98
86 72 31 41 76 76 64 64 49 11 52 89 83 57 80 70 63 14 92 58 80 45 66 98 52 36 23 43 72 79 26 81 70 72 46 94 52 30 96 65 10 7 91 22 45 39 15 77 19 86 81 75 30 35 22 97 42 31 48 63 76 44 85 2 97 10 24 85 94 81 62 78 85 80 19 55 31 60 82 21 52 91 8 63 29 68 98 86 99 8 68 47 38 42 32 33 22 12 40 46 6 47 70 7 48 56 11 88 14 29 2 20 78 67 52 36 7 97 53 1 63 78 57 51 78 50 5 19 73 20 8 64 24 47 31 29 44 68 80 14 97 22 66 73 39 79 58 50 31 47 68 30 25 29 46 57 56 76 32 99 42 83 56 26 8 45 66 81 4 49 31 36 68 35 47 51 2 3 68 1 51 30 16 12 69 90 24 66 55 32 51 83 41 3 24 79 21 86 92 11 68 97 18 50 82 88 94 1 82 38 14 33 42 69 2 45 11 99 82 30 95 8 60 88 39 2 9 4 1 10 8 34 72 66 57 79 32 61 67 81 31 27 25 65 93 83 94 2 15 68 86 30 84 21 46 89 60 29 91 27 12 65 88 53 38 59 96 88 80 69 13 60 57 15 85 82 20 3 57 9 2 62 52 39 28 61 26 59 1 89 47 35 91 20 99 68 17 10 41 25 51 22 1 10 68 3 21 47 86 85 96 5 57 20 1 97 28 82 7 45 58 1 81 2 80 67 34 59 6 52 71 36 96 69 79 73 40 8 5 62 15 91 49 91 28 94 37 14 57 69 34 39 35 99 76 74 89 41 31 64 78 68 76 80 58 45 17 10 89 85 23 73 77 28 99 52 95 25 79 47 95 81 58 37 27 69 37 23 7 50 83 19 53 65 32 63 6 87 60 89 28 35 4 85 28 25 21 94 59 62 9 52 12 6 65 34 53 3 82 54 32 56 92 40 56 21 42 25 3 1 58 13 79 75 62 11 19 27 49 93 42 63 55 14 65 85 73 9 27 68 69 27 62 16 49 27 47 92 66 36 83 75 8 90 26 44 21 10 66 12 84 40 89 90 78 23 88 24 30 57 30 65 15 42 15 40 39 42 58 13 30 8 93 20 51 47 32 86 73 58
42 64 76 51 49 98 76 49 23 93 81 92 50 36 44 19 2 83 62 45 86 21 39 82 18 56 84 81 90 73 94 92 5 65 27 95 94 9 84 20 75 85 92 19 89 80 79 96 48 16 20 16 98 34 47 93 57 50 73 84 9 66 48 53 36 35 31 43 48 63 3 59 61 51 14 93 92 61 9 39 56 42 4 20 68 97 37 61 14 89 86 37 33 95 79 1 39 81 56 84 30 13 23 93 42 25 38 28 77 87 91 21 75 35 41 69 8 40 40 48 27 44 99 70 56 91 29 44 63 44 54 91 81 84 2 48 89 94 73 83 26 37 68 88 17 79 40 94 22 14 20 16 53 26 18 13 18 53 35 31 31 26 62 85 4 14 65 44 51 67 33 54 29 97 14 51 49 76 84 5 88 65 20 41 20 99 82 27 23 54 35 99 26 35 19 14 24 50 89 49 10 95 26 35 81 96 85 27 71 67 82 23 64 61 27 74 37 58 53 19 91 29 92 78 36 82 25 51 67 79 1 47 3 43 80 43 76 30 22 21 44 22 29 88 66 39 51 13 67 13 7 71 8 47 5 2 33 71 20 64 24 73 86 82 5 26 42 40 67 81 9 47 4 24 5 34 61 15 50 36 78 66 58 18 45 40 27 70 11 48 37 91 70 43 97 60 86 12 22 59 30 37 91 74 51 45 68 61 66 56 18 88 49 71 65 17 5 36 17 81 74 44 85 77 77 86 84 63 13 30 96 5 87 73 10 47 92 31 69 8 52 1 71 67 26 44 10 19 78 5 97 83 39 51 91 37 60 3 71 84 5 85 96 65 60 63 26 32 67 53 29 96 35 4 94 10 11 92 78 19 16 54 40 13 1 59 13 98 67 79 6 74 26 25 55 81 83 35 18 15 85 82 41 75 43 92 71 60 69 31 14 82 5 96 96 5 46 64 25 84 74 8 27 95 68 1 42 7 24 95 81 12 94 32 98 38 71 33 9 87 10 27 51 43 97 29 30 86 88 89 12 34 23 10 50 81 4 67 45 82 7 31 42 6 12 92 33 16 70 27 55 39 43 90 93 66 61 79 28 86 19 84 7 3 24 29 85 14 78 73 63 48 33 5 51 64 99 52 18 45
89 92 99 68 47 53 96 98 39 46 94 54 93 27 36 72 25 87 72 97 93 68 57 11 95 50 30 59 35 46 16 44 42 82 20 70 94 64 64 86 98 59 30 77 79 15 55 74 80 52 25 72 95 51 25 11 56 59 43 16 73 23 80 67 11 26 93 96 70 34 69 91 92 28 54 34 44 44 39 94 34 59 61 62 87 97 72 99 32 32 18 98 8 53 1 86 84 97 33 91 71 80 64 55 72 82 51 65 98 93 29 20 72 60 87 86 70 27 15 56 63 42 50 26 31 14 91 36 24 75 58 39 25 10 62 20 1 92 83 73 11 88 29 15 13 9 79 17 90 45 77 71 38 96 62 74 91 36 56 27 22 58 94 3 40 2 31 93 95 33 6 97 10 21 10 1 86 27 21 47 82 17 92 60 67 95 53 12 63 2 49 40 29 55 6 8 88 96 45 51 32 30 49 10 65 31 37 64 86 40 99 12 21 22 15 83 86 85 74 62 58 55 73 33 50 50 54 19 73 73 60 60 41 85 53 27 74 48 61 34 99 41 17 72 50 37 79 59 39 94 70 35 85 37 94 67 99 26 65 5 98 37 13 4 91 72 23 51 81 52 44 12 60 20 70 25 53 97 49 91 16 19 48 6 16 46 2 51 86 84 53 54 48 34 37 83 35 12 79 32 24 76 23 46 53 58 32 74 15 62 61 49 55 6 76 29 48 46 89 50 28 26 80 54 10 73 40 23 29 85 33 33 54 54 62 34 31 28 35 12 33 81 42 69 13 78 34 3 47 47 7 58 40 73 19 98 63 82 66 89 54 94 70 13 63 25 18 62 40 20 94 73 50 56 64 27 21 34 76 10 56 37 12 37 19 22 31 40 84 78 43 48 64 48 44 51 22 65 54 7 98 52 92 30 72 10 15 58 75 65 40 1 6 55 96 29 4 54 76 37 69 61 44 25 51 39 59 9 63 98 40 50 16 23 90 49 78 34 10 77 38 53 18 49 40 4 12 72 27 23 39 4 62 94 62 17 24 3 26 86 7 75 34 24 67 95 3 44 58 63 64 96 13 54 98 91 46 28 95 22 78 83 39 24 20 37 80 79 52 67 6 77 9 49 10 44 45 4 23 97
98 20 94 12 49 33 88 95 85 85 44 58 56 82 34 22 83 26 29 99 98 31 55 69 35 73 60 63 57 2 63 82 61 10 94 29 97 99 24 2 95 51 16 37 64 89 18 10 78 9 76 8 17 93 36 1 26 33 34 36 25 57 27 80 93 45 33 86 90 63 25 82 48 96 30 96 61 36 94 97 92 77 21 88 5 90 32 7 59 16 15 6 2 41 70 45 49 95 15 24 17 60 81 62 63 24 22 36 17 39 77 82 23 56 50 72 81 17 28 88 93 54 25 67 68 32 32 50 9 4 62 90 48 10 81 52 11 92 46 96 80 53 61 29 21 62 25 61 62 96 1 62 10 76 78 99 13 48 25 2 89 8 32 18 57 11 78 30 43 55 50 52 27 34 81 56 15 7 88 53 4 65 59 53 46 58 4 2 88 39 56 3 83 9 85 42 6 35 11 39 3 17 69 34 61 99 64 19 30 86 3 79 36 58 92 85 41 64 72 60 53 32 38 13 12 38 89 43 4 6 15 26 14 26 66 41 57 86 65 10 84 78 71 11 96 47 46 69 96 61 59 56 98 21 36 13 59 32 94 52 19 69 98 72 74 57 56 8 44 14 83 56 66 88 70 44 65 99 28 25 29 73 45 72 80 27 36 24 75 60 80 13 19 19 7 94 45 87 95 26 56 33 82 56 16 25 49 28 40 57 11 72 68 31 7 70 24 78 36 88 96 82 15 69 48 87 10 84 67 52 7 55 38 78 31 3 76 31 40 73 79 39 95 37 12 71 6 4 93 71 70 78 76 8 33 58 87 77 68 61 72 49 28 91 85 31 85 2 9 83 12 1 34 56 40 31 21 43 10 38 47 7 93 81 91 89 20 14 87 75 9 95 48 51 63 7 44 64 2 51 65 37 3 46 33 32 75 24 23 9 35 3 43 20 45 30 59 24 45 98 72 40 33 29 5 16 8 46 80 58 35 28 47 89 70 39 73 80 59 13 24 45 30 21 24 87 83 36 17 17 89 83 22 36 56 25 78 56 19 82 47 21 85 35 80 21 28 27 89 79 21 8 58 35 44 75 76 77 79 81 32 70 79 61 88 46 1 92 76 4 2 28 34 81 95 79 32 84 71 99
89 62 14 97 47 6 46 39 94 28 57 85 15 63 96 85 99 17 99 54 94 30 63 32 39 83 88 18 61 90 77 71 86 37 60 34 68 10 54 34 56 28 24 32 8 56 38 20 67 72 39 83 50 35 26 60 29 17 62 74 4 7 98 55 59 89 70 33 84 67 45 46 7 92 10 62 45 84 98 43 78 14 84 7 37 51 40 73 70 19 53 19 48 66 81 48 86 35 79 51 65 35 42 38 80 7 81 82 79 43 38 23 71 43 35 97 34 90 98 65 24 34 49 11 44 6 38 75 94 61 24 66 80 74 10 28 57 20 89 97 44 12 91 81 48 16 49 98 38 30 11 69 49 81 3 10 67 6 1 89 85 43 92 3 52 80 10 45 92 26 58 65 2 81 42 90 3 99 43 52 29 61 60 66 7 18 22 83 50 77 57 43 44 70 21 34 80 31 69 94 27 96 5 25 5 75 58 15 99 37 45 67 88 72 92 3 93 89 51 97 61 83 8 19 79 65 79 44 87 7 87 79 33 84 14 8 48 37 57 72 80 80 8 11 56 72 16 86 77 72 67 67 28 23 39 97 76 13 46 59 98 9 91 71 30 76 77 84 61 54 74 12 69 46 1 69 84 80 56 62 20 80 47 12 17 21 66 4 44 61 15 75 18 60 10 59 4 32 43 18 43 71 75 28 90 67 64 59 7 17 38 58 39 74 33 33 32 15 78 92 75 1 70 13 49 86 5 91 42 3 63 18 68 88 77 19 66 70 22 18 21 7 72 42 4 88 6 4 93 91 55 64 17 31 4 84 62 44 76 35 25 1 51 77 89 13 56 49 42 15 57 74 92 95 84 56 43 48 89 84 28 11 46 6 87 34 19 87 27 43 54 61 61 23 78 5 36 6 47 21 73 38 32 54 64 56 73 47 70 48 73 44 95 75 78 5 59 4 94 44 3 7 65 50 77 94 99 10 78 26 2 65 18 91 95 80 29 87 76 52 14 98 37 21 40 5 46 29 20 61 12 62 26 65 99 90 36 11 10 6 15 78 96 37 21 75 12 37 58 26 76 4 79 85 75 52 27 33 37 45 81 62 53 31 46 4 89 17 43 51 72 16 11 79 33 64 2 40 55 54
24 60 87 8 49 60 25 97 77 48 91 51 51 37 59 50 43 84 41 41 72 41 92 41 13 97 80 18 43 42 22 7 73 70 65 54 4 94 63 92 36 48 74 16 36 11 29 94 19 56 45 30 5 48 90 22 38 82 18 79 96 92 53 96 7 67 51 52 76 59 29 58 49 23 93 95 96 72 23 30 47 85 4 35 61 85 36 25 25 29 94 37 46 45 58 46 59 95 82 68 74 3 5 53 26 62 69 62 32 85 64 8 50 41 90 39 98 94 60 94 79 94 26 9 68 13 89 97 87 36 46 60 36 45 68 41 35 33 93 33 73 16 83 33 83 83 71 90 8 6 39 36 80 56 53 20 72 9 32 49 22 48 97 63 36 68 58 97 76 56 89 86 59 57 97 21 38 88 17 8 51 20 35 67 45 31 41 74 34 55 2 92 43 14 96 74 99 75 20 45 59 25 26 40 11 8 19 54 36 11 48 81 75 87 14 66 52 31 35 80 65 22 23 66 82 50 68 31 1 80 49 93 54 87 61 60 94 78 36 4 70 9 25 22 48 43 34 86 40 36 27 59 95 37 48 44 8 53 95 5 53 62 93 8 44 44 56 56 61 66 38 38 1 44 9 84 38 83 87 37 29 4 21 24 87 74 44 61 87 51 54 4 8 48 19 42 50 4 83 2 1 21 20 78 1 63 93 90 38 60 12 4 36 55 72 55 37 11 66 97 97 19 17 62 52 72 9 59 32 85 81 92 71 2 23 68 86 28 36 49 62 26 7 66 8 50 19 58 45 14 95 21 6 15 6 87 14 88 39 20 44 71 66 15 73 55 46 67 84 4 7 70 66 79 12 75 39 57 93 84 62 59 31 53 35 79 93 51 6 46 40 51 75 20 45 93 3 20 86 56 24 40 27 74 43 79 95 4 44 72 63 12 51 10 28 37 75 61 58 72 37 11 29 93 4 13 63 38 54 57 40 50 92 71 77 63 11 41 3 79 47 19 10 51 91 29 2 32 90 1 15 76 97 21 60 21 6 40 74 67 22 24 36 94 17 54 83 76 76 86 91 24 23 45 71 12 90 69 64 96 35 49 4 9 44 18 76 52 68 74 43 95 50 58 80 24 7 66 48 41
94 69 80 46 63 53 70 8 42 98 98 31 12 71 26 72 33 48 14 4 45 77 73 89 49 12 45 57 27 79 72 75 55 8 71 66 46 50 56 91 16 53 61 20 64 35 75 83 34 72 54 16 72 47 87 8 69 92 36 97 90 52 9 55 90 64 31 21 22 37 44 93 17 18 8 78 4 33 18 80 79 31 82 68 53 2 26 14 13 98 1 12 7 59 62 9 73 60 16 4 66 60 32 36 66 48 14 49 67 31 80 22 84 10 79 29 8 46 97 87 70 20 33 49 44 10 57 75 63 19 42 91 4 71 58 23 50 72 18 17 24 33 71 55 71 61 19 45 33 29 17 60 8 24 56 50 56 37 90 8 26 68 58 4 69 97 86 96 40 67 1 69 94 98 53 90 99 67 84 97 70 19 85 78 45 51 43 85 42 39 29 39 80 16 91 12 45 98 86 66 34 59 91 42 46 53 97 61 97 5 30 25 19 45 70 5 40 7 75 58 96 2 10 5 29 38 55 69 66 33 12 14 9 58 26 39 89 14 48 91 89 99 20 47 33 34 8 42 56 41 6 36 67 41 45 57 60 96 86 19 34 27 54 43 95 86 45 62 9 82 39 1 25 9 79 35 88 98 27 10 55 18 20 14 25 6 61 15 58 98 10 29 23 36 17 28 3 49 9 42 20 13 17 20 84 82 41 8 68 60 59 94 13 78 10 92 40 62 14 88 57 5 80 54 15 63 5 11 50 61 81 56 39 1 72 88 48 90 53 72 74 70 5 49 42 32 67 75 70 1 37 87 34 24 86 31 57 40 28 49 80 48 46 12 27 37 11 22 35 89 35 42 15 37 48 46 72 44 27 84 45 64 65 84 63 38 99 68 48 84 79 66 1 12 19 36 73 64 76 82 88 36 52 99 65 22 94 39 65 81 57 74 37 56 57 55 60 18 54 99 34 19 27 44 68 86 21 84 87 78 77 9 82 61 95 29 26 66 28 47 30 59 42 57 52 52 91 29 39 83 80 3 2 86 3 13 17 95 83 64 81 78 90 84 6 54 20 76 1 55 92 22 69 54 3 86 19 37 76 33 70 50 14 76 9 22 86 39 55 15 61 16 23 99 24 56 11 56 76 4
76 28 90 80 99 82 87 66 56 34 57 97 75 19 75 70 77 86 58 67 79 96 77 13 75 40 70 91 82 75 81 39 61 66 49 78 15 76 73 84 67 81 78 82 31 63 92 66 12 81 4 28 74 88 44 95 64 86 43 35 12 91 73 30 39 7 26 65 18 34 29 80 52 30 19 31 6 30 63 33 77 62 65 70 98 54 61 50 60 29 68 41 63 91 57 61 89 69 12 16 10 29 78 49 60 51 80 14 86 40 16 99 42 18 85 13 30 38 76 56 88 49 93 3 85 58 42 37 27 13 89 36 8 97 52 45 78 59 10 46 22 16 68 27 84 77 70 11 15 72 63 50 75 95 23 37 84 31 50 63 87 95 38 30 21 5 51 17 41 63 88 13 43 38 60 99 66 79 91 38 7 38 83 72 98 15 65 71 75 34 53 41 65 67 43 63 36 11 76 90 71 50 51 69 65 16 18 46 77 58 89 76 78 41 72 51 66 85 88 33 14 46 37 91 58 80 82 1 36 1 64 67 85 44 18 81 37 3 11 9 67 76 66 28 38 29 29 66 44 56 62 94 17 7 52 94 27 85 77 16 91 64 28 15 21 11 70 71 15 67 5 24 18 51 28 85 67 8 63 96 25 61 49 86 19 74 67 8 19 32 12 4 80 22 69 22 42 39 37 24 60 47 67 93 25 72 38 4 91 95 6 15 21 72 30 40 80 55 4 57 11 76 84 20 73 65 42 47 43 48 46 89 85 22 97 33 79 36 8 6 54 50 63 1 3 52 86 41 66 21 40 14 15 26 99 23 59 85 88 50 90 19 18 48 20 26 50 50 65 32 69 58 31 18 27 69 66 56 4 35 38 7 79 41 14 76 64 63 47 43 73 73 13 98 56 65 84 76 6 19 98 10 5 20 53 40 17 20 74 91 93 61 95 19 8 76 3 33 54 37 10 60 82 55 7 29 66 10 48 91 90 64 39 32 61 83 85 83 69 2 65 9 6 58 34 33 89 18 81 49 97 28 15 47 86 72 18 9 11 73 15 81 40 94 6 63 12 97 2 21 22 70 23 79 4 11 7 89 61 8 90 92 75 53 51 42 29 1 27 21 66 81 52 97 83 2 54 57 64 67
44 73 76 89 7 67 78 92 74 99 50 62 93 58 40 51 28 68 35 88 83 97 58 98 63 57 66 83 98 3 38 35 13 9 51 16 88 88 96 91 99 91 62 80 42 97 77 87 53 17 83 72 66 96 90 33 49 70 37 80 62 45 56 87 44 68 78 75 75 77 2 50 68 58 42 82 21 53 71 51 16 14 4 47 89 17 1 21 27 64 50 39 60 40 88 33 6 22 86 85 9 42 99 79 29 46 28 12 76 80 84 72 14 48 42 91 51 37 65 13 8 94 7 49 38 38 70 63 44 63 52 62 82 31 58 42 95 75 87 14 72 86 55 68 24 62 38 7 15 51 76 75 77 68 22 49 7 28 47 21 40 1 99 62 18 62 95 13 36 64 19 32 73 82 51 1 27 25 56 48 25 86 20 10 10 48 68 35 25 12 23 46 36 20 53 5 5 69 22 76 58 51 62 52 59 11 15 28 68 34 93 10 29 94 56 89 80 1 94 54 63 66 92 44 14 56 47 6 61 63 89 91 85 29 65 51 80 34 2 85 30 21 52 39 65 8 5 66 75 58 59 18 26 59 41 97 31 67 59 72 19 87 47 97 87 43 80 58 65 32 75 39 61 44 40 60 19 65 12 18 73 54 47 72 56 45 82 63 9 96 26 19 81 30 66 4 74 45 33 71 67 8 16 11 24 67 12 41 81 32 35 41 99 80 20 44 66 67 61 80 39 82 73 78 15 28 7 62 45 68 86 45 63 95 79 57 81 66 15 84 22 43 99 68 72 60 62 8 77 48 14 84 44 43 43 39 94 63 83 9 27 92 93 97 80 55 8 36 59 60 2 57 84 35 42 64 89 45 97 94 20 15 30 32 3 75 6 96 72 74 58 44 22 16 54 79 36 72 69 77 22 86 36 98 81 53 97 94 8 74 67 56 70 26 12 14 22 6 77 42 32 37 3 94 13 32 69 30 82 86 87 36 67 68 35 61 81 47 45 9 13 47 25 21 25 25 22 2 30 30 13 43 74 15 41 42 82 43 67 83 24 81 6 34 4 37 24 22 31 64 19 48 75 40 12 81 51 21 36 69 40 59 1 53 44 37 34 76 86 95 22 12 16 63 38 97 74 34 50 88
61 43 15 79 84 74 88 57 27 72 53 35 49 15 60 89 80 86 81 25 26 61 20 80 84 69 48 22 83 31 17 92 61 55 29 32 70 17 89 42 38 87 88 88 25 9 37 87 2 12 74 27 74 69 31 79 92 97 60 80 14 70 13 71 72 97 85 21 4 17 89 95 2 97 98 24 89 59 25 41 88 2 77 54 32 83 10 36 94 59 30 60 80 98 35 41 96 1 50 57 55 85 13 51 58 14 74 11 40 66 13 83 58 62 17 19 86 84 18 9 97 48 2 94 81 60 43 35 88 93 91 59 20 29 68 39 47 84 7 51 98 92 59 49 36 77 81 85 75 92 38 88 23 81 75 84 25 60 78 80 82 42 77 88 51 75 67 18 18 21 73 96 63 14 4 53 92 29 7 60 73 53 35 78 90 20 85 29 9 31 57 7 4 57 50 64 9 94 16 80 94 22 23 34 46 59 45 15 8 88 16 10 87 53 13 43 94 94 30 60 47 60 63 86 92 54 90 38 27 87 4 95 46 84 60 4 54 9 1 27 99 29 83 15 18 50 23 10 26 61 13 46 96 46 42 29 65 78 46 40 54 57 12 72 21 8 47 92 27 78 71 27 29 26 20 63 55 8 83 26 58 1 33 11 61 28 22 11 10 58 73 42 65 1 60 38 16 67 68 22 6 72 90 33 91 8 77 54 23 97 19 46 18 97 99 46 47 78 85 26 29 31 17 14 52 89 11 25 88 18 31 68 32 40 45 67 56 75 15 74 31 71 22 55 87 25 10 57 92 17 49 89 84 15 42 85 98 34 54 81 81 50 21 14 68 10 62 76 31 51 23 52 78 44 59 28 5 31 15 31 34 4 67 15 19 77 87 74 37 7 77 76 50 27 9 32 54 16 23 94 15 75 91 54 46 52 2 12 60 50 79 95 24 72 72 22 56 79 53 88 99 69 88 49 86 82 62 40 89 91 27 80 14 34 50 34 39 59 60 86 85 9 18 56 23 27 2 61 41 83 12 59 88 15 30 17 16 51 38 88 56 81 12 34 24 81 56 21 15 5 36 29 64 79 44 63 69 9 84 42 7 78 90 74 26 32 72 69 73 77 60 48 30 45 93 89 39 61 33 25
82 68 28 61 86 14 69 81 82 82 96 45 78 31 33 9 96 86 99 20 46 58 54 16 99 58 8 89 41 14 61 44 89 96 48 67 7 66 80 47 79 53 72 14 99 44 88 60 65 16 16 89 72 96 99 82 93 75 11 26 48 22 70 91 98 94 27 45 86 19 74 46 81 49 40 30 21 73 83 91 44 66 24 88 95 29 20 51 4 90 59 94 93 62 51 68 7 76 66 79 73 40 65 6 27 54 11 50 65 45 73 29 6 80 39 74 74 5 21 67 11 2 13 38 28 5 93 3 54 18 85 14 44 79 5 41 60 45 16 87 1 37 56 81 29 1 37 5 16 68 24 22 48 13 55 44 45 80 45 9 69 53 28 99 49 33 68 41 89 1 68 15 52 74 3 6 42 37 42 68 26 17 96 78 47 11 78 53 78 81 27 91 17 54 22 87 59 41 9 14 30 80 27 79 64 25 66 71 24 22 96 74 16 60 76 91 62 57 32 26 9 84 25 15 23 26 14 61 69 9 39 89 85 24 5 86 63 80 85 18 66 50 35 88 39 62 98 80 90 42 41 1 2 1 46 26 69 10 37 27 46 9 88 36 76 76 88 62 21 69 21 92 63 8 60 37 47 8 3 2 53 53 91 42 98 14 67 72 46 77 8 58 2 44 47 31 35 94 98 82 41 73 37 99 69 2 64 85 45 43 47 61 72 51 24 55 25 71 10 67 87 57 53 17 29 1 29 68 56 50 21 38 93 79 9 68 53 82 42 17 74 89 82 42 28 52 50 38 25 2 65 23 88 28 84 52 23 5 28 82 56 65 95 85 30 34 75 99 78 11 64 91 31 45 79 13 78 85 3 77 69 57 73 88 54 76 51 5 67 36 19 57 6 24 3 7 28 14 56 53 31 29 68 4 66 88 66 90 33 71 96 19 11 78 78 18 62 83 19 23 61 79 54 87 2 7 87 72 63 94 27 29 81 4 57 81 99 31 40 94 34 11 72 61 52 9 69 29 92 27 89 13 59 9 33 61 4 15 96 73 94 45 60 33 30 2 10 31 71 21 2 63 75 21 18 97 59 7 50 10 80 36 67 30 8 62 43 40 96 97 54 82 9 20 28 52 80 40 65 20
70 87 36 72 16 80 78 91 73 77 69 29 73 97 44 84 7 53 85 46 91 74 30 88 24 63 35 61 19 21 50 57 97 98 81 87 80 52 72 93 78 93 43 51 77 60 45 25 23 2 89 85 31 24 77 20 52 27 65 62 73 90 6 45 46 14 74 78 74 54 88 6 70 9 90 34 76 31 41 14 67 64 54 29 73 21 37 35 80 32 94 69 40 87 51 97 63 68 90 84 11 40 58 4 79 12 32 9 87 41 60 26 30 86 27 16 91 96 45 25 19 27 11 85 59 53 4 71 13 93 36 78 94 13 60 30 5 72 76 24 11 85 55 74 90 26 55 31 88 42 59 15 78 13 60 29 52 73 18 20 22 27 6 86 34 2 53 68 43 89 50 33 54 44 86 71 46 19 44 19 90 73 84 76 92 7 77 97 23 93 82 44 50 60 25 43 8 26 35 75 9 49 21 1 89 47 8 30 30 36 59 56 31 83 57 12 53 15 54 32 39 34 25 8 40 7 35 86 27 38 15 60 20 42 82 38 99 14 6 13 60 77 75 69 10 72 32 13 50 53 51 67 48 15 28 51 32 74 97 20 80 71 62 57 97 19 52 39 28 95 33 23 5 54 72 41 87 60 49 48 18 58 63 26 88 18 7 53 41 41 16 4 67 49 39 20 58 74 29 56 22 58 6 66 76 49 31 50 90 31 7 87 34 77 4 42 9 80 98 82 89 69 98 78 40 18 68 66 64 9 19 79 70 15 84 18 60 69 45 82 62 33 63 98 52 72 74 5 1 93 65 72 13 45 78 23 93 87 86 26 21 16 44 48 76 98 59 37 73 45 4 60 58 58 24 24 37 31 83 27 89 78 33 18 13 17 95 24 44 98 66 95 28 2 26 91 42 66 11 87 21 64 82 33 36 27 3 28 11 73 29 15 63 2 38 7 62 79 35 63 75 69 60 87 41 23 81 62 56 84 56 29 39 53 53 78 38 69 65 38 19 12 21 61 23 76 95 58 10 86 20 3 23 6 17 86 34 40 61 71 32 87 28 83 5 73 12 79 21 91 8 69 64 8 47 1 69 43 38 55 53 62 40 37 54 62 48 21 80 93 88 79 84 8 64 83 22 18 38 46
26 80 85 96 16 91 43 36 76 83 74 72 42 87 71 82 13 24 77 36 35 42 26 64 80 54 77 83 33 92 16 2 38 51 85 51 97 20 27 49 23 48 78 1 42 62 47 18 3 65 61 79 45 46 93 86 90 49 96 9 12 52 81 49 98 4 86 79 26 54 2 71 37 5 63 61 90 41 18 96 43 29 96 76 54 81 1 52 73 51 82 33 64 31 21 82 42 86 40 9 82 73 2 97 41 68 73 46 19 74 32 86 8 77 89 34 6 3 46 19 77 52 80 79 62 57 49 18 83 43 60 93 48 36 42 44 37 93 98 7 3 82 82 59 48 27 5 52 56 31 75 60 92 16 89 3 12 34 29 83 5 88 44 45 97 9 67 28 48 63 31 12 39 17 92 78 20 23 40 59 35 6 83 85 15 92 25 41 52 24 20 5 59 59 96 23 30 30 68 26 55 74 60 91 74 14 30 30 61 38 73 10 43 95 36 57 57 86 6 11 68 18 58 45 41 20 18 58 25 30 47 84 76 64 12 21 63 77 79 10 96 98 88 6 10 84 43 40 23 16 12 26 85 77 19 30 58 63 97 38 70 85 38 32 99 18 30 97 78 38 2 71 3 86 97 73 25 30 14 48 50 14 78 40 82 43 18 54 52 59 28 53 67 19 79 32 95 8 7 13 7 9 78 87 9 11 19 8 61 40 55 75 82 70 5 10 53 24 65 77 34 51 50 91 78 52 58 71 55 19 89 37 96 23 94 70 95 58 67 35 94 33 76 43 35 73 10 65 64 19 58 44 41 2 62 82 21 31 80 72 41 7 89 84 90 25 27 28 85 26 44 75 76 72 55 84 32 67 10 91 59 56 54 35 50 55 72 47 98 77 51 4 90 31 7 23 81 9 85 55 62 13 76 12 29 8 74 70 24 76 85 36 63 85 11 11 83 89 62 10 48 77 82 75 18 34 74 88 17 68 76 1 44 64 73 79 53 2 40 72 11 62 29 53 90 55 22 63 15 9 30 84 98 17 3 14 66 86 30 65 41 2 33 86 51 98 32 39 19 46 30 59 89 48 35 59 78 45 44 83 17 77 25 58 86 55 50 85 82 90 23 77 83 29 12 23 38 20 35 36
96 53 37 89 90 69 85 84 76 47 84 78 95 43 86 79 56 49 49 6 34 43 12 58 30 76 91 81 17 30 91 19 7 11 74 77 58 65 52 13 14 53 49 89 30 85 1 8 88 36 90 92 15 73 78 68 64 44 43 66 90 87 69 26 36 15 46 58 86 12 61 91 81 57 71 20 96 72 44 41 98 64 57 53 68 96 87 78 57 74 7 92 76 40 7 74 40 41 54 55 61 89 98 53 94 13 29 70 41 91 85 58 67 91 45 56 54 96 70 81 77 69 84 8 28 62 1 90 83 17 57 33 22 3 94 99 59 24 89 40 66 21 60 69 49 43 98 78 23 14 76 30 71 60 42 26 31 23 64 79 42 42 90 52 59 39 32 54 59 92 10 34 18 98 44 38 19 39 51 87 97 71 47 11 11 29 52 89 73 67 3 25 51 49 17 44 5 22 13 81 72 10 78 99 67 32 22 70 75 78 62 49 92 62 38 27 70 50 93 11 53 26 82 41 22 65 28 31 76 82 24 1 81 87 41 32 91 55 43 2 10 72 55 14 48 78 63 63 10 72 23 8 17 65 91 62 47 71 54 38 32 94 85 79 9 87 71 1 44 91 66 29 68 5 14 41 97 96 66 45 62 39 16 49 31 14 22 54 72 48 27 5 34 79 58 39 53 7 33 19 35 76 75 15 54 80 78 10 23 52 98 71 13 72 91 24 16 78 20 17 36 25 1 59 15 26 49 96 6 45 87 95 94 88 32 85 17 70 61 44 28 19 27 42 2 27 8 92 72 76 55 23 66 32 66 15 88 24 53 22 60 90 87 2 85 81 5 76 63 15 87 31 76 30 62 69 89 88 73 41 3 41 3 90 68 32 21 23 52 59 5 20 55 5 75 77 69 28 33 10 10 78 83 71 63 64 93 92 2 6 76 53 57 5 93 60 45 38 52 28 94 12 90 67 73 16 66 61 55 58 60 47 7 4 47 20 87 10 67 4 82 13 29 77 74 48 60 17 43 50 53 18 49 24 23 87 9 84 88 72 73 12 27 39 17 42 2 72 28 13 68 34 28 33 73 87 52 56 2 52 97 57 77 37 5 85 27 95 70 50 81 72 53 59 88 28 20 30 80 6
5 47 47 65 40 70 40 84 86 7 43 30 31 91 38 36 97 94 81 93 38 89 74 59 91 9 72 45 88 81 89 71 99 40 89 21 29 28 37 44 17 15 8 92 71 19 98 29 42 50 56 50 6 13 93 42 89 47 93 8 50 67 29 30 62 66 62 13 48 52 24 13 81 86 36 34 52 64 67 86 54 1 62 48 59 74 86 61 83 67 38 93 16 79 70 39 18 63 56 40 46 5 25 12 13 52 62 82 69 73 27 86 79 85 91 80 19 61 85 42 53 21 84 26 79 68 78 94 60 31 32 30 53 38 21 10 31 44 3 29 65 98 23 64 91 88 52 36 89 7 5 64 41 65 15 34 22 41 87 47 64 45 67 68 30 81 13 75 51 99 63 12 48 87 89 42 25 59 63 1 34 35 48 38 54 6 75 76 19 59 54 33 72 16 16 70 41 78 15 41 59 27 58 85 61 26 9 82 91 4 44 25 58 39 13 46 4 21 82 99 49 35 12 70 1 78 72 61 79 91 56 94 36 94 60 69 84 21 61 67 50 31 76 7 44 42 77 78 8 80 98 62 3 38 52 38 34 31 49 43 11 37 19 96 45 3 59 73 3 46 95 53 23 1 9 59 44 28 64 4 5 10 53 23 8 8 85 43 67 44 11 43 27 36 2 6 33 98 99 9 47 73 9 31 56 40 65 68 56 68 90 44 12 65 70 29 68 59 47 39 27 17 62 90 67 31 61 8 56 10 86 52 55 45 15 23 47 75 36 98 59 40 96 28 13 17 6 11 11 94 96 50 49 77 51 82 35 57 14 40 4 2 32 52 84 45 99 17 67 68 79 83 95 56 38 70 18 56 50 91 35 80 46 22 64 48 89 51 81 9 9 42 99 81 39 83 47 77 88 72 19 78 19 11 3 90 36 48 11 27 5 31 93 92 97 86 44 18 14 94 71 97 38 4 16 77 30 75 95 72 88 46 88 4 71 88 79 2 39 36 79 89 16 44 61 72 3 6 57 54 58 21 7 5 99 31 21 93 1 92 93 36 40 67 29 3 92 15 80 1 4 99 45 44 74 55 79 68 61 93 85 66 16 8 1 69 36 23 85 68 47 9 9 2 72 59 24 23 99 93
23 99 97 96 71 80 42 71 91 18 53 83 60 83 75 49 18 57 47 44 19 43 29 38 28 60 32 46 12 54 75 26 85 66 69 76 72 14 21 62 83 76 93 77 8 99 8 58 92 14 93 51 96 40 97 68 2 45 1 26 70 28 20 40 9 41 92 78 52 89 59 67 41 34 59 98 6 90 60 80 32 22 78 70 10 78 70 25 62 94 98 67 33 93 83 69 30 79 91 56 95 99 55 18 8 62 52 62 6 41 3 1 83 32 60 34 91 41 90 74 2 74 91 51 14 23 58 96 10 94 94 86 45 81 42 86 14 51 77 46 18 22 95 58 20 33 63 3 58 96 63 62 35 90 30 13 48 18 85 24 16 3 36 2 89 58 53 37 8 15 23 7 52 6 80 18 44 44 38 56 61 78 12 48 3 31 67 84 47 11 39 9 99 67 30 41 49 73 66 59 29 96 8 93 77 44 57 18 18 76 53 73 58 32 10 69 59 74 83 9 1 96 5 25 42 93 1 28 6 60 81 95 18 45 80 11 58 87 72 83 35 51 19 77 64 70 30 84 1 52 37 14 70 72 94 52 30 73 14 70 7 73 1 48 92 15 40 89 30 9 27 50 81 3 49 24 46 97 37 69 18 90 86 62 44 10 3 60 70 13 11 39 12 69 36 81 14 77 84 48 67 55 66 56 59 50 5 89 71 11 47 55 11 42 49 94 28 68 69 32 64 73 87 36 53 70 37 55 73 19 5 54 20 21 9 27 84 86 81 41 36 62 41 52 15 72 43 9 85 86 19 38 82 91 95 51 45 89 82 98 76 64 63 42 47 13 55 87 39 89 93 37 25 4 10 35 71 34 74 82 31 65 17 23 82 76 17 95 75 69 76 22 20 50 57 1 23 9 5 58 82 54 98 42 40 9 97 94 46 71 40 2 78 1 10 86 57 62 49 79 44 93 24 62 1 12 16 9 93 45 53 6 37 92 81 60 69 50 29 43 12 55 95 27 89 81 6 77 54 50 52 58 59 1 4 81 69 94 9 52 78 50 1 18 24 16 63 6 46 94 20 20 92 75 8 70 9 17 26 2 75 96 44 79 3 90 44 72 84 87 32 81 26 46 10 17 64 78 2 44
74 78 93 52 72 53 93 22 36 90 72 15 47 94 8 48 88 63 58 70 81 65 58 87 3 91 1 79 28 92 30 85 92 94 76 27 74 49 72 60 15 38 72 49 18 48 34 91 93 80 2 96 55 79 4 5 17 4 61 66 93 46 6 2 48 94 56 50 86 60 89 5 52 80 81 71 70 21 28 39 44 58 27 49 81 81 80 72 11 67 6 61 65 1 57 50 73 86 12 66 56 59 68 12 90 32 52 75 18 21 61 98 46 56 12 29 32 16 15 65 49 52 49 61 18 86 45 49 27 71 88 16 72 29 83 93 80 58 68 46 34 29 89 11 5 61 64 3 41 49 26 37 10 90 80 81 92 91 58 74 61 12 70 49 37 2 13 62 53 36 41 3 70 98 28 83 73 60 98 60 27 13 38 35 96 22 89 26 28 95 76 81 9 18 65 43 90 5 89 83 87 67 57 96 22 74 86 82 20 99 79 76 19 73 49 20 43 24 61 19 38 82 55 4 67 93 3 75 71 51 37 88 36 13 21 19 68 85 10 47 67 41 49 73 70 48 63 10 48 63 3 62 80 48 3 33 95 74 44 65 76 77 36 59 94 82 50 43 41 28 45 25 41 57 41 95 74 82 6 9 7 47 80 4 29 42 88 17 94 1 46 60 76 10 48 3 60 51 51 12 32 14 57 46 9 24 11 86 13 56 28 35 51 9 51 11 97 71 12 18 40 2 98 58 37 94 19 8 90 39 26 27 41 16 48 4 44 93 34 55 65 75 20 42 71 70 7 5 65 4 1 41 63 20 17 58 3 11 35 87 51 57 72 47 5 57 99 54 45 90 88 10 46 92 44 54 75 96 54 70 95 6 33 8 34 4 16 17 35 60 8 29 80 97 10 70 74 90 76 45 91 45 35 41 35 51 37 6 49 35 4 94 1 8 77 27 69 67 38 5 32 37 89 23 70 8 50 56 40 28 55 68 72 50 19 5 8 90 75 59 5 96 11 4 18 85 33 44 15 99 67 6 64 91 29 81 13 61 31 15 32 66 7 49 10 86 6 99 29 96 39 12 69 5 33 27 13 13 22 48 49 20 2 30 57 49 12 23 14 63 95 72 37 81 19 66 61 24 92 70
65 78 42 83 89 68 55 98 86 69 63 93 95 96 86 50 41 56 52 83 16 49 95 1 98 6 34 50 61 97 80 96 15 65 39 12 21 87 86 12 81 64 60 93 60 28 7 29 64 97 95 82 67 22 6 6 54 99 56 37 59 30 95 38 68 85 31 97 6 62 99 22 46 43 46 79 37 92 59 63 40 95 49 40 24 58 66 62 19 80 80 94 91 67 32 50 89 25 6 14 96 38 78 69 11 54 96 32 68 73 56 8 54 20 62 59 77 85 80 53 82 91 91 32 34 91 5 25 12 91 16 1 68 44 95 78 36 36 75 86 29 69 31 51 47 9 91 52 90 73 52 14 64 47 83 62 29 35 11 39 32 62 14 32 3 16 52 38 23 91 27 75 62 43 34 92 86 47 17 45 24 64 7 52 19 21 8 97 88 57 9 11 42 68 95 40 83 59 39 84 50 73 53 49 19 35 62 41 56 23 31 12 66 40 34 2 61 46 33 98 27 54 23 20 87 30 55 46 38 62 78 72 45 43 2 49 20 1 6 5 19 85 99 99 43 47 7 8 40 65 29 16 29 61 55 79 80 91 94 4 99 60 49 54 93 84 11 21 11 7 30 85 19 91 35 56 94 83 7 75 44 64 61 56 43 70 20 29 99 79 48 82 24 16 12 32 9 99 66 71 28 16 52 55 53 98 39 84 75 93 42 38 24 12 81 81 65 19 2 49 78 33 75 86 35 75 60 19 98 41 19 45 35 44 67 50 61 48 9 45 2 51 43 16 97 89 49 58 35 48 17 40 25 57 26 51 59 58 84 26 33 26 60 93 66 28 70 22 10 64 93 84 65 30 14 85 69 24 16 41 69 39 50 63 69 52 57 59 23 65 51 44 61 86 90 1 51 49 39 12 68 93 84 9 90 73 34 19 41 54 12 12 38 38 3 92 27 75 77 50 30 53 32 74 91 51 59 20 45 70 94 16 39 5 98 25 7 38 7 1 58 2 61 32 31 49 91 72 29 47 35 94 9 89 55 50 34 67 69 74 95 97 54 32 5 16 2 2 76 76 28 62 85 19 42 23 48 65 90 23 98 34 4 19 91 96 29 41 97 45 82 65 9 11 99 6 48 69 20 83
