20 500 42037 140.35
39 40 60 49 79 69 93 73 61 50 90 78 37 98 72 84 66 85 72 80 88 10 6 90 15 69 34 11 57 56 92 71 61 30 53 72 41 86 91 65 73 69 41 52 14 23 97 7 98 10 92 19 91 9 77 91 48 33 95 14 84 55 74 84 9 61 78 65 20 81 74 39 25 25 50 89 11 30 25 27 59 3 86 85 77 92 78 30 69 36 27 26 80 99 8 30 9 9 97 60 44 59 11 24 98 35 11 48 88 93 84 21 22 68 98 13 18 26 38 80 16 46 22 92 66 11 18 63 94 20 78 33 1 88 18 38 40 50 27 36 31 8 59 68 74 56 43 70 92 3 52 67 37 38 51 51 10 53 9 59 53 10 41 65 40 61 17 29 22 19 2 9 57 15 2 23 81 19 21 38 72 95 14 86 16 41 4 11 75 33 83 59 33 64 55 53 75 60 70 45 46 23 76 38 61 31 36 16 55 13 87 84 78 65 4 35 34 88 89 31 45 86 68 82 25 23 40 30 63 60 39 30 21 4 18 57 88 98 53 86 7 9 5 38 6 26 3 50 93 8 44 48 86 8 59 29 23 76 67 29 85 74 90 61 39 91 47 40 43 30 73 67 73 5 2 47 95 20 32 36 79 41 12 16 70 25 76 43 43 88 78 35 71 10 32 76 63 83 16 34 66 1 66 82 48 72 72 64 58 50 77 32 57 41 49 30 54 85 10 95 64 39 90 42 5 77 14 60 57 87 79 30 18 89 63 82 1 11 53 94 55 79 53 96 43 88 83 75 44 51 26 72 32 25 72 99 83 47 72 3 42 63 34 77 45 56 39 12 98 31 71 12 70 34 56 3 45 55 41 12 42 28 88 33 53 1 45 1 42 94 33 85 29 25 61 20 37 52 48 46 94 55 67 69 57 30 11 17 77 70 24 27 77 11 94 96 79 81 17 82 72 81 73 12 53 20 61 79 58 76 82 18 24 32 73 7 68 5 1 6 92 49 98 28 83 5 68 13 7 77 20 90 58 38 25 50 98 22 64 58 36 87 82 92 32 40 55 41 87 71 52 29 64 68 50 32 36 14 24 58 74 4 20 26 31 85 24 36 17 28 11 48 6 95 13 67 49 28 79 80
77 96 88 66 50 85 92 76 92 34 68 9 41 48 31 79 94 53 48 34 75 65 85 61 62 95 20 50 92 88 65 88 86 79 50 42 87 18 73 6 57 39 74 34 34 55 76 62 98 28 58 5 23 86 66 55 13 73 89 14 45 8 36 58 71 22 8 16 22 38 82 1 18 34 87 30 31 20 62 60 70 8 51 93 62 36 31 27 48 53 71 43 73 4 39 23 77 90 38 43 5 47 83 92 69 74 53 68 4 72 55 11 45 23 8 78 49 90 97 39 18 1 65 27 15 79 30 82 92 68 63 18 70 85 87 26 56 60 84 49 33 81 57 97 36 21 5 32 91 48 13 16 70 66 79 95 24 25 41 77 31 77 24 2 14 40 37 72 86 96 87 46 60 47 69 24 80 10 85 9 34 76 5 73 81 19 15 63 20 87 74 60 10 29 55 50 66 73 20 49 27 47 18 24 87 88 3 86 99 99 50 8 15 7 52 39 99 45 96 91 49 97 90 39 43 72 16 5 2 3 49 46 48 78 28 41 10 86 60 50 21 86 20 67 86 31 78 49 80 56 21 28 46 12 93 22 59 33 4 89 56 72 53 55 45 86 22 38 72 96 30 97 98 91 86 65 95 13 89 31 27 35 26 8 86 21 40 54 49 86 41 31 69 29 21 18 40 81 53 65 8 11 64 92 75 76 71 29 91 10 55 73 73 52 92 97 57 63 85 89 53 53 86 81 72 9 2 26 26 24 10 7 46 14 7 74 5 29 8 48 41 82 3 3 66 58 49 49 75 89 44 10 30 17 75 81 69 53 89 92 67 32 40 43 48 13 93 32 71 57 41 25 75 32 57 12 29 98 1 5 70 33 78 33 86 86 63 11 62 67 39 31 52 62 80 81 75 64 19 41 75 28 82 25 81 98 59 65 68 38 13 60 61 73 46 29 71 80 33 22 2 20 45 22 42 14 88 80 88 39 57 25 29 83 66 30 30 80 58 40 6 32 49 28 72 29 45 75 95 30 60 64 46 39 96 22 22 96 1 43 60 53 68 55 61 9 75 25 92 49 16 55 51 44 18 97 57 88 67 16 86 70 61 11 58 38 20 81 46 28 74 83 29 62 58 44 94 70 80 34
99 49 77 62 19 8 45 57 96 18 45 54 89 44 51 45 27 51 60 72 36 30 31 60 70 97 36 76 71 29 39 24 96 35 73 43 83 64 65 67 54 61 49 24 84 54 51 65 47 93 80 40 63 73 25 55 48 81 84 74 63 95 50 88 27 33 88 65 22 91 33 74 73 88 74 83 99 9 7 28 75 13 35 38 1 89 68 83 49 8 93 42 15 57 29 48 11 60 19 63 98 45 22 61 7 19 33 7 35 69 95 28 95 2 95 9 37 73 91 58 84 33 38 9 68 9 2 96 43 79 21 52 35 68 65 10 5 43 71 50 38 49 16 99 64 33 21 92 29 86 58 58 42 30 83 27 24 20 19 87 5 65 92 65 44 4 78 61 43 59 55 59 44 17 36 64 32 36 28 57 31 42 53 66 84 59 20 64 71 25 63 51 99 15 28 14 96 87 77 40 44 58 49 72 28 3 83 19 98 16 52 55 67 80 92 22 50 6 60 18 4 58 68 24 56 33 69 13 16 1 68 19 84 97 46 43 69 79 72 25 26 97 57 93 48 5 33 54 42 33 21 93 77 20 71 90 42 72 41 46 47 17 59 82 14 5 84 52 61 35 21 56 2 30 72 46 20 34 51 54 35 73 56 11 30 78 13 15 38 31 69 45 34 71 14 93 23 61 67 39 44 98 72 37 26 99 80 95 97 63 35 29 41 3 67 12 40 60 16 14 94 71 97 77 24 6 20 96 44 46 60 94 16 22 86 76 63 14 39 8 72 72 31 91 69 59 38 76 36 26 59 28 24 31 8 29 72 75 90 68 16 65 43 97 5 50 60 87 27 61 74 84 61 73 84 61 31 34 50 46 97 81 81 65 68 5 12 55 49 62 75 81 96 45 89 94 64 86 80 78 10 39 49 21 80 68 51 94 74 42 12 32 79 3 70 2 57 50 57 34 26 66 55 22 3 30 61 27 23 54 28 47 88 85 1 89 3 9 73 45 54 67 87 44 20 74 78 17 47 91 71 21 70 6 1 52 21 56 95 8 40 96 77 98 58 63 94 49 5 16 77 14 91 68 98 39 74 41 87 9 97 53 44 86 14 91 9 78 64 44 6 8 62 17 78 63 22 21 31 72
38 28 67 42 67 37 47 92 13 60 72 81 99 93 74 33 94 52 53 72 32 61 31 84 62 24 42 27 7 95 91 68 75 14 66 41 69 51 39 83 65 66 69 81 30 61 37 22 40 44 55 54 49 27 69 48 57 66 45 65 65 73 57 31 93 76 43 70 76 56 63 63 54 37 51 67 47 95 7 77 87 92 41 62 69 75 75 32 80 74 17 56 2 1 12 21 17 96 64 95 80 28 57 30 58 91 84 20 25 67 46 38 94 16 19 52 20 55 23 17 40 89 56 38 21 98 81 88 22 81 44 39 2 10 83 79 73 45 8 52 98 23 71 1 5 91 52 8 44 66 52 82 27 5 16 66 50 60 29 18 89 4 67 1 88 98 25 54 91 40 74 97 91 34 53 76 30 23 89 83 53 10 78 31 46 39 44 53 50 37 45 26 73 96 12 61 94 99 7 4 35 67 8 26 48 79 85 76 89 47 48 42 58 45 74 44 8 20 4 1 86 54 21 39 12 17 30 72 24 82 26 18 68 14 43 18 72 7 55 70 93 67 52 51 47 86 78 66 63 77 71 92 3 92 55 68 10 9 56 16 91 62 53 22 52 99 73 11 68 32 94 64 74 98 74 78 17 99 93 8 50 15 75 49 86 95 29 16 35 54 23 18 63 52 18 9 1 70 69 63 37 5 98 75 74 41 40 83 14 40 35 42 68 51 63 57 35 72 52 97 32 78 94 84 79 14 9 91 24 77 88 79 42 80 94 59 58 5 37 89 12 15 60 44 82 84 62 71 59 54 49 27 35 64 6 24 81 68 17 2 25 56 5 61 11 29 58 41 81 47 93 8 69 88 58 43 3 24 45 66 80 81 94 19 45 4 33 7 3 54 43 37 78 80 67 43 77 90 33 33 7 13 18 46 39 93 98 36 11 82 96 24 8 26 45 38 32 7 96 60 37 26 76 85 87 51 32 76 48 80 62 49 37 67 45 61 68 6 47 34 78 56 52 51 63 48 41 60 31 65 12 75 31 87 86 15 45 1 12 64 66 9 6 69 28 33 63 1 3 2 92 85 50 77 62 56 23 57 96 23 4 54 85 71 82 2 8 34 96 51 48 15 20 56 70 60 38 11 25 72
75 89 98 77 45 35 83 5 66 61 75 74 55 28 34 58 61 41 36 60 68 96 98 63 80 98 61 51 79 73 2 73 42 28 58 58 76 78 71 6 62 17 77 31 84 69 57 27 89 72 90 99 56 56 17 50 9 68 68 57 7 87 16 15 51 22 74 81 4 86 38 86 86 88 62 69 69 73 70 22 31 83 38 57 55 63 50 79 94 47 67 36 87 68 36 14 8 13 13 87 83 56 63 7 84 6 77 22 93 30 73 30 21 14 44 17 41 66 31 58 30 36 71 58 19 56 88 93 21 56 61 34 50 17 59 91 6 47 76 9 49 15 37 70 17 52 38 42 56 28 18 79 61 61 12 14 86 1 87 37 6 8 42 33 11 77 3 68 88 47 20 7 86 62 8 99 24 16 15 97 24 47 71 81 73 81 75 90 86 6 91 8 23 10 53 98 40 10 17 73 13 51 84 26 77 92 89 78 62 15 9 22 40 73 84 36 90 19 97 77 64 97 7 59 20 93 1 42 97 81 26 46 59 6 71 86 69 41 84 75 81 6 32 71 26 68 99 83 27 69 6 61 61 3 47 98 28 14 86 50 21 4 69 44 51 90 5 55 99 43 83 35 60 50 62 94 15 57 51 85 45 8 88 33 60 75 2 79 1 34 61 1 33 5 32 9 1 68 45 67 21 36 79 23 37 43 35 83 81 79 61 44 64 80 99 29 60 63 11 32 53 2 27 26 36 47 58 25 87 13 52 24 72 8 22 30 96 28 44 51 36 79 10 80 4 40 44 43 3 70 12 4 88 83 51 46 69 78 55 6 10 26 23 55 17 66 17 87 11 25 77 57 24 4 89 97 98 53 17 15 12 50 86 77 29 15 44 32 58 92 42 44 49 43 7 4 1 25 50 28 1 4 7 19 82 31 12 77 55 74 83 38 70 15 15 81 78 28 5 26 22 69 52 67 55 12 35 20 8 25 21 19 30 89 59 93 60 88 48 88 18 93 25 19 11 70 97 82 63 16 5 62 80 45 25 93 17 61 95 22 39 72 15 18 68 45 2 52 56 95 5 98 78 7 84 9 76 60 3 97 13 70 34 1 16 76 48 72 76 19 8 76 99 63 23 79 88 90 3 60
71 19 20 83 82 91 84 33 96 22 85 16 46 73 97 61 47 66 96 11 74 85 54 30 95 54 81 82 46 65 96 41 95 98 86 83 46 24 5 45 31 91 93 43 68 27 25 54 27 78 71 9 29 74 36 52 33 54 54 68 94 40 73 49 15 34 81 81 8 42 89 49 43 85 20 43 40 51 46 40 24 51 89 22 51 57 44 72 25 78 3 30 85 20 81 82 60 89 4 72 27 86 93 21 87 5 67 62 35 45 17 12 6 87 45 66 6 18 46 92 44 33 87 77 88 65 28 15 3 73 72 92 90 73 34 65 41 21 92 28 68 53 17 26 86 72 56 58 1 1 47 42 6 60 68 83 33 98 56 75 37 85 39 56 59 22 14 24 28 51 10 8 47 87 2 21 12 32 31 48 28 80 97 2 78 26 74 25 77 98 88 8 62 37 86 4 13 6 97 10 99 78 66 16 76 95 49 61 70 43 93 45 62 67 80 56 10 69 66 3 66 26 8 36 98 73 52 86 63 61 78 61 88 39 58 32 19 30 96 57 6 1 30 25 2 47 72 18 64 8 64 57 60 1 92 12 86 2 49 48 79 13 59 49 58 75 96 82 76 99 92 51 7 51 3 11 74 55 30 74 63 27 73 62 63 1 42 8 70 6 11 74 36 57 73 23 69 8 59 40 63 78 32 54 52 25 63 78 92 45 19 43 93 43 69 29 42 54 75 34 62 50 39 54 8 27 44 74 96 63 1 20 65 87 93 75 24 4 63 2 35 23 96 84 83 97 43 74 6 40 61 75 84 21 17 42 92 87 20 2 79 2 25 42 83 6 52 76 42 94 63 26 41 32 23 19 61 60 68 36 84 58 81 83 30 96 44 1 80 69 20 44 80 31 27 21 42 81 8 75 68 32 3 47 72 42 54 30 76 16 62 5 46 99 81 54 86 15 36 5 5 48 37 94 53 76 30 97 43 93 10 64 92 86 30 48 22 75 90 80 7 46 71 88 90 58 90 58 27 41 36 76 21 11 16 70 13 24 75 34 31 5 39 79 17 74 73 33 70 74 35 53 22 6 19 51 24 74 30 19 12 84 97 12 16 77 20 81 80 88 37 61 89 75 69 2 76 7 12 11
60 75 72 89 96 51 91 61 27 35 35 98 33 76 25 51 3 32 45 90 98 93 46 40 21 37 47 67 80 96 74 2 51 58 88 26 23 83 73 82 47 16 94 44 50 25 58 7 63 16 99 92 63 90 21 82 62 80 42 54 36 18 84 47 20 82 41 9 94 35 36 22 87 77 39 39 40 77 41 68 39 68 64 83 65 74 5 94 37 36 21 24 44 89 93 12 44 1 99 97 58 66 54 54 58 23 55 23 17 29 49 46 54 56 99 32 76 23 62 34 73 13 4 8 25 8 35 27 99 61 63 12 4 28 5 31 61 1 4 42 23 69 68 83 25 25 48 37 26 4 78 5 95 54 36 87 54 51 14 50 40 71 54 73 41 49 80 54 32 40 55 84 43 45 5 12 41 14 3 41 77 92 85 14 43 59 49 31 22 69 15 80 70 42 60 83 59 96 33 60 57 85 70 37 4 46 55 34 26 41 93 15 95 46 61 37 82 75 86 26 49 92 32 73 14 21 37 30 85 87 44 93 62 73 94 84 18 77 67 44 33 44 45 39 68 82 35 37 57 84 9 85 36 86 50 4 60 39 24 15 1 28 56 93 71 16 45 19 68 14 78 64 9 8 90 65 5 17 91 31 84 64 61 82 18 20 85 58 27 41 44 59 76 31 4 27 16 36 52 6 63 23 30 79 86 45 73 71 59 93 44 67 3 99 93 46 86 31 28 24 93 81 71 83 48 47 56 1 15 99 80 62 56 85 79 99 30 67 92 84 66 22 55 53 55 63 13 59 30 72 91 35 69 64 85 84 59 16 93 32 63 39 49 30 83 47 22 41 89 11 73 6 9 9 7 49 93 90 11 93 29 72 6 36 78 67 28 58 48 22 19 69 89 52 81 67 40 7 17 60 25 37 80 64 38 21 13 52 46 41 12 4 24 37 21 18 93 41 71 45 6 43 81 80 88 10 41 89 52 84 49 1 73 96 10 32 9 51 52 36 93 29 8 77 56 12 40 95 79 15 10 8 81 31 64 48 34 9 8 81 41 88 36 77 41 42 24 36 47 94 11 73 22 50 87 61 97 25 75 63 44 64 25 83 53 14 45 75 42 77 44 23 27 9 63 41 7 7 57 90
91 89 77 7 5 79 49 76 46 96 97 27 38 56 76 85 52 83 29 27 72 78 56 40 20 25 37 85 96 58 63 18 1 48 41 95 75 14 93 9 89 98 46 57 98 80 17 88 24 55 39 76 84 47 82 73 69 92 98 96 87 80 50 54 2 64 71 21 40 51 9 28 10 76 74 29 5 32 16 58 54 65 90 39 1 78 13 49 24 19 30 99 82 7 83 94 48 86 50 64 13 57 40 4 58 62 33 52 62 62 77 50 92 50 34 4 81 59 70 77 72 6 76 30 78 73 44 34 24 77 8 34 27 33 14 91 89 96 86 67 82 13 67 50 44 70 30 50 3 91 55 49 50 71 19 12 66 48 20 27 29 87 48 10 39 29 21 49 89 15 5 28 29 68 21 85 81 19 23 26 41 47 1 98 7 59 1 83 5 2 96 76 21 11 54 40 78 94 29 92 13 53 87 81 1 78 82 64 36 32 19 40 94 39 99 80 80 32 87 3 38 48 14 21 70 70 21 80 60 25 49 1 80 88 99 47 60 86 70 66 42 42 62 27 97 3 14 41 67 4 59 14 67 40 47 1 56 22 33 19 23 91 30 19 43 50 68 51 65 89 80 26 25 73 43 65 34 95 75 60 90 85 21 22 56 64 72 43 33 39 83 82 68 49 78 84 23 77 96 78 28 96 56 83 33 80 64 97 41 91 73 85 5 78 18 30 82 76 51 89 87 77 38 7 50 12 38 65 54 70 30 87 64 17 54 13 36 69 16 70 6 34 11 98 9 5 76 87 46 9 15 88 73 71 15 18 60 70 80 48 42 72 14 23 39 57 49 83 21 13 13 40 53 94 62 80 29 20 23 67 12 57 56 32 75 96 21 54 26 25 8 61 58 37 31 25 36 55 1 17 81 39 51 28 35 70 9 15 4 46 45 56 68 61 48 87 34 38 23 57 87 38 68 24 47 18 57 44 91 68 67 31 73 19 54 50 63 76 15 53 72 63 30 93 35 83 63 11 73 3 27 52 90 45 81 35 52 26 28 22 86 84 69 53 55 59 33 46 26 13 41 89 84 23 7 96 23 49 60 55 66 94 30 80 39 65 64 3 79 93 14 2 25 67 16 67 37 94 53 27
86 32 25 26 95 6 65 65 93 57 94 61 99 85 28 92 49 63 67 74 50 89 12 95 95 31 70 8 46 50 79 37 55 94 89 88 39 59 25 13 80 7 45 94 14 51 53 74 7 62 44 86 25 34 30 79 45 63 14 12 34 5 75 24 51 55 5 51 59 5 60 79 80 36 1 73 73 96 99 54 7 89 35 2 71 13 21 80 62 43 93 13 62 95 30 96 66 34 56 37 64 90 27 23 48 60 52 77 26 29 76 79 97 27 13 89 30 39 61 1 28 62 64 75 80 49 88 84 50 34 39 65 12 62 65 56 40 93 43 19 8 69 53 22 39 71 79 21 63 20 1 87 17 36 39 94 31 99 61 37 61 12 87 14 21 4 80 85 6 20 32 37 41 89 39 63 67 50 77 5 82 79 32 79 7 87 51 24 49 76 80 2 46 98 8 39 78 88 63 69 60 29 19 20 18 40 23 29 22 31 16 23 23 80 22 29 42 32 49 81 30 20 15 45 57 28 37 47 6 21 19 16 45 14 39 66 50 98 78 59 43 57 25 67 23 11 10 83 41 34 63 6 24 6 98 18 28 25 43 8 72 63 87 54 17 71 21 80 68 23 64 62 72 6 98 37 73 84 8 57 7 35 49 50 71 54 71 92 24 52 13 59 63 77 41 76 17 96 38 99 84 83 58 36 8 97 83 21 42 6 88 15 50 15 79 56 5 53 68 38 82 23 75 37 62 82 79 53 88 75 27 3 44 53 95 52 60 12 33 16 38 7 3 51 67 14 7 28 13 50 60 20 74 84 6 12 87 35 80 21 67 66 25 5 43 48 11 8 10 12 3 33 44 83 80 93 64 84 37 66 67 76 52 82 26 55 68 29 49 42 69 57 1 14 26 9 75 5 5 21 48 11 10 90 64 42 51 3 42 35 41 85 6 85 31 13 93 81 28 3 10 46 16 49 48 11 54 77 7 63 18 73 29 49 72 67 40 67 30 45 14 6 29 8 8 29 26 73 92 81 46 44 74 45 70 57 36 1 72 16 95 13 8 86 10 58 48 62 83 30 28 98 4 74 61 28 13 52 29 40 37 3 21 47 13 75 76 7 48 8 63 33 6 45 85 59 50 67 89 74
79 93 15 64 89 90 76 58 99 62 24 76 87 23 75 26 19 9 47 34 19 54 53 74 63 87 61 93 25 63 78 51 30 84 12 16 4 56 46 95 19 64 4 81 47 14 77 72 68 34 81 41 40 99 37 71 79 55 26 76 96 88 18 37 63 91 9 40 49 48 59 67 46 23 26 66 12 54 79 1 74 10 62 38 85 39 49 30 43 89 14 18 13 14 61 74 66 24 82 18 38 53 85 70 29 47 58 26 34 53 26 64 90 87 44 49 32 63 86 7 70 13 15 32 15 20 94 92 18 12 11 27 13 36 71 65 12 39 43 97 55 88 67 94 27 29 73 63 6 85 40 21 9 79 74 33 54 82 27 10 47 93 63 69 2 50 85 56 57 51 94 74 59 48 86 29 60 14 7 30 17 71 73 7 15 15 52 33 69 87 64 7 15 73 35 36 63 35 31 9 94 51 62 19 4 51 77 93 52 56 48 69 98 28 5 90 24 9 1 1 81 73 26 37 62 51 51 22 68 25 7 29 88 12 13 12 70 98 37 54 23 68 4 67 96 79 99 8 17 9 38 13 1 78 56 30 37 33 64 41 55 50 3 54 96 46 55 34 45 78 30 43 12 96 93 27 42 28 64 46 96 51 50 4 34 96 89 88 12 44 56 14 35 84 6 86 56 78 13 13 76 47 75 25 58 87 93 91 26 84 36 99 56 79 75 55 11 39 91 76 24 19 57 3 15 75 23 47 56 52 76 76 32 82 11 49 95 4 12 68 67 31 41 71 7 57 35 9 66 34 45 67 64 98 7 64 28 24 88 42 8 87 37 64 50 90 89 62 24 29 80 61 83 47 22 40 26 75 66 56 58 49 48 54 38 54 71 81 61 67 92 90 44 58 1 25 68 45 8 41 30 84 14 68 21 37 90 84 22 71 83 73 8 88 44 52 8 24 79 75 34 82 85 79 21 52 31 15 52 32 8 35 41 58 58 89 64 78 38 76 24 53 40 41 69 86 91 71 52 60 60 99 52 57 23 33 29 78 16 34 67 25 41 76 35 86 90 96 34 3 61 56 66 1 98 3 61 35 34 98 10 34 87 4 27 59 70 60 39 41 51 37 9 8 47 73 42 27 19 34
22 79 64 84 86 74 54 43 51 97 10 39 26 83 17 72 99 98 63 95 53 30 63 7 81 20 60 84 71 20 74 43 90 87 71 79 26 76 55 18 25 1 45 69 2 92 98 77 86 78 46 45 16 84 52 50 80 1 84 88 73 49 86 93 74 41 35 49 75 26 82 21 31 97 51 59 41 31 11 81 38 85 51 56 34 75 57 96 41 58 11 80 25 29 27 94 62 93 97 62 69 82 21 22 94 13 90 88 19 80 44 56 31 74 48 54 9 49 13 13 24 94 25 36 24 20 28 11 71 67 48 81 29 14 28 5 71 26 67 34 37 72 56 76 58 86 34 98 44 65 29 24 59 47 91 45 57 48 88 94 17 65 20 43 15 87 23 41 85 56 22 19 26 88 80 12 20 78 88 2 67 38 85 52 58 38 59 1 22 87 14 91 51 74 52 41 86 90 95 29 52 99 56 4 37 70 31 86 22 12 33 21 72 40 89 72 99 23 2 90 95 34 74 93 72 7 41 54 92 26 12 61 96 11 45 58 29 32 75 33 18 72 23 84 37 75 57 4 32 41 50 32 68 19 52 64 57 40 53 62 91 12 95 39 63 34 82 51 49 10 89 98 41 62 48 65 69 48 25 71 20 15 77 53 81 77 99 67 14 52 31 70 51 47 8 7 5 41 44 64 48 80 80 18 60 9 8 63 54 5 82 35 31 30 16 67 89 3 26 29 61 30 11 1 69 34 35 55 41 92 75 50 73 37 56 88 9 48 86 44 79 29 14 69 91 98 84 10 28 6 1 42 63 5 9 95 17 38 64 99 45 81 87 62 39 54 2 6 97 20 65 73 17 57 6 11 52 1 78 5 74 41 25 8 71 86 74 36 41 63 88 90 54 15 44 60 67 49 18 87 13 52 54 98 10 23 13 46 16 62 42 34 93 18 17 63 47 53 68 29 11 96 90 1 33 22 75 13 97 78 32 92 97 33 91 55 85 97 38 23 83 56 74 1 90 93 60 10 37 71 67 54 83 34 21 73 39 13 88 99 31 70 30 33 73 22 1 15 64 64 50 18 31 82 17 45 61 66 78 6 30 45 53 60 34 32 88 21 7 1 86 38 99 54 57 5 4 29 2 95
99 84 56 94 34 74 97 68 13 91 84 35 86 72 74 58 60 20 45 43 11 93 52 85 23 33 54 82 90 41 30 85 73 77 34 54 55 67 25 51 1 91 88 91 81 48 89 31 1 90 20 40 23 34 21 28 84 19 52 55 79 10 66 18 84 5 45 64 96 41 68 37 19 65 44 99 27 37 85 29 18 72 13 90 88 48 96 76 17 20 45 59 81 39 27 5 75 32 22 1 37 18 72 84 78 86 24 87 96 20 41 74 92 41 65 31 73 64 90 78 14 81 20 3 75 33 80 83 9 83 7 45 57 66 64 48 43 88 16 6 2 75 76 55 50 31 66 87 2 8 86 45 12 73 31 80 66 22 58 74 49 67 2 74 91 36 53 52 13 42 47 25 15 53 89 29 76 78 60 38 62 32 62 89 93 83 83 54 60 38 73 98 8 71 42 59 1 96 11 11 39 39 64 47 2 14 41 97 98 18 17 76 22 5 27 74 11 50 62 35 46 68 18 35 44 42 99 69 59 44 22 44 83 56 62 94 30 35 70 35 59 25 92 63 29 45 81 21 84 16 42 10 56 86 1 43 82 45 29 13 69 18 1 18 3 37 91 37 90 80 90 90 85 31 71 5 1 33 57 39 87 62 33 79 66 4 11 91 34 25 16 79 4 35 2 14 47 24 69 83 20 15 1 36 1 97 35 2 84 92 78 85 32 83 91 17 17 16 94 6 79 13 53 44 58 31 71 88 1 14 15 69 11 19 5 20 34 47 90 39 31 35 85 77 52 86 50 4 53 55 96 55 34 27 32 88 51 32 43 49 78 6 48 14 96 15 71 23 74 67 56 2 45 96 44 41 17 45 13 19 83 9 14 55 18 96 65 28 92 5 41 91 12 37 9 17 56 35 7 47 28 29 40 20 56 52 43 27 25 66 29 28 47 14 2 10 98 15 34 7 83 93 96 2 47 59 37 5 56 98 63 39 30 13 86 80 24 31 38 15 55 18 5 63 40 8 78 6 72 49 21 5 11 8 38 96 76 85 13 19 40 97 99 96 6 36 36 49 31 11 16 71 53 28 19 51 55 76 9 90 80 29 11 15 6 29 28 68 80 63 96 13 68 23 72 58 2 77 87 43
97 70 89 92 52 55 87 44 96 99 61 54 67 60 54 68 81 88 28 96 37 10 89 98 46 74 67 22 89 91 77 51 38 74 92 50 44 16 53 78 51 67 31 82 99 84 37 85 46 87 22 65 47 42 97 37 94 91 14 72 79 91 58 45 72 36 61 47 63 20 93 74 61 28 73 61 26 91 54 37 43 8 92 17 57 59 91 48 68 8 87 36 28 84 97 63 10 60 41 61 48 39 59 87 90 89 40 58 51 34 98 71 60 62 8 45 81 79 41 62 95 77 76 21 18 95 26 87 71 55 93 35 84 77 84 40 73 5 96 21 90 84 19 41 51 40 75 32 57 59 17 11 94 83 23 55 43 3 29 41 98 11 26 58 25 35 67 42 12 86 71 45 6 76 35 46 67 56 70 85 67 29 20 7 35 29 13 9 59 77 80 16 54 52 39 44 79 99 69 39 36 87 17 56 35 90 50 85 38 26 73 63 70 22 50 34 8 66 3 86 95 60 99 13 82 27 64 20 66 75 13 27 4 15 15 60 15 70 54 45 52 94 39 90 47 3 92 52 2 13 27 31 87 21 91 56 98 50 62 1 13 38 9 60 39 69 97 50 34 19 52 29 66 69 85 4 32 87 45 45 40 36 51 26 3 77 3 23 85 23 81 14 44 70 72 90 81 37 30 89 92 82 12 77 93 66 12 24 73 55 63 97 7 79 14 79 15 49 32 26 81 6 97 27 91 46 6 94 67 7 24 36 86 4 56 88 10 98 43 10 83 73 59 58 16 33 6 13 89 43 61 3 1 87 5 50 58 38 85 11 73 68 93 99 26 46 23 83 67 48 20 17 43 16 1 23 81 46 86 73 3 64 56 11 26 7 61 72 54 65 40 72 38 62 21 7 19 54 5 33 50 86 96 3 22 36 99 46 21 20 55 13 94 55 3 14 16 19 10 8 42 43 63 18 57 17 13 66 71 43 44 35 88 68 43 64 70 57 25 93 6 77 21 73 66 52 78 82 18 64 27 70 1 3 62 61 52 82 29 16 9 21 18 26 92 30 57 75 15 47 22 22 50 99 35 6 45 60 84 5 37 42 28 72 51 49 77 30 36 73 44 79 14 87 30 55 44 3 28 96
54 82 90 99 51 89 66 78 13 70 58 67 26 91 36 76 79 95 76 50 85 60 96 23 76 58 64 82 41 91 7 75 55 59 8 14 70 99 56 53 66 57 22 56 8 79 69 30 69 85 24 73 98 7 21 21 22 10 25 80 62 19 31 91 34 15 93 71 77 81 8 92 21 34 19 26 95 28 57 47 30 75 36 13 19 91 5 20 87 79 55 99 74 32 80 2 10 17 27 6 45 35 46 88 13 79 79 34 67 82 50 88 71 68 28 65 18 52 12 21 10 24 2 72 10 39 27 47 19 46 46 43 85 11 10 60 58 37 47 76 59 70 81 60 86 36 17 75 97 70 70 7 86 12 17 63 51 14 51 22 68 94 98 24 13 75 82 39 33 17 11 66 79 76 19 49 96 54 96 70 29 26 83 45 35 58 62 56 96 81 43 78 86 31 4 47 98 76 66 19 84 26 94 50 79 30 93 29 54 13 1 69 2 9 18 93 45 45 29 63 32 94 98 43 47 46 26 54 91 6 9 42 59 79 46 8 65 7 29 19 28 84 65 99 17 89 53 45 84 58 7 38 39 31 71 54 34 98 77 92 9 26 29 75 39 67 22 87 50 44 93 20 84 83 56 48 14 7 14 84 75 46 3 48 7 63 29 23 40 84 76 14 32 25 52 68 79 33 11 2 66 32 79 89 65 75 19 24 18 42 35 51 6 31 50 48 29 44 17 37 60 24 3 60 13 98 23 95 72 97 17 76 25 69 52 18 78 59 96 26 50 73 60 71 47 10 37 64 43 93 10 52 56 69 47 75 83 82 7 75 54 33 1 63 79 22 54 23 91 99 80 72 87 92 51 4 80 31 33 45 72 93 81 96 55 81 78 20 70 50 11 51 21 56 78 22 21 77 14 19 14 87 33 66 72 65 10 43 47 91 17 63 48 97 30 4 65 26 52 13 94 69 25 65 33 70 91 55 14 1 1 21 43 95 16 36 51 71 63 81 69 22 32 34 25 65 84 91 61 90 48 42 42 4 57 13 65 48 37 27 1 24 30 18 6 70 78 77 23 33 57 13 89 61 46 91 3 90 31 20 2 36 59 69 76 52 94 93 39 34 28 22 65 4 46 34 34 15 31 50
79 18 16 88 30 8 20 71 48 36 89 64 96 26 60 98 73 31 92 98 68 84 36 91 34 43 71 71 18 29 30 95 10 61 83 68 53 35 92 85 72 94 92 12 95 8 72 39 93 73 23 24 29 97 82 38 32 41 46 51 3 64 6 62 33 86 5 77 41 52 2 81 70 57 93 35 64 10 23 40 78 35 13 24 84 3 86 77 44 72 94 89 15 80 16 71 60 72 62 92 65 72 91 62 5 7 56 25 28 33 87 79 15 59 55 24 95 15 7 55 37 2 77 81 84 98 61 98 77 82 22 39 66 60 41 29 24 32 5 92 31 91 3 14 62 17 53 54 80 37 25 98 62 11 78 61 80 33 9 15 20 58 29 69 80 25 19 48 2 57 46 21 65 85 44 8 93 73 9 23 24 53 50 23 77 94 61 42 25 98 74 65 58 90 69 55 5 89 35 67 79 62 96 50 77 4 7 95 83 40 88 45 49 18 18 74 51 10 11 24 89 72 5 52 52 56 40 64 61 48 46 76 19 48 25 24 21 62 8 55 22 1 53 84 40 53 57 69 60 96 1 89 60 36 65 24 59 85 64 70 85 89 45 24 81 39 38 69 68 29 13 46 38 36 44 7 33 54 78 41 10 46 57 81 60 71 88 37 27 93 37 38 92 68 17 53 61 8 94 39 18 9 72 28 94 46 78 63 6 58 9 49 77 51 95 27 34 92 87 83 67 29 72 81 28 90 82 33 58 75 37 60 56 43 60 25 5 5 24 90 53 45 18 76 10 99 39 68 28 74 55 24 94 43 80 47 84 39 42 40 72 87 83 68 83 79 63 79 38 91 31 59 98 95 30 24 23 18 21 21 25 50 94 12 14 15 40 67 96 12 72 35 44 82 38 64 49 57 65 49 31 7 71 67 48 90 47 61 15 47 76 14 87 89 80 6 36 53 11 98 15 77 80 36 22 37 24 22 36 15 10 50 13 44 45 91 22 37 73 98 92 61 98 5 21 86 54 70 41 93 23 61 53 55 28 94 66 63 65 50 95 92 6 71 26 43 28 49 26 22 56 64 64 80 30 41 56 25 3 13 68 46 20 29 54 89 22 14 68 5 80 35 72 24 23 51 1 38 57 98
93 57 45 37 54 53 73 96 70 23 34 93 44 20 45 75 76 63 98 51 45 23 90 53 52 39 26 50 90 19 92 71 70 37 22 25 93 31 11 27 24 16 95 25 70 51 57 55 53 41 89 51 82 5 36 46 28 70 24 64 30 84 40 54 24 81 59 21 51 31 55 2 42 84 48 61 11 87 94 9 66 60 96 68 8 27 93 5 26 46 79 31 58 26 94 69 94 61 7 51 86 87 41 89 40 78 14 56 2 24 19 43 4 7 72 91 84 69 67 67 87 97 81 99 8 46 26 38 79 28 28 88 41 39 16 52 85 52 57 10 86 26 24 21 5 33 88 35 67 84 84 24 46 3 1 92 66 63 53 31 61 7 58 98 50 74 38 34 36 62 10 9 69 1 53 43 1 68 76 30 85 33 28 11 33 27 32 23 49 63 77 87 12 48 42 75 4 8 95 16 77 97 44 75 15 92 16 84 39 96 1 45 83 65 27 56 36 61 94 25 59 51 86 6 62 18 45 9 89 13 24 48 59 35 60 3 97 52 89 38 99 98 75 70 86 87 24 75 72 29 95 97 1 90 75 24 14 73 50 20 15 53 97 37 17 41 20 18 47 69 17 73 49 22 31 74 44 59 98 75 84 29 29 90 28 60 37 63 34 58 76 2 11 95 31 2 25 87 81 74 64 18 46 55 32 69 73 20 31 97 37 75 81 19 30 66 17 41 85 69 44 88 91 34 42 35 21 19 22 58 97 50 14 10 93 58 20 9 63 97 51 53 77 88 52 9 69 18 12 57 39 58 4 60 20 84 44 15 82 69 58 41 49 16 2 45 40 22 75 77 4 86 89 37 74 44 23 9 11 77 82 31 1 65 39 28 57 22 2 57 28 13 59 95 71 9 97 1 73 23 33 46 27 32 91 58 15 40 67 31 33 20 12 91 96 81 8 12 20 86 32 15 7 45 86 85 44 20 96 81 48 94 46 42 11 5 9 78 3 18 17 26 69 15 22 6 49 37 92 63 55 38 37 52 46 86 65 52 38 10 40 65 94 51 81 80 70 81 1 94 53 15 33 88 34 79 58 75 18 53 4 91 89 64 64 42 48 69 80 15 29 91 59 48 92 52 41 14 52 51
39 87 99 54 72 63 9 73 96 97 54 19 76 74 92 41 48 88 72 54 72 10 38 63 41 63 63 32 43 48 49 77 86 9 4 45 74 46 89 87 49 55 49 17 55 98 38 32 9 63 86 16 63 71 99 48 94 66 8 2 3 13 78 41 68 69 98 25 34 26 71 4 99 59 85 14 61 10 51 98 56 26 10 51 39 63 63 78 76 96 27 96 61 45 48 59 35 2 24 99 7 79 48 21 96 54 56 77 68 60 82 46 41 41 88 46 58 99 62 1 82 25 19 43 95 98 23 50 10 93 65 58 95 79 22 86 42 33 13 87 42 57 22 79 1 4 24 16 72 93 55 74 10 56 10 43 76 89 75 4 89 1 91 67 42 24 48 70 3 28 49 95 9 65 44 88 24 77 57 60 60 81 14 6 14 2 47 56 14 11 39 34 70 72 50 86 93 26 12 2 6 34 82 35 14 86 53 29 46 5 4 6 74 10 67 31 72 56 40 20 94 82 10 38 43 23 40 95 48 34 25 51 2 30 34 70 1 7 12 67 31 10 24 99 87 73 83 66 63 27 88 83 6 55 80 10 81 66 35 88 93 85 67 74 69 88 72 99 22 5 37 40 13 96 71 57 13 94 73 99 13 20 28 80 20 91 17 91 96 57 37 4 34 4 71 51 23 58 42 40 43 4 80 35 42 55 71 15 61 62 62 41 6 30 26 51 61 13 84 10 94 17 87 22 20 25 41 11 87 81 69 14 87 94 46 89 84 23 2 15 8 22 32 6 79 91 54 7 41 78 99 56 61 14 10 10 13 15 99 39 24 76 50 18 3 22 16 80 74 34 6 35 5 9 22 35 64 4 19 54 9 25 29 4 15 61 59 9 84 55 91 56 61 16 50 83 26 96 93 12 98 77 59 73 82 13 53 26 36 45 94 59 12 85 51 59 34 20 51 57 42 25 50 93 33 74 9 64 87 27 84 66 82 28 84 24 20 7 34 83 51 23 42 32 18 21 7 45 6 61 91 11 28 33 97 51 53 85 53 83 56 38 10 72 76 60 17 96 56 36 29 71 84 98 23 4 67 42 34 22 77 92 18 3 44 69 90 64 84 32 98 90 43 2 23 45 52 17 28 54
76 17 92 22 84 90 82 32 28 96 59 64 99 17 31 57 6 9 71 63 82 18 60 29 91 80 79 44 17 89 15 17 75 16 18 77 71 75 61 96 27 83 22 19 40 29 49 68 71 87 21 36 88 59 86 41 31 85 90 94 4 81 56 41 61 73 66 50 22 85 6 47 3 18 56 53 94 4 81 98 90 98 27 31 60 22 40 44 3 36 91 13 58 97 37 39 76 68 93 13 18 50 22 83 99 27 60 40 98 36 97 74 1 65 38 19 70 59 16 82 81 49 86 65 72 10 94 69 59 69 89 51 83 14 48 64 16 20 62 68 61 5 94 88 90 77 64 40 42 24 65 23 33 94 98 60 62 79 34 48 79 71 32 85 39 16 45 18 75 38 55 46 18 93 94 9 59 55 44 95 85 84 81 87 99 32 78 57 5 64 14 38 22 27 21 48 26 53 61 63 13 93 51 63 80 7 52 27 29 46 56 15 45 58 80 43 61 40 50 22 63 62 42 35 56 32 26 20 34 24 84 14 46 51 90 28 36 94 98 24 75 42 22 12 78 53 70 45 22 97 34 50 16 18 67 69 88 28 58 25 91 7 57 99 85 50 59 56 26 60 86 70 6 86 37 23 90 64 49 8 89 21 92 62 67 42 17 57 56 73 40 35 73 96 6 21 21 76 34 18 63 38 23 57 69 56 45 81 36 79 48 36 43 65 41 49 74 11 11 83 1 40 85 81 97 80 69 2 77 76 50 71 97 30 41 13 59 69 39 96 44 95 63 68 79 98 20 57 10 44 39 26 97 79 55 40 80 65 29 15 29 21 78 2 55 77 32 28 72 14 9 4 39 55 38 3 11 27 41 78 5 60 24 42 73 16 98 68 4 14 39 40 2 12 45 10 80 45 50 16 29 44 23 98 70 49 70 84 90 47 13 62 67 42 9 39 93 10 34 94 78 12 84 92 93 15 68 74 69 94 94 9 85 3 99 1 5 52 16 88 44 80 5 24 48 14 26 68 65 67 88 52 86 65 16 35 24 16 23 5 3 89 63 50 93 86 14 48 40 61 25 94 96 52 94 10 39 23 94 23 60 35 42 13 4 69 76 52 7 24 14 25 70 52 75 13 79 12 72 63
45 57 94 98 70 82 92 61 94 59 37 89 60 40 80 81 98 94 64 60 34 87 51 65 83 83 79 45 77 27 31 17 43 87 55 17 38 45 85 79 91 72 98 22 89 80 90 79 47 55 74 41 68 89 84 29 11 12 58 35 64 30 61 39 92 55 78 48 96 61 66 38 72 1 61 75 57 94 62 93 65 84 92 70 77 12 59 76 93 36 39 67 41 34 70 59 76 68 73 70 84 29 4 19 43 11 22 12 33 26 15 17 72 30 63 96 69 99 12 84 99 88 44 59 77 2 64 5 87 59 54 48 9 25 54 19 24 15 65 36 1 39 7 37 35 37 26 81 7 41 97 16 35 2 17 26 91 35 62 32 60 40 24 50 98 25 68 37 84 45 95 86 41 83 13 17 28 23 45 21 20 59 22 71 39 1 86 13 57 11 15 18 72 96 72 33 80 35 2 77 19 27 49 12 67 71 12 73 9 89 29 50 56 10 92 41 72 66 70 73 46 49 2 65 85 4 58 17 51 28 87 29 6 70 38 75 20 1 67 20 25 63 90 1 81 68 49 19 40 7 72 78 36 80 75 76 43 17 44 91 93 49 26 36 16 29 24 3 31 54 76 84 51 6 13 24 66 23 65 20 60 12 40 75 19 35 39 82 20 73 9 5 17 91 18 91 56 98 53 59 69 74 61 50 57 85 93 55 80 6 6 97 67 46 20 23 94 41 23 17 36 63 29 15 46 19 17 62 33 61 26 83 70 87 44 13 48 40 28 9 7 38 7 2 33 39 35 12 46 86 4 99 38 22 76 22 24 32 80 57 99 22 26 26 64 85 21 71 47 7 56 73 98 9 17 32 54 22 60 17 77 3 13 4 31 1 71 58 5 49 72 3 52 52 45 26 33 53 13 11 9 91 49 93 44 42 81 7 49 82 76 61 10 15 87 69 39 44 16 18 8 27 1 81 50 39 28 8 93 39 63 41 33 65 43 76 39 53 77 34 7 17 5 27 43 1 79 61 7 81 30 5 13 3 79 4 27 57 23 54 23 55 46 41 1 80 16 3 63 24 27 30 97 18 2 47 41 46 70 92 50 33 55 54 71 56 68 68 65 27 53 72 76 2 64 54 1 7 90 60
40 14 35 90 42 70 52 87 55 48 69 87 44 79 99 64 62 90 5 28 64 15 60 36 23 72 86 79 29 9 38 73 45 55 97 29 44 77 53 66 82 92 49 80 83 93 16 93 49 44 51 69 53 62 36 60 65 12 61 30 83 45 41 90 31 84 20 39 48 27 69 94 83 40 2 14 94 67 10 37 21 12 51 82 58 67 27 76 16 31 84 39 35 60 41 27 73 15 71 48 38 61 87 19 24 85 17 57 14 40 39 20 35 89 15 56 47 63 75 21 95 69 21 47 57 69 8 68 24 72 8 24 78 42 53 58 91 79 23 62 54 13 49 55 55 60 55 10 84 22 29 63 29 28 83 58 87 22 75 94 12 9 36 22 87 35 11 50 40 43 83 52 29 39 85 73 4 68 3 4 1 57 21 9 47 16 50 96 24 65 75 56 24 44 10 83 84 15 6 68 23 71 29 96 81 54 11 20 45 12 17 33 11 65 43 25 82 46 49 36 14 36 10 17 65 77 67 55 21 55 67 28 30 56 46 39 81 96 87 27 14 94 33 60 79 33 74 39 91 67 88 55 22 14 21 53 79 40 69 28 5 90 53 57 60 39 71 63 2 75 1 8 42 31 21 63 71 94 10 33 18 67 98 61 17 12 14 26 74 2 69 77 9 71 58 5 21 32 59 90 37 31 54 99 2 91 23 94 16 93 16 28 58 78 54 34 20 96 62 25 9 44 80 81 75 12 48 38 84 32 63 28 37 94 8 13 99 44 18 60 56 50 1 96 13 41 35 83 33 98 56 31 14 3 1 99 51 3 35 9 83 69 20 87 11 12 20 6 74 96 46 83 8 46 70 13 7 56 88 29 6 44 41 36 39 4 31 85 36 65 33 81 18 31 97 10 22 30 71 16 61 77 23 32 76 30 78 18 56 44 31 94 26 76 18 39 7 32 57 78 94 37 77 63 10 21 85 27 10 96 98 28 41 9 88 56 41 7 92 97 53 11 22 31 46 4 90 66 62 21 26 48 35 54 47 82 47 5 70 87 83 65 14 73 90 12 70 15 24 76 34 37 47 7 77 68 28 59 66 8 61 60 62 22 42 28 84 28 42 31 97 55 63 41 33 63 45 4 46 28
