20 500 42328 140.58
13 72 10 31 89 13 48 96 89 29 81 66 90 47 59 92 24 67 9 80 96 45 92 64 96 71 93 60 28 35 82 98 2 39 48 90 87 9 47 72 55 9 54 67 44 35 69 90 64 40 66 51 65 3 90 66 80 38 13 48 64 75 88 81 18 61 58 40 23 20 46 28 85 57 52 47 88 32 27 41 36 78 57 19 17 72 22 49 87 99 98 79 90 72 62 56 65 81 68 19 76 33 14 89 46 3 31 52 89 37 77 48 18 1 9 2 33 85 18 71 83 3 11 33 8 80 30 83 75 73 40 43 84 31 63 60 5 4 92 48 83 93 83 87 98 14 32 45 94 94 85 42 71 3 70 29 31 84 84 29 89 39 24 70 62 9 44 33 70 56 3 93 64 35 71 56 60 40 36 2 51 82 39 69 94 5 53 85 32 44 31 27 85 23 64 43 53 79 81 79 65 99 29 59 6 89 81 3 59 86 3 28 15 11 49 40 36 68 38 85 13 54 42 69 45 51 12 43 64 29 73 15 50 84 37 67 36 83 45 89 53 7 47 87 26 60 69 6 48 39 95 79 11 7 59 51 51 82 35 98 81 91 55 8 73 26 65 20 13 38 96 5 17 74 90 8 67 83 16 88 62 29 62 16 69 65 8 78 43 2 33 80 77 43 26 75 50 12 23 6 50 48 29 82 2 33 71 37 72 83 76 87 81 14 98 73 59 64 9 46 8 67 87 12 7 87 29 67 55 58 6 91 69 17 52 65 18 49 51 37 6 76 77 70 97 44 78 85 80 7 47 32 44 61 45 22 60 93 82 90 6 26 20 57 27 28 86 39 88 20 26 48 8 37 46 24 54 88 97 28 12 6 98 13 25 70 59 33 9 2 72 82 71 10 49 71 80 45 43 27 67 77 1 36 99 75 14 90 12 40 53 16 9 41 69 61 92 10 49 10 56 56 61 69 25 39 20 36 96 49 79 76 63 16 81 67 36 35 22 86 44 96 12 14 49 25 3 6 89 43 57 60 61 69 68 31 90 64 50 62 15 27 49 47 40 87 7 9 56 28 37 30 50 13 4 91 5 85 11 36 65 19 46 17 32 74 22 13 64 58 39 73 46 18 5 69 71 34 32 80
73 59 87 77 29 97 64 69 99 76 71 94 31 57 70 93 52 81 41 11 7 19 82 13 6 29 96 22 5 97 19 96 58 53 75 77 11 77 88 46 21 46 2 74 65 87 55 59 14 23 91 71 76 89 98 98 1 61 42 4 98 79 81 89 20 4 40 99 86 49 55 94 25 27 16 95 65 20 44 48 76 51 30 40 50 34 17 75 62 70 35 36 59 74 9 32 10 12 4 53 81 54 89 11 96 81 16 79 38 81 74 78 37 54 80 20 90 6 77 62 43 7 75 39 29 68 40 58 74 36 65 7 8 56 17 97 69 81 1 53 39 34 58 43 82 35 45 24 35 49 73 95 65 59 88 65 70 4 25 91 44 30 12 3 78 68 11 17 24 45 53 1 46 67 33 84 8 23 43 90 60 67 42 45 25 8 9 28 37 4 8 87 85 12 50 65 15 34 83 24 42 17 1 52 52 52 43 86 84 21 74 9 16 60 65 43 46 60 81 85 10 90 17 45 71 73 73 98 6 65 37 7 14 69 95 24 39 45 52 89 76 57 53 84 9 67 40 31 59 58 29 37 51 7 22 26 10 83 11 67 46 53 70 49 93 40 69 86 86 44 73 7 73 41 13 5 50 78 73 90 71 24 69 18 76 47 76 63 72 62 55 11 52 72 68 6 39 80 37 21 25 28 69 11 97 14 49 66 92 22 79 15 17 87 10 81 18 47 27 2 74 16 93 22 45 6 81 28 65 92 20 3 10 50 33 23 32 29 58 67 17 84 10 93 14 38 26 32 51 33 79 7 66 82 71 91 87 77 7 91 6 24 33 13 88 75 39 8 66 32 22 25 61 46 81 25 83 34 2 7 26 17 28 47 83 81 85 36 10 75 34 63 77 24 52 38 55 43 7 80 34 88 19 71 9 88 93 39 16 58 95 87 41 15 26 15 54 81 30 38 52 70 5 1 67 71 14 28 29 46 16 77 6 97 51 47 49 38 4 5 22 12 96 60 50 32 41 38 31 53 52 38 46 51 99 97 61 46 23 55 8 79 35 62 83 56 5 19 87 95 55 16 13 46 96 9 63 55 35 83 82 15 37 24 65 50 41 73 71 34 52 55 33 71 50 61 53 1 24 11
14 30 72 76 53 7 31 50 18 91 33 87 18 23 92 92 56 71 65 39 43 53 80 14 73 61 69 94 37 52 42 33 9 68 55 44 7 93 69 86 89 18 59 59 67 61 8 83 68 20 13 25 73 16 81 97 85 24 41 75 89 93 82 39 43 55 32 73 21 84 89 72 75 59 56 36 24 45 60 94 68 17 4 32 45 94 46 26 20 93 35 89 15 73 58 87 49 82 43 5 10 24 74 83 59 31 72 28 30 8 66 22 84 64 16 38 93 53 24 55 9 2 70 72 49 4 21 62 59 95 76 72 91 67 39 39 57 51 63 25 50 34 61 54 56 71 31 75 10 8 66 81 83 57 32 18 90 26 97 78 70 91 47 73 98 75 72 12 42 89 2 91 58 39 60 89 48 28 2 47 15 96 26 60 4 9 52 91 57 70 14 75 87 75 24 20 28 61 58 33 65 15 51 97 64 27 51 5 87 77 3 82 14 87 59 11 17 48 98 53 73 20 38 51 30 8 32 60 55 17 13 90 69 84 3 3 81 5 56 22 95 43 27 68 57 3 75 9 85 77 31 35 97 36 27 3 43 8 20 45 38 68 3 41 68 19 54 68 55 3 48 93 97 34 41 34 6 15 97 96 33 32 24 63 34 17 35 32 96 9 95 20 56 14 26 85 44 7 22 57 48 81 10 40 38 41 92 10 67 91 29 84 16 35 48 41 47 74 75 71 65 88 10 95 84 92 69 40 48 49 61 18 57 45 90 86 65 75 30 78 58 68 48 50 71 84 68 75 57 43 53 83 65 50 69 67 12 83 84 17 94 1 48 46 24 97 79 19 52 6 30 71 52 7 68 5 24 7 76 93 97 80 78 62 79 81 69 33 99 56 88 38 31 90 40 24 92 75 14 74 95 24 35 49 5 89 25 99 56 12 23 18 62 4 17 64 6 33 23 40 20 33 1 69 96 19 6 48 4 79 45 54 96 29 65 17 73 79 43 93 4 45 25 51 27 56 67 18 95 85 84 77 65 63 89 91 30 75 83 13 95 52 95 55 33 80 9 2 68 41 38 41 48 68 43 70 57 25 63 32 76 81 22 36 76 94 79 96 48 71 71 72 60 67 50 93 58 44 3 39
79 55 54 61 96 62 99 99 14 29 92 55 13 18 51 31 91 50 44 7 84 76 66 68 37 67 8 69 56 6 10 66 65 94 91 58 64 18 49 83 54 72 59 99 63 66 66 94 88 16 3 8 59 18 90 89 86 32 42 33 84 58 84 26 6 55 52 85 74 73 15 4 46 36 56 20 81 60 78 83 87 1 53 26 95 73 95 16 83 20 35 92 18 79 94 86 75 47 57 24 65 72 7 53 56 58 46 68 76 21 73 85 21 53 55 93 88 70 94 1 92 7 87 71 52 46 12 63 80 51 87 55 7 89 45 60 98 33 61 36 90 30 24 74 64 45 10 99 5 99 82 29 2 69 54 15 25 56 43 70 83 20 60 13 4 50 84 43 73 34 47 12 82 64 88 75 46 56 16 38 92 8 95 15 65 18 80 63 4 26 69 12 74 60 9 95 85 60 10 89 45 73 95 75 72 57 23 82 4 33 97 18 57 84 3 13 38 70 74 80 24 69 7 20 87 82 64 81 44 75 78 9 21 3 42 69 60 50 18 54 41 13 23 62 79 34 99 52 2 9 21 78 91 93 20 25 11 68 39 76 70 68 91 47 2 79 26 72 9 68 19 10 5 80 42 73 78 82 30 96 33 69 6 32 32 56 4 16 55 75 81 63 77 95 70 52 80 87 69 41 21 68 39 58 1 79 28 25 24 65 57 14 22 33 99 14 72 96 29 90 68 59 2 68 17 21 12 90 9 52 13 61 9 95 22 15 73 15 78 58 65 26 19 40 71 81 86 44 82 35 20 23 25 90 57 12 90 4 75 2 95 22 37 74 53 54 47 16 2 60 81 75 43 50 60 12 69 63 61 3 3 92 26 9 21 98 12 21 86 16 93 3 3 49 30 50 88 89 15 15 34 82 22 46 70 53 11 68 41 79 76 58 81 56 75 15 6 4 72 30 93 10 17 22 88 3 25 87 81 95 66 33 21 49 71 38 41 71 24 46 50 13 17 36 81 10 32 92 72 87 52 19 44 86 29 57 28 51 19 61 21 3 93 40 8 41 51 90 45 17 5 34 65 37 94 19 43 29 40 76 49 77 21 28 37 60 10 7 5 47 73 19 66 77 31 29 48 10 7 7
5 71 35 32 65 92 80 96 82 18 92 34 86 97 46 95 10 84 98 32 60 21 87 4 9 94 33 67 35 74 30 26 19 85 52 96 50 62 40 91 80 82 18 97 75 47 54 13 90 85 28 76 18 98 95 86 55 76 68 28 15 22 31 46 52 63 8 17 77 37 2 9 39 84 93 14 79 10 84 39 19 2 91 86 77 93 98 81 42 80 10 5 90 14 98 44 36 29 91 27 97 15 94 28 58 53 86 87 96 88 60 57 91 49 15 24 85 26 42 55 65 3 62 70 41 94 75 93 5 76 77 80 6 11 58 85 56 18 17 63 82 96 61 80 30 93 8 31 55 14 56 97 32 18 95 83 77 42 22 84 88 38 28 44 47 45 42 45 83 47 51 74 42 72 53 30 46 3 22 37 45 9 31 77 50 49 28 26 37 69 50 94 11 97 97 98 99 17 19 83 32 43 91 55 82 44 19 24 34 99 8 37 70 25 56 6 1 61 43 32 42 14 29 89 79 99 57 59 64 13 74 43 99 98 76 97 73 41 34 19 65 96 43 26 3 36 18 41 84 40 7 86 12 49 78 68 18 16 29 25 12 81 38 84 90 92 36 95 64 85 87 8 28 14 63 79 44 71 9 68 57 56 93 81 25 16 80 69 31 69 45 11 72 35 27 5 10 98 7 67 26 12 11 61 42 13 95 36 75 26 98 64 21 32 67 19 54 50 48 51 92 46 47 54 34 15 74 37 64 14 25 34 66 77 14 46 84 29 41 48 69 40 26 49 62 48 24 59 86 10 53 99 72 83 19 84 45 32 86 57 56 15 68 31 60 19 56 2 25 22 43 91 29 2 31 45 36 78 82 91 53 41 75 45 86 10 59 34 14 99 41 14 52 31 50 89 48 3 17 1 28 51 2 85 2 33 99 59 6 69 46 14 41 11 95 70 54 3 87 99 28 77 45 46 52 78 55 32 33 45 4 50 50 6 48 17 70 24 51 64 67 10 7 66 30 64 23 38 30 60 93 89 27 37 11 39 25 16 25 69 24 5 88 67 43 7 96 58 38 18 16 16 55 66 47 82 24 31 55 72 29 78 34 51 65 18 23 75 72 57 50 39 3 26 2 62 86 47 62 32
75 93 76 49 62 94 31 38 18 55 11 7 34 18 90 82 94 88 86 57 22 51 79 83 91 84 87 86 90 35 51 83 77 32 14 70 16 85 79 58 60 21 18 66 16 6 98 79 6 78 65 98 45 30 4 39 95 92 14 81 38 49 76 49 73 12 16 54 44 45 70 5 71 95 79 62 57 83 98 67 22 36 98 13 3 50 15 57 25 92 4 8 77 61 59 69 57 24 23 86 48 22 52 73 19 40 29 29 70 84 23 86 7 79 19 69 92 92 91 82 12 65 76 67 33 97 15 93 1 73 35 13 31 97 42 97 54 48 1 3 21 94 68 22 9 5 98 90 33 54 11 16 17 49 42 93 3 19 79 79 58 38 97 34 61 97 44 33 82 48 91 92 25 17 54 78 42 73 91 13 48 41 39 29 83 97 9 36 54 74 91 29 79 77 74 6 12 10 96 6 81 79 79 58 74 31 77 77 18 24 2 15 83 82 65 74 31 67 59 21 7 89 99 45 59 43 65 60 33 29 75 53 77 34 76 42 64 55 40 73 11 27 25 76 21 30 49 60 52 85 56 1 3 34 56 56 65 26 52 87 19 1 63 15 7 52 5 33 58 50 51 35 28 1 37 57 27 46 12 98 44 88 26 9 49 50 73 66 6 19 43 85 43 46 16 43 32 30 81 87 46 87 91 15 65 23 39 69 11 52 39 17 30 87 6 18 58 24 39 10 24 80 5 81 26 27 20 58 8 4 74 27 88 3 99 1 85 51 44 75 40 71 17 76 75 58 13 19 60 61 48 28 35 77 29 30 43 52 13 47 14 52 88 91 94 46 1 84 87 45 56 87 51 45 10 73 20 84 56 78 29 98 10 42 94 3 13 59 7 28 34 56 70 19 54 34 19 67 15 77 38 92 2 19 50 96 97 37 33 16 44 10 75 73 31 37 67 3 67 52 93 11 86 59 71 90 60 29 25 13 73 14 57 35 27 87 3 86 76 60 94 58 47 32 71 27 65 19 29 48 11 55 63 89 85 66 34 1 35 25 58 43 32 69 37 96 69 41 86 14 69 22 32 14 83 74 89 51 76 79 15 29 52 86 26 15 98 96 19 49 53 74 29 18 88 95 96 8 78 57
71 50 7 47 67 56 63 47 57 61 23 81 44 72 17 83 24 53 22 26 78 2 22 31 32 98 44 62 80 74 3 89 46 20 98 45 72 31 32 92 69 64 53 30 33 30 72 48 35 59 89 12 31 18 39 99 27 99 36 30 10 9 64 35 83 43 16 93 54 14 61 39 18 34 91 60 88 42 28 56 15 45 77 19 3 60 75 65 41 52 26 43 68 47 5 32 14 29 59 31 29 23 61 82 49 90 84 89 41 50 93 19 64 66 72 59 6 69 12 99 94 72 56 18 71 70 67 66 23 94 68 19 41 33 42 69 54 30 67 69 26 37 93 61 8 80 32 87 46 90 84 81 11 92 87 33 38 42 63 48 96 98 50 91 34 92 78 39 44 69 22 42 34 54 66 25 58 42 50 21 40 69 13 58 6 71 20 13 52 91 92 13 5 86 38 85 58 35 46 92 94 24 2 49 73 70 33 20 68 28 45 29 88 56 58 81 3 11 63 34 10 70 39 23 52 71 16 71 26 52 78 86 7 90 21 74 98 86 81 9 39 12 13 57 70 39 12 60 98 6 10 16 53 19 92 77 29 61 71 61 51 49 11 18 27 2 17 41 40 98 88 74 59 3 90 57 5 38 56 45 24 21 84 88 72 89 81 52 12 62 82 34 50 24 95 74 52 99 54 66 83 17 12 71 28 56 76 62 25 17 49 33 46 39 96 89 30 45 27 50 42 90 37 28 95 60 17 76 60 31 2 30 16 3 50 56 41 23 65 39 10 24 11 28 9 86 85 3 50 88 52 55 37 18 21 60 10 44 93 95 56 60 87 82 74 94 99 95 42 96 75 33 19 7 4 4 50 49 34 25 94 66 48 93 98 9 68 29 47 6 14 56 61 21 42 40 38 63 25 92 52 77 91 21 85 70 92 56 48 32 44 58 13 94 14 17 30 44 1 43 37 71 76 96 46 31 63 19 30 59 68 39 22 31 62 95 80 6 22 28 14 54 42 60 84 45 30 52 39 1 83 73 24 39 73 27 38 13 21 80 85 95 75 89 80 48 54 67 14 71 83 54 66 19 57 76 87 99 90 57 43 60 83 8 43 29 15 20 47 13 32 97 38 10 78 96 95 95 10 26
8 90 2 90 22 83 74 84 70 82 69 19 74 42 10 38 61 62 17 44 95 45 35 54 68 85 69 90 66 95 26 50 80 37 49 60 89 90 84 38 98 14 85 7 37 51 61 69 77 42 39 13 57 73 87 10 54 46 89 97 47 42 47 37 97 39 33 61 2 84 32 75 40 23 26 70 1 63 43 12 99 17 3 13 21 23 80 63 99 89 4 9 2 22 36 48 73 33 89 82 44 56 43 30 28 39 46 34 36 69 40 50 75 41 97 23 81 21 7 87 73 74 48 48 96 78 21 17 40 58 48 28 16 75 78 29 49 83 57 43 55 51 17 31 64 11 84 50 48 26 4 82 46 52 28 76 50 75 87 59 80 80 58 29 61 37 84 11 4 4 71 29 66 69 59 6 14 62 15 67 68 57 59 57 53 39 61 73 53 55 92 84 76 1 50 35 57 23 81 42 22 88 36 6 71 60 86 63 84 13 32 38 70 60 88 94 88 27 27 48 83 23 82 88 7 18 53 77 43 20 94 54 50 85 66 48 62 41 77 58 19 76 75 75 85 92 5 74 72 6 44 2 30 98 10 71 78 64 8 45 62 81 19 88 89 99 20 65 62 14 84 63 94 4 80 10 76 50 82 70 9 88 20 7 66 1 27 88 11 29 47 52 56 10 19 43 99 15 58 30 90 65 15 49 65 87 72 41 90 33 92 54 24 60 50 75 6 15 82 44 32 96 72 48 17 60 12 80 6 52 40 75 15 21 1 70 88 63 20 93 22 95 24 94 51 10 68 18 10 50 13 86 73 22 55 10 29 34 17 50 76 7 37 45 75 79 93 45 62 66 65 35 92 4 59 63 11 62 41 26 35 41 47 60 46 98 48 54 68 5 23 96 79 85 2 50 86 5 50 80 62 53 3 11 24 6 63 22 69 20 17 84 47 88 80 49 57 85 83 11 49 39 50 50 80 27 77 51 60 20 44 78 2 5 62 59 75 89 62 18 6 10 83 2 91 78 37 65 24 47 94 36 1 68 24 72 19 1 25 4 31 42 3 96 90 60 36 29 23 31 50 90 64 12 9 93 31 90 60 43 65 48 23 75 49 49 81 93 65 23 99 28 73 97 56 64 3 20 77 44
9 57 92 39 2 30 93 90 77 67 94 88 89 60 43 45 10 18 68 71 46 73 16 75 21 26 83 87 41 91 70 15 21 71 5 59 56 46 72 40 16 13 17 26 38 11 73 64 27 78 86 7 47 79 12 49 95 75 67 27 99 43 68 92 44 63 45 36 8 82 98 11 55 58 77 64 54 91 96 41 36 69 87 15 29 25 72 63 51 51 42 54 56 38 95 65 19 82 83 79 22 41 87 23 33 63 60 59 24 73 86 16 12 26 18 2 15 58 20 15 35 37 38 87 6 47 10 9 84 30 77 74 91 87 65 91 30 96 89 21 72 5 85 88 4 91 79 98 26 82 67 51 44 70 9 81 44 51 79 63 21 34 7 7 82 67 72 21 35 23 78 73 89 10 80 85 29 29 76 27 38 37 78 76 13 63 24 20 76 76 4 76 26 8 50 46 86 30 32 54 88 50 42 95 48 80 90 67 27 82 53 80 63 95 74 9 59 30 35 5 55 31 59 4 8 98 46 66 52 83 29 69 3 4 45 42 63 83 88 66 27 94 68 41 88 97 90 64 18 97 42 21 92 85 72 45 28 89 17 3 27 32 98 4 3 90 77 71 90 38 83 16 68 64 35 45 84 1 31 7 9 66 43 26 48 2 15 41 61 79 60 35 85 87 25 45 34 75 65 59 28 23 82 1 78 12 31 46 82 59 49 39 16 61 88 33 47 23 38 78 26 49 34 67 32 43 84 4 43 80 48 25 54 29 35 82 61 92 93 91 54 70 41 50 76 69 70 44 18 93 28 45 33 41 50 91 30 12 2 43 18 73 86 5 69 53 12 54 1 54 55 93 34 58 50 39 81 7 92 90 17 1 77 14 87 65 11 83 43 33 81 54 56 99 21 53 82 19 43 13 54 41 49 33 34 93 38 97 10 5 78 61 19 80 10 37 21 73 57 98 88 28 27 87 20 34 39 74 27 3 83 65 78 65 33 8 6 62 59 51 43 11 43 81 84 5 18 24 92 68 52 98 40 9 94 39 94 23 4 10 23 22 34 72 79 38 15 21 84 8 12 81 56 4 27 73 32 53 71 60 97 45 34 20 95 6 64 65 24 98 28 74 97 92 15 8 47 56 42 71
45 63 90 67 83 56 73 30 41 79 12 97 30 32 26 81 18 50 92 92 98 98 7 73 23 58 5 60 99 69 43 25 54 12 37 18 84 75 51 49 2 75 99 3 37 92 62 3 74 61 86 40 29 39 86 58 47 2 22 63 18 26 18 21 80 85 68 49 54 37 93 15 19 9 50 25 43 21 58 55 90 98 91 67 26 48 70 69 25 83 61 79 38 79 84 6 89 87 84 7 48 85 27 64 60 69 64 80 69 20 53 67 87 16 1 67 88 33 96 23 54 39 41 78 57 55 30 99 14 8 11 76 34 23 84 81 20 23 87 51 33 82 27 68 81 31 81 89 81 77 20 12 91 40 48 4 62 46 2 9 19 77 46 69 78 62 95 57 22 34 29 50 46 94 37 22 65 35 95 94 34 96 92 59 63 88 94 37 71 93 30 78 34 84 16 60 13 47 82 1 82 61 4 3 30 34 72 19 22 31 72 41 43 6 5 12 26 66 17 71 87 67 58 23 12 8 40 91 64 61 16 4 70 82 73 49 19 16 67 74 54 28 28 58 42 93 17 5 13 87 7 5 41 45 66 12 92 14 68 14 73 44 44 25 34 71 43 98 58 10 2 73 19 70 59 34 67 95 22 60 73 13 41 16 96 72 99 59 3 8 77 40 27 67 1 34 70 12 49 77 17 4 92 70 28 40 98 73 48 27 56 70 63 79 85 15 67 26 88 99 80 25 14 83 28 97 58 37 15 24 93 12 18 26 11 28 31 90 98 43 79 90 8 35 9 17 78 79 70 62 76 16 10 18 14 69 57 85 26 94 74 51 38 28 73 41 97 88 89 44 34 18 44 12 39 59 22 99 32 26 67 42 21 26 79 6 18 89 98 24 23 83 98 75 85 36 5 84 56 92 69 63 87 10 64 85 84 32 63 24 77 52 64 41 11 45 44 87 97 30 97 32 62 15 98 30 11 13 99 47 76 52 88 23 10 29 57 1 35 13 50 5 77 84 48 16 34 21 30 34 15 3 89 58 68 93 7 48 37 8 91 41 66 1 7 60 34 32 25 70 76 10 97 46 12 41 71 7 29 19 73 83 45 52 89 34 31 88 28 19 2 6 77 70 41 32 19 58 29 92
11 85 45 53 95 92 62 93 45 43 86 69 55 39 38 20 80 55 97 79 61 38 81 74 8 34 81 34 69 55 15 86 66 94 52 80 83 10 92 52 57 72 54 24 86 53 24 91 74 71 91 65 44 94 67 7 18 96 73 92 70 61 89 41 43 8 30 94 21 13 55 26 91 44 14 69 74 21 68 79 89 21 10 64 65 96 20 74 13 14 34 98 99 36 10 13 80 32 96 77 91 3 36 61 48 32 11 60 86 62 80 48 67 6 23 19 50 12 13 56 76 55 10 22 54 25 87 42 88 59 59 21 74 52 37 60 98 62 29 50 46 29 71 26 70 30 8 87 26 41 7 51 66 64 68 41 76 7 78 58 65 36 84 97 92 72 51 69 55 3 82 48 53 96 3 50 12 42 30 71 68 80 32 52 67 58 89 7 12 68 70 94 54 61 96 80 71 5 37 68 62 92 54 25 1 39 59 18 55 35 91 88 7 7 32 88 49 63 2 3 35 80 41 79 93 71 82 24 7 98 41 3 86 62 85 34 48 6 92 97 28 80 22 37 12 20 81 20 62 45 78 17 92 33 13 64 16 54 65 88 71 92 62 21 8 20 28 30 99 3 93 8 24 97 94 85 37 14 92 31 30 14 52 68 23 44 69 99 12 37 15 38 20 13 62 63 26 51 84 55 86 51 17 27 31 81 26 73 86 36 16 38 21 7 45 17 55 22 21 27 10 83 57 34 31 49 3 96 9 76 65 14 4 65 75 26 14 30 33 12 86 53 12 51 41 48 53 47 10 18 97 50 17 14 86 59 56 69 15 56 33 58 88 69 25 20 44 81 1 34 81 81 72 50 42 93 18 14 15 17 9 46 19 6 99 3 84 88 59 19 78 9 10 50 86 1 63 62 5 74 65 1 45 63 53 34 2 74 61 52 90 14 46 91 60 25 5 52 6 76 11 88 5 95 1 58 62 56 6 57 70 10 36 38 31 44 33 79 85 90 57 80 9 1 29 30 15 37 6 90 72 51 63 9 16 34 5 83 40 39 48 15 76 55 62 84 57 81 1 24 85 91 15 89 77 75 87 88 34 85 39 73 33 83 82 59 56 49 58 79 42 99 32 80 20 47 11 28 81 79
95 76 2 53 81 90 62 50 89 79 55 68 51 14 15 19 31 43 16 26 22 72 25 58 58 30 86 35 80 9 62 97 4 50 65 70 53 87 4 77 26 31 1 13 80 26 22 40 35 6 60 89 87 74 94 70 61 41 94 65 83 2 94 37 38 61 72 72 92 40 64 54 8 19 43 37 34 82 85 2 51 22 73 1 17 96 66 31 37 14 54 62 11 69 81 16 87 49 20 51 32 64 97 19 84 55 90 85 74 28 91 3 39 62 21 48 37 61 46 98 21 82 80 53 14 65 33 34 56 78 30 86 17 62 3 90 70 97 1 1 94 73 59 14 80 85 70 17 51 88 78 42 84 48 53 87 15 61 72 5 1 29 26 23 28 19 77 38 78 60 41 91 51 90 39 12 92 77 27 42 48 31 1 39 81 59 55 21 8 41 88 93 33 98 70 55 35 12 3 37 34 67 54 75 37 20 51 38 30 69 80 58 69 87 44 81 79 99 76 21 71 52 2 23 10 7 34 89 76 13 53 63 62 37 13 69 27 99 17 34 65 67 51 59 26 55 66 83 79 98 79 63 89 47 81 15 56 84 84 80 11 49 89 4 43 54 45 85 24 85 8 40 34 60 79 36 27 79 34 55 74 9 12 27 88 22 56 83 79 38 54 27 52 7 50 33 40 23 97 17 14 62 71 90 15 97 48 26 85 51 89 41 20 95 37 19 67 55 79 96 35 80 7 24 43 22 47 20 32 62 20 8 11 17 73 68 77 94 11 98 87 33 9 48 99 69 74 59 99 64 74 21 26 69 95 6 47 72 20 71 73 19 82 30 68 49 52 6 90 94 15 42 10 45 49 45 70 26 6 1 85 50 10 8 7 14 30 26 15 92 41 95 59 61 3 55 34 7 65 72 22 95 94 36 36 72 55 34 10 8 84 40 68 2 26 4 42 84 83 87 65 53 1 58 84 2 6 58 10 85 83 97 87 90 80 38 39 27 87 46 23 31 79 79 34 8 15 39 91 11 22 36 80 3 93 42 35 77 75 89 36 72 81 36 42 8 61 62 54 62 19 8 45 40 85 52 9 28 94 6 39 26 12 44 40 43 63 42 88 65 1 29 82 9 78 99 95 40 10 26
77 28 46 27 91 60 22 99 21 73 74 6 24 90 23 92 52 30 78 25 50 79 24 94 63 16 93 87 94 84 5 9 53 86 22 16 85 86 95 98 79 89 97 42 76 55 25 76 22 33 27 99 46 59 93 99 92 87 43 86 7 45 42 75 98 46 46 90 72 75 18 46 54 75 67 82 55 8 55 25 45 98 67 76 35 49 40 22 80 36 68 15 65 24 92 30 82 42 30 65 61 45 55 16 70 53 26 80 89 94 74 37 22 60 81 59 45 88 73 53 13 63 51 11 68 64 5 51 70 39 41 77 96 99 25 67 54 19 30 70 58 18 97 17 10 65 64 11 88 81 77 91 85 3 84 16 58 65 34 79 3 96 16 28 51 36 67 7 87 24 74 9 29 57 55 34 83 64 3 59 5 32 75 39 80 35 28 92 77 72 83 69 53 71 70 61 12 56 71 6 95 32 87 7 43 18 18 73 20 36 5 71 55 88 17 35 61 42 98 21 77 71 31 48 19 54 59 2 30 45 76 76 84 88 84 22 42 39 61 6 16 76 70 59 68 25 55 28 81 51 69 42 23 58 22 56 63 15 14 32 60 49 68 61 51 47 63 32 31 74 66 97 64 55 3 78 86 6 63 61 77 68 99 28 51 88 50 38 33 20 19 68 88 25 45 93 62 21 17 57 39 22 76 92 39 29 24 42 24 34 22 26 16 11 88 55 76 66 27 24 49 2 3 11 34 1 5 56 88 20 87 80 44 35 80 52 70 37 5 22 26 1 36 20 84 71 43 56 78 66 12 44 38 78 47 1 77 58 83 38 49 68 49 28 25 20 79 14 64 51 26 9 55 7 56 92 95 14 33 32 12 26 57 90 50 67 33 39 95 71 79 7 8 46 92 91 1 4 16 82 87 23 63 15 21 32 78 23 66 81 25 48 53 20 93 34 57 59 87 44 7 1 30 8 5 36 59 77 85 14 69 62 2 56 61 35 2 13 82 85 54 60 87 52 19 93 1 87 15 9 50 88 43 77 32 6 91 31 39 7 53 96 53 24 72 34 54 37 10 45 29 35 3 1 96 37 74 70 77 43 19 32 65 15 26 81 51 77 15 8 76 77 86 19 24 67 93 13 60 25
79 90 38 75 5 81 70 5 65 95 5 55 81 99 76 9 99 38 71 78 74 29 7 7 2 97 1 27 22 69 43 54 8 68 50 53 33 75 27 59 72 31 91 37 53 26 52 75 16 69 95 35 5 58 65 95 78 77 48 39 45 5 45 76 80 49 83 29 49 16 85 96 50 36 87 81 1 87 18 85 60 16 25 86 15 68 77 44 95 35 79 7 99 66 74 16 79 67 14 66 7 93 27 95 81 20 67 10 7 8 42 86 39 96 55 50 68 57 53 9 61 41 29 58 98 65 29 22 75 12 2 99 27 84 23 16 98 33 30 38 38 58 39 33 28 64 28 53 55 50 89 78 44 35 25 4 83 95 11 60 56 38 96 37 8 63 92 67 63 73 38 52 55 27 19 82 99 70 95 33 45 11 10 15 86 75 67 99 56 57 12 67 15 13 34 84 85 62 3 30 40 31 89 55 8 70 34 57 70 72 75 5 49 16 57 91 42 96 47 66 56 35 38 95 86 31 64 61 73 18 28 75 6 16 13 74 77 72 24 15 90 37 27 34 70 71 15 26 57 51 19 89 25 52 70 59 13 19 39 86 25 71 1 76 38 55 54 77 64 69 62 85 13 24 86 67 94 69 19 37 27 49 78 61 15 41 65 37 81 30 66 53 92 40 10 43 65 32 16 98 48 48 36 47 79 30 90 63 23 53 2 1 46 69 1 61 77 37 97 6 24 47 64 41 99 19 24 87 41 47 62 79 86 15 14 49 60 6 64 1 21 50 56 33 38 32 30 8 15 39 58 37 9 14 71 48 37 9 64 48 41 58 9 34 4 15 97 2 95 53 86 42 62 81 77 97 81 29 5 63 80 37 55 77 31 90 66 27 33 34 20 12 10 76 15 94 27 54 20 54 25 13 62 91 66 24 12 5 12 72 73 19 4 68 73 49 43 88 10 90 46 96 60 85 29 51 61 59 65 32 42 46 87 81 51 92 50 92 78 91 85 70 59 30 41 34 30 66 98 76 25 46 85 10 45 22 58 26 69 31 56 84 44 19 42 68 1 14 39 68 46 7 51 56 29 95 26 67 60 82 50 91 45 48 83 97 51 82 14 42 74 7 74 31 86 13 1 97 53 78
79 93 4 48 55 75 67 79 93 64 7 57 7 58 54 4 83 59 37 90 51 19 71 38 26 51 52 78 60 91 39 62 87 85 53 37 28 87 81 97 92 20 94 27 34 69 23 89 75 91 79 82 62 85 98 59 55 45 9 40 66 57 78 44 97 42 69 70 23 3 48 7 93 69 6 10 36 46 10 57 27 40 94 69 73 19 45 62 62 10 2 86 51 76 13 14 65 56 90 43 52 70 39 81 60 67 4 55 18 30 28 71 13 24 89 38 38 8 16 90 74 90 10 77 53 91 2 28 48 9 40 64 91 88 40 47 19 70 74 68 21 57 39 54 10 45 43 72 81 61 27 40 90 34 62 47 67 32 71 12 44 28 1 7 69 6 93 28 38 52 26 72 34 72 13 86 29 64 66 17 94 63 39 6 80 44 61 32 80 48 93 45 21 21 48 22 28 54 99 80 36 7 78 41 57 80 68 57 52 30 53 79 24 14 24 74 27 94 41 66 73 42 63 6 95 48 18 73 11 33 29 58 32 18 33 73 57 16 77 82 98 9 87 4 70 53 47 75 15 18 16 85 9 29 80 57 30 65 6 66 84 33 34 48 15 61 96 58 95 56 61 98 12 95 84 1 21 66 68 38 68 23 57 22 64 10 27 95 27 26 19 59 60 45 25 26 53 50 6 51 2 33 31 32 45 6 44 98 7 85 74 12 19 52 92 53 83 99 55 3 91 84 63 6 15 69 11 65 22 84 59 9 72 73 67 51 39 10 54 30 22 16 54 84 74 15 58 86 3 75 3 8 32 87 15 44 50 17 93 10 40 27 25 98 52 16 39 75 38 97 89 35 33 89 3 29 98 18 61 11 24 25 95 3 8 93 64 13 88 39 98 65 40 55 12 33 65 50 39 35 11 63 45 18 28 13 3 86 53 77 96 85 45 60 45 73 6 58 3 36 95 56 3 35 81 12 73 56 59 84 43 4 61 38 82 33 48 69 71 10 4 65 78 44 16 84 8 46 11 95 90 41 25 10 19 32 76 11 45 82 78 50 7 66 68 22 20 29 42 86 96 29 45 69 59 84 26 98 19 11 33 2 25 98 70 49 48 65 7 72 92 42 56 48 8 75 63 79 44 90
99 68 92 49 32 97 80 47 78 45 35 8 88 91 71 55 70 75 19 57 51 70 99 89 99 98 73 18 93 51 5 83 96 74 73 94 71 77 14 92 68 95 87 78 99 85 3 79 44 16 59 33 4 98 92 52 50 74 1 55 29 12 66 84 80 55 17 67 43 49 74 22 54 44 15 32 37 47 99 92 79 2 93 63 82 40 42 45 56 47 7 32 24 51 61 60 97 54 21 58 21 98 55 29 61 79 75 92 81 43 81 38 87 75 95 74 50 44 44 98 46 36 80 29 12 34 8 73 91 74 71 96 91 12 65 97 35 41 70 25 26 5 68 57 37 85 83 26 7 58 48 3 64 58 77 15 85 78 88 24 77 54 18 9 38 11 56 9 18 69 7 42 21 69 65 13 60 68 48 37 11 63 69 99 46 55 44 70 18 37 5 69 83 52 71 74 83 73 27 75 82 28 11 8 49 3 79 53 57 66 93 23 62 43 34 83 29 87 28 60 67 79 11 22 28 19 6 43 57 28 43 70 4 11 7 14 15 56 69 48 44 22 67 64 21 59 93 30 36 21 67 75 13 97 35 47 5 32 46 58 86 8 42 82 39 46 24 79 74 71 2 80 9 50 94 16 87 44 74 5 4 71 99 30 61 93 9 86 12 30 68 25 33 57 45 54 62 84 29 76 61 76 16 60 1 59 76 46 3 68 60 28 21 6 17 32 72 91 59 58 59 49 73 97 29 23 22 39 53 65 94 53 21 82 5 28 32 96 3 33 58 88 46 77 31 26 33 3 91 2 19 17 77 22 81 17 30 79 83 89 97 68 43 72 54 79 71 97 75 4 31 86 50 68 33 80 28 17 1 21 1 75 22 85 80 51 97 30 5 3 83 60 25 30 1 60 99 97 38 27 78 42 10 39 78 6 29 58 86 5 97 23 74 27 39 22 66 58 49 9 7 1 24 92 1 15 3 49 7 77 35 73 6 95 85 21 90 2 45 45 40 30 62 68 19 15 91 15 12 65 68 13 4 36 13 48 80 44 51 88 22 76 8 38 13 88 40 25 58 17 19 32 96 81 56 9 44 2 93 59 27 58 16 71 13 33 54 35 18 84 73 53 31 29 88 46 19 44 1 57
90 36 4 99 77 83 73 76 99 10 91 7 22 29 96 6 65 70 7 99 91 86 97 77 14 72 42 33 67 45 68 64 54 35 91 54 16 36 21 13 74 95 82 92 71 90 59 58 97 73 79 3 45 22 44 9 77 43 86 29 4 14 44 45 81 53 50 79 15 94 47 83 17 45 42 35 17 72 51 58 49 75 57 41 41 27 64 90 19 49 93 2 98 23 61 87 25 15 96 64 99 27 62 49 80 14 50 28 96 55 5 10 59 31 89 36 21 97 60 44 24 44 55 46 39 1 22 89 61 87 6 14 15 10 84 86 30 44 98 31 58 33 15 34 23 1 78 48 29 24 3 33 32 86 37 40 11 24 81 40 33 84 1 87 31 82 24 44 9 36 25 9 25 33 49 63 9 70 51 82 28 10 79 58 92 60 59 34 78 27 40 57 88 49 78 77 19 67 43 51 37 13 14 63 51 73 24 88 11 30 68 83 39 9 98 20 50 58 95 43 72 39 44 46 79 51 96 98 88 69 27 77 45 54 20 36 60 68 10 53 28 66 47 4 25 3 95 28 63 45 84 16 60 29 28 57 18 5 46 3 4 87 2 78 93 18 17 15 18 61 80 95 50 93 68 49 40 31 65 93 22 52 20 72 36 19 30 56 18 90 97 45 34 29 59 37 39 43 70 55 6 39 72 42 36 36 70 5 29 62 55 18 89 17 53 97 29 94 4 56 29 63 60 45 62 25 13 46 72 51 20 95 77 41 34 10 81 66 5 13 69 45 39 38 22 62 72 82 40 96 27 13 65 62 83 22 27 96 21 52 52 51 60 34 68 59 44 91 28 31 51 96 65 28 1 86 45 19 53 63 68 19 72 81 24 7 78 93 74 34 87 48 93 6 97 45 74 78 38 30 55 60 74 73 40 58 26 28 64 74 97 19 84 11 83 6 54 56 9 61 70 67 12 57 42 58 96 36 45 80 21 37 27 27 96 20 72 24 35 42 79 45 89 6 34 83 41 12 2 46 1 3 17 18 68 34 13 88 45 83 6 69 49 45 5 89 96 82 75 1 6 34 37 4 11 76 54 14 8 44 57 27 62 82 34 62 62 20 57 27 46 96 37 61 24 49 11 69 33 99
91 3 36 23 45 21 78 2 71 14 58 81 63 20 12 77 94 87 89 42 59 55 78 52 88 45 40 29 54 78 17 98 55 89 32 84 62 95 64 4 19 25 59 91 36 52 47 33 98 96 66 57 93 18 91 78 95 10 86 7 76 12 18 23 41 37 91 71 55 60 94 10 59 73 69 87 38 31 88 62 53 68 73 52 67 68 97 6 92 85 7 97 49 24 65 97 9 26 85 10 99 19 30 81 34 25 87 65 99 92 78 38 90 31 30 55 27 86 80 66 38 15 92 73 60 25 91 92 39 11 43 30 83 77 85 72 23 73 36 26 32 48 67 52 94 92 61 6 23 76 67 23 62 99 86 89 73 65 23 39 2 25 42 58 35 54 8 91 40 31 76 15 41 96 22 94 54 68 99 31 25 32 19 49 73 46 46 26 51 12 75 85 2 52 31 71 48 75 94 41 35 2 7 64 12 78 78 27 45 32 23 60 97 89 6 56 72 97 79 42 85 1 67 76 89 35 20 68 28 99 42 90 75 92 80 81 46 16 75 34 44 42 69 17 28 27 8 69 3 27 89 81 23 4 59 98 15 82 20 71 63 81 12 49 69 75 6 30 7 16 46 16 98 93 5 85 43 5 11 38 55 75 83 90 72 85 2 38 59 13 66 33 61 9 20 89 10 64 40 91 70 85 4 82 85 1 22 38 91 96 25 33 48 96 89 25 68 35 60 67 19 61 14 94 54 69 76 27 15 7 42 34 71 67 20 95 23 98 51 89 22 59 84 95 33 8 19 15 40 9 7 59 47 60 49 77 89 47 22 16 6 8 3 3 82 58 15 22 83 36 90 81 61 74 99 12 1 40 97 10 61 14 72 71 43 21 42 16 8 68 94 11 43 81 64 12 6 62 7 26 35 12 29 40 49 15 55 61 30 8 47 36 34 11 79 26 52 1 83 51 15 73 43 21 11 55 61 52 98 54 26 51 30 14 44 23 2 99 27 56 18 31 30 26 29 16 49 68 73 58 64 48 85 9 42 46 56 54 30 45 42 67 63 87 38 75 83 11 90 37 76 49 6 15 29 15 5 19 11 11 75 83 90 47 49 94 68 3 37 95 79 68 4 45 40 63 12 19 61 42
99 15 55 67 45 59 83 37 71 68 35 54 5 88 47 35 74 96 22 64 47 14 22 55 74 77 37 94 72 2 55 83 4 86 56 19 27 58 47 65 54 92 14 2 40 83 39 14 92 57 2 73 72 79 49 66 43 72 97 52 44 61 31 19 59 95 44 24 21 54 1 82 78 12 16 64 28 8 53 80 60 34 94 52 6 15 2 17 88 69 13 17 40 37 73 82 92 93 56 15 99 18 84 45 42 55 63 97 67 26 2 33 20 25 67 41 15 99 7 65 31 23 5 7 62 9 71 12 24 57 37 72 95 74 59 50 75 71 35 38 59 53 9 16 46 71 18 6 20 90 57 16 96 88 75 62 55 49 48 68 22 74 78 2 98 38 69 39 97 59 39 35 65 98 58 32 30 96 35 83 79 47 76 65 58 57 87 43 27 92 8 31 55 9 63 53 68 25 58 38 15 9 3 49 34 46 91 38 96 60 57 68 97 65 43 14 88 48 95 13 29 49 67 10 83 25 9 80 79 27 87 33 64 38 54 30 31 73 88 26 72 12 13 25 54 45 55 24 60 75 60 54 60 9 55 10 65 41 24 24 62 95 44 80 11 2 30 86 28 67 22 35 57 90 35 4 19 67 13 27 88 71 50 89 65 90 20 67 59 5 3 9 50 74 72 97 88 51 11 95 27 66 80 40 97 82 96 86 65 41 50 22 94 62 69 7 45 5 87 79 26 2 15 52 20 75 88 34 9 85 75 32 40 6 45 49 27 41 87 52 93 87 75 88 26 59 13 14 94 17 22 95 70 98 44 51 85 77 49 10 10 72 9 96 56 16 93 53 99 43 37 19 30 82 39 10 14 46 5 28 68 77 8 9 41 21 4 18 70 27 24 61 15 74 61 5 11 36 44 44 48 83 21 67 55 22 42 51 69 1 39 70 22 94 87 33 38 3 26 44 63 1 94 83 37 39 20 77 47 19 6 73 3 37 69 40 39 81 58 58 34 30 81 19 66 68 43 25 54 5 2 26 6 21 42 21 29 18 30 79 59 44 66 34 27 28 76 70 68 50 22 44 52 81 48 43 1 18 42 58 47 70 27 29 48 26 95 34 86 91 91 93 30 18 65 3 31 46 43 64
47 98 98 1 34 23 77 10 98 83 16 54 68 21 48 25 77 5 89 55 99 49 26 41 76 45 33 54 12 51 57 68 29 43 46 65 72 69 93 50 29 21 11 90 79 71 56 20 31 74 50 35 50 42 16 62 43 22 34 19 91 94 78 38 23 74 36 86 94 63 39 45 29 33 94 46 38 14 17 95 36 47 32 19 22 78 69 31 13 52 90 78 93 73 61 17 54 92 30 77 28 63 93 98 33 65 27 52 75 29 51 32 25 11 13 11 80 12 75 97 5 74 99 23 8 83 89 40 50 59 23 54 70 1 51 19 90 99 81 84 12 15 73 98 27 9 23 70 29 12 77 67 36 47 51 80 68 99 71 35 83 64 18 32 76 86 91 22 82 93 65 32 5 92 28 59 71 83 42 39 17 81 76 80 26 52 57 40 48 14 96 71 43 95 38 30 52 96 87 83 2 64 40 23 92 66 54 83 78 49 27 19 1 24 38 38 96 14 69 34 14 81 45 39 23 93 58 20 71 18 91 19 83 12 89 67 18 67 33 65 69 51 16 76 28 51 36 79 39 12 45 34 40 51 18 20 79 99 63 8 8 41 83 97 4 25 17 7 20 60 28 63 3 81 31 67 7 79 24 85 2 56 93 60 33 74 5 38 81 16 7 46 13 8 99 54 55 71 50 32 20 8 32 81 26 36 13 9 82 82 56 31 88 99 90 36 14 77 28 96 20 56 42 98 6 40 20 94 67 89 95 62 58 22 90 28 18 53 6 98 49 95 42 68 63 86 42 62 48 18 1 14 75 22 35 99 1 78 70 21 1 71 76 43 7 29 9 82 84 66 61 59 62 24 12 92 37 39 71 90 71 87 5 26 79 33 57 11 59 81 53 17 95 35 94 13 56 89 18 52 25 36 92 78 60 50 93 22 17 60 46 8 33 54 91 35 45 93 83 41 87 24 75 76 79 21 52 77 39 14 55 50 78 16 95 53 45 79 59 88 23 36 4 43 47 15 30 10 97 31 95 85 80 62 4 54 6 97 88 46 80 17 31 53 99 1 68 29 90 34 85 67 70 3 31 32 48 62 22 68 62 18 62 23 35 80 25 35 51 74 44 68 13 36 46 70 58 82 84 55
