20 500 42165 140.14
50 96 46 99 25 86 91 48 5 58 30 59 81 37 23 95 62 95 69 48 62 80 90 14 92 58 69 51 40 58 65 35 20 94 75 64 53 61 25 36 35 21 74 48 10 13 66 19 63 33 63 57 97 72 72 82 58 81 59 58 74 92 34 45 8 90 72 80 33 56 65 13 28 79 51 66 80 17 39 92 24 64 28 8 33 77 55 34 89 47 73 52 79 60 66 51 65 51 99 69 16 7 42 79 63 88 56 79 96 60 88 42 64 28 53 15 38 13 65 34 80 22 4 39 38 18 55 79 78 65 99 68 69 91 38 70 78 30 84 86 46 14 49 38 25 50 86 4 13 90 26 2 92 54 41 93 62 28 11 77 79 15 90 44 64 11 81 16 89 52 53 72 15 28 98 54 44 52 70 3 84 17 23 80 87 52 43 45 56 67 13 51 3 83 18 9 57 26 41 84 84 47 91 22 89 41 4 65 64 41 69 29 34 22 93 28 18 5 41 60 12 9 62 49 64 79 80 20 69 6 7 54 22 79 53 81 27 87 47 85 7 55 54 87 53 31 34 13 89 85 67 90 76 54 38 10 73 80 82 24 26 12 46 60 27 79 67 11 69 37 23 17 72 56 49 5 11 32 96 16 3 42 71 30 7 88 3 59 54 16 3 77 99 90 7 24 82 25 60 16 41 78 13 18 40 33 26 95 71 59 5 80 68 66 26 16 11 77 34 40 73 30 86 6 11 69 69 74 93 10 17 28 83 32 88 28 50 41 31 63 8 52 36 49 22 3 66 47 5 12 46 14 61 7 53 25 83 64 68 45 38 58 48 13 82 84 81 35 97 99 57 76 38 12 25 34 57 53 33 46 98 59 84 56 94 86 73 81 29 52 97 78 60 85 9 35 9 1 71 28 5 91 86 77 1 42 40 95 37 15 33 26 89 63 74 3 17 83 36 25 40 81 95 86 88 3 61 74 21 79 88 4 76 10 4 46 18 98 88 45 45 19 9 27 68 94 85 43 59 63 89 72 79 12 46 17 23 80 12 40 3 63 49 84 15 49 30 24 40 62 22 27 65 88 7 22 55 44 34 43 50 35 93 11 25 56 41 28 15 5 30 99 5 71 66 79 19 87 53 48
77 98 40 78 50 88 59 80 63 47 81 53 33 98 16 92 33 78 11 75 4 54 93 47 12 73 91 66 10 96 52 18 31 6 45 42 89 26 96 84 95 13 93 92 76 98 59 56 40 55 67 75 18 85 13 7 60 91 90 39 22 91 23 72 77 13 42 52 46 67 36 48 71 56 60 80 79 58 98 62 99 53 25 96 53 38 10 37 21 6 61 97 91 13 16 99 58 54 29 48 32 22 61 53 95 38 92 69 39 18 33 92 77 39 95 83 75 54 74 76 63 17 15 65 47 49 91 58 67 62 15 51 36 75 64 49 83 11 41 1 65 9 96 54 33 39 24 93 93 54 53 39 3 93 89 32 67 96 99 65 35 68 51 10 91 6 9 84 93 12 25 62 66 67 25 78 12 70 31 63 31 29 54 33 69 20 91 4 83 88 93 26 23 15 73 79 11 11 13 85 37 50 73 11 18 64 71 75 43 78 18 83 12 74 86 4 19 73 17 2 59 48 14 46 40 75 77 35 45 53 12 90 27 93 34 81 47 13 23 5 28 67 81 11 30 62 79 7 74 24 26 91 18 69 50 30 20 45 5 31 28 18 43 30 42 98 42 86 23 34 84 21 10 64 87 37 77 12 79 1 1 92 90 71 69 87 92 74 24 22 51 28 88 14 12 67 19 57 24 64 88 6 62 86 66 8 95 55 99 75 96 63 97 99 27 43 66 29 76 27 37 45 25 95 26 19 93 17 77 55 65 19 43 20 90 56 8 24 93 76 6 7 50 57 16 40 55 21 41 50 79 42 33 78 33 75 47 27 55 73 5 33 9 45 11 60 3 67 14 51 5 69 66 26 87 97 15 55 93 46 9 62 36 10 95 51 27 76 82 43 81 53 21 70 72 1 49 55 44 64 40 35 21 60 97 50 38 43 4 18 70 41 79 82 73 62 10 40 60 36 15 60 24 25 7 61 10 89 41 16 15 26 52 83 55 39 57 31 66 16 89 88 11 23 16 3 92 18 50 23 34 49 33 8 70 77 15 68 86 71 4 47 6 75 37 10 40 27 70 51 53 42 5 50 97 57 49 71 93 31 77 84 69 22 40 43 37 82 93 33 88 77 76 88 28 70 99 62 23 75
41 18 54 70 31 78 81 46 3 32 69 22 50 83 70 56 14 51 86 94 49 96 22 63 50 66 62 58 95 48 90 57 88 66 99 53 92 60 58 19 15 64 58 77 29 13 86 92 48 58 74 24 82 62 83 45 64 23 4 49 55 47 25 62 84 14 53 78 90 94 98 63 42 85 15 34 56 22 46 64 72 59 84 32 14 52 87 18 30 77 32 56 73 80 74 16 48 40 47 79 30 58 71 46 87 99 81 59 31 73 34 80 8 50 89 69 23 33 8 82 19 83 46 71 73 34 48 5 41 51 1 35 7 64 53 86 86 19 94 36 95 41 14 15 46 2 29 88 78 36 90 37 83 85 1 48 59 84 99 40 95 86 25 95 95 63 33 29 98 70 37 86 58 3 11 2 31 8 22 89 72 46 67 87 2 88 42 92 44 41 27 97 87 30 82 56 52 8 99 43 16 80 55 70 47 96 69 19 59 35 72 60 58 21 39 22 20 43 26 51 9 19 34 20 61 68 13 24 14 7 55 87 63 93 41 76 1 67 34 16 11 61 46 20 16 51 21 66 92 29 56 71 50 75 72 99 16 77 26 5 15 95 18 6 6 12 38 10 72 82 99 44 80 8 7 90 46 50 61 59 60 28 82 25 80 80 36 14 25 98 63 3 53 27 55 57 11 6 29 32 1 62 26 1 87 87 97 67 1 74 95 43 11 43 72 84 33 63 93 4 57 22 22 21 2 89 9 78 5 65 50 8 64 29 81 60 97 29 22 29 86 75 94 67 39 26 35 40 28 37 74 86 6 73 62 1 32 9 63 99 87 97 33 9 55 5 49 87 21 66 74 4 94 63 11 38 26 92 8 79 36 73 47 55 93 70 29 95 15 8 71 73 47 78 57 60 22 46 18 10 43 34 6 21 69 91 56 76 73 59 77 56 22 13 71 66 32 90 72 55 72 7 31 36 39 48 71 18 35 15 10 63 39 67 66 16 96 83 61 36 70 81 22 46 76 72 8 96 10 25 92 78 82 19 86 38 82 48 97 66 20 32 87 98 78 81 43 91 34 22 77 97 49 98 22 44 97 28 94 65 3 95 37 41 33 57 15 75 5 13 77 80 54 94 50 2 60 80 15 94
26 82 53 69 57 77 94 24 48 84 48 45 23 96 87 81 62 23 89 60 78 99 91 94 58 28 8 85 32 47 42 73 89 37 35 99 40 21 88 16 65 25 17 92 90 99 73 28 4 75 50 48 84 94 78 20 94 99 82 50 21 61 20 6 51 35 54 25 10 24 45 81 40 93 56 76 95 77 29 44 1 60 6 46 81 42 94 28 68 11 66 49 30 86 33 81 99 52 76 82 61 99 72 45 42 13 77 38 5 23 77 23 32 8 74 93 79 75 4 53 82 24 85 11 76 39 92 13 17 66 65 56 7 60 6 10 20 13 33 60 70 83 34 31 76 77 71 15 67 35 96 5 60 28 70 28 2 31 18 62 78 27 76 80 48 33 10 36 4 56 10 43 33 82 48 20 66 51 79 62 70 51 36 46 1 64 4 50 98 3 41 22 34 15 63 10 66 38 97 54 38 3 44 3 85 72 41 5 7 43 9 46 51 44 10 25 85 96 11 26 94 16 88 10 59 2 33 76 74 62 71 46 96 41 51 17 40 66 62 14 49 25 61 11 13 12 94 84 9 39 5 28 3 78 29 52 54 30 18 20 92 33 93 33 12 43 48 71 85 23 82 75 10 30 49 26 94 69 1 4 49 31 94 60 15 76 57 22 4 10 20 77 39 14 71 32 56 77 66 73 12 89 20 58 37 75 27 3 13 5 64 11 72 26 4 76 31 44 40 47 37 60 62 32 69 31 55 83 66 28 44 80 94 73 80 97 27 27 73 20 39 79 87 61 55 83 34 94 1 63 31 21 42 24 83 49 82 67 73 8 53 72 26 16 35 22 47 24 38 94 15 87 35 89 20 24 5 29 94 30 59 56 90 19 88 10 54 94 73 74 1 43 47 8 70 2 37 70 32 33 26 21 78 23 19 11 74 60 86 53 25 74 36 66 18 28 52 3 56 72 51 70 18 88 42 30 45 40 95 92 24 23 6 30 50 52 47 14 14 5 74 18 73 2 12 64 97 97 76 88 39 59 45 92 40 48 17 79 11 83 31 80 13 8 10 83 71 75 29 41 93 18 80 35 39 53 21 79 34 10 6 96 11 40 93 65 11 37 15 88 50 81 55 17 37 8 32 33 17 60
88 22 89 86 89 90 89 95 75 87 73 81 92 48 61 29 66 89 79 66 51 40 83 52 53 16 32 51 62 49 48 16 7 74 94 99 2 91 17 16 40 56 87 14 72 85 4 32 87 87 18 40 97 51 57 48 91 39 83 66 58 67 57 82 9 69 85 5 99 42 88 94 67 86 72 59 66 32 59 96 60 38 82 20 39 43 7 70 43 38 8 12 88 29 9 25 43 17 12 81 96 18 4 68 3 76 13 22 14 30 11 43 17 48 66 51 12 78 84 92 96 63 99 8 68 79 72 98 19 73 47 31 89 87 97 73 2 88 74 66 15 68 30 88 98 83 32 23 31 91 55 79 74 78 30 41 93 86 36 59 78 51 84 63 8 70 71 11 99 57 42 64 17 3 49 43 5 47 68 24 70 70 99 20 27 86 76 33 86 2 7 80 11 35 42 49 53 27 87 8 56 2 46 59 30 28 39 44 6 30 41 13 73 23 96 72 18 51 5 24 97 98 45 81 87 39 69 96 17 78 68 35 10 47 23 42 48 53 39 48 38 59 76 24 29 84 88 94 45 72 14 1 22 74 2 46 36 96 13 48 3 24 20 53 75 38 22 37 90 64 9 26 91 95 51 71 83 32 34 56 9 54 23 33 37 58 63 35 75 6 15 59 74 51 68 3 76 32 61 1 91 73 26 80 30 22 96 59 10 98 85 14 44 12 65 20 73 54 9 34 23 9 52 44 98 27 31 30 14 62 51 93 10 29 3 29 60 71 52 58 18 55 99 51 33 22 97 74 51 90 24 26 2 58 95 77 21 24 91 88 34 10 55 97 7 98 51 49 25 8 29 69 41 82 8 69 13 93 81 49 81 28 70 33 11 34 87 22 82 74 74 23 95 25 15 50 10 32 25 7 35 65 33 21 16 62 65 84 77 51 15 9 8 74 22 7 72 19 41 45 32 49 31 57 43 75 21 24 11 50 86 93 53 83 46 81 29 50 83 38 32 48 38 35 5 30 35 74 52 30 43 71 92 99 55 96 57 94 52 58 77 65 71 90 91 82 63 13 66 12 77 92 58 15 96 50 17 36 82 53 35 99 67 74 40 30 10 3 26 62 49 3 40 34 19 22 74 32 16 66
56 98 25 95 95 88 13 25 13 22 46 96 68 69 74 27 40 18 2 81 86 28 44 82 65 90 70 94 54 94 37 93 69 78 75 65 41 9 89 77 32 52 48 69 38 80 95 21 11 71 73 42 67 21 49 80 86 46 84 81 65 33 5 16 75 77 91 45 82 59 88 36 17 9 35 33 44 76 68 61 39 10 47 13 65 94 81 4 49 28 65 44 83 89 46 91 9 22 19 58 36 99 42 73 81 83 20 85 41 85 64 21 94 48 52 57 13 56 4 52 4 98 24 51 47 45 32 33 77 84 76 66 67 11 35 93 13 80 98 50 98 12 17 26 69 73 62 77 18 53 67 25 64 51 63 98 45 45 47 17 31 20 46 29 84 58 16 45 14 49 80 21 65 5 76 8 65 22 77 55 9 93 59 59 11 19 64 67 57 58 12 92 23 49 56 44 95 43 46 15 83 77 84 58 53 9 96 31 46 43 26 76 16 45 12 8 42 1 18 37 29 42 2 34 20 93 85 91 61 12 56 21 37 63 53 92 24 20 30 19 69 7 53 11 83 46 32 86 63 21 29 16 90 22 19 84 67 55 33 54 98 20 18 69 27 7 82 50 18 26 86 77 10 45 2 71 96 91 29 14 55 25 27 2 7 46 30 5 41 42 28 77 53 75 56 95 28 57 10 89 44 30 93 49 14 23 61 36 29 71 58 37 58 63 67 83 78 5 28 34 17 23 72 74 86 44 52 76 82 85 34 7 48 86 12 49 8 27 27 40 11 11 26 26 94 32 90 34 8 88 21 3 63 29 54 15 60 69 35 2 81 58 16 1 45 60 91 86 68 93 82 91 32 86 7 20 19 36 7 52 35 17 1 39 39 15 89 71 77 75 72 31 95 14 46 8 52 21 39 83 20 97 83 82 57 87 99 19 57 24 83 27 4 14 85 3 69 18 25 4 6 63 41 16 10 21 70 90 16 86 83 32 57 77 94 30 15 37 41 14 2 47 3 51 37 33 57 51 37 83 22 16 87 98 10 62 10 72 70 92 17 14 22 12 66 61 14 41 17 39 17 30 45 24 32 91 64 88 83 41 65 21 14 1 94 63 6 75 87 64 22 67 32 39 84 11 75 82 76 81
99 74 85 36 81 53 23 88 67 33 91 23 46 24 52 49 43 28 91 75 93 3 64 62 81 50 78 61 19 53 81 67 88 63 61 79 80 57 86 93 47 60 56 94 6 57 31 77 85 87 69 31 6 92 54 75 85 69 16 18 57 1 62 98 85 31 25 84 21 66 38 30 57 60 40 34 60 19 45 37 48 97 99 39 14 42 41 87 17 46 16 5 81 53 6 98 36 5 18 15 92 93 99 37 50 37 77 67 24 57 12 97 87 38 89 10 71 66 43 4 9 76 42 95 48 60 12 84 63 20 18 14 85 74 88 95 54 96 28 66 39 48 11 21 21 81 36 15 53 26 44 79 98 91 37 7 12 16 92 11 16 76 54 98 75 15 88 17 92 81 49 61 73 4 48 78 86 42 15 39 63 71 96 72 91 22 29 81 43 60 60 81 37 37 23 26 40 51 43 15 71 42 11 76 45 38 34 30 96 90 10 25 58 10 13 54 57 95 25 15 12 9 36 39 75 88 36 36 3 65 56 51 18 47 93 41 34 60 67 30 12 17 11 93 42 29 78 51 22 7 64 30 14 72 4 12 64 43 67 48 16 86 8 10 76 24 30 81 18 74 90 13 80 23 16 14 93 48 70 27 2 49 17 53 17 26 19 3 91 5 11 7 23 70 56 56 71 56 92 10 63 38 72 70 98 5 90 34 52 39 89 80 94 96 73 17 5 13 80 70 61 60 26 51 38 32 24 64 34 25 93 21 97 38 84 41 96 59 24 34 22 81 15 49 17 40 88 70 68 40 53 48 1 73 40 67 36 56 4 52 46 94 64 3 41 23 15 89 17 19 80 99 35 50 95 37 17 46 10 18 21 44 43 14 81 25 24 42 23 8 11 21 47 74 7 81 87 6 98 43 55 33 16 23 23 48 51 53 5 15 94 69 8 1 49 23 46 52 65 78 68 38 22 33 64 77 80 51 12 62 52 58 62 2 63 31 17 12 89 16 38 9 2 40 38 43 52 58 85 93 44 11 63 73 45 67 50 71 75 72 29 89 51 94 55 56 53 81 77 65 33 47 5 74 84 21 33 86 59 93 97 47 84 29 16 63 61 30 58 20 82 90 20 42 38 45 9 33 92 75
6 55 86 1 27 31 87 62 83 93 86 85 81 23 81 61 69 42 40 11 75 27 56 61 33 29 98 71 77 9 57 55 15 66 98 27 72 12 76 12 72 88 16 26 93 23 35 48 68 24 30 33 14 70 99 67 16 79 35 40 49 81 61 59 83 62 55 2 62 89 45 98 50 68 67 91 77 21 18 60 55 85 64 9 92 7 29 88 21 27 47 85 15 58 42 16 76 39 84 53 50 44 31 17 75 57 28 96 70 53 4 63 94 85 43 82 68 30 98 48 75 80 70 66 40 1 76 46 57 17 51 85 29 99 50 48 67 71 18 4 63 84 16 30 10 79 54 30 86 91 21 28 50 23 98 33 92 22 77 49 87 89 93 46 28 77 78 82 47 28 5 78 95 78 8 31 77 72 14 28 48 7 30 27 73 43 15 82 16 51 24 39 80 46 97 30 53 36 25 63 2 51 43 78 58 63 68 70 13 57 21 26 41 51 27 65 13 23 37 41 33 9 39 3 51 1 93 63 16 9 64 78 48 22 78 17 70 66 16 79 28 33 37 65 23 36 39 82 87 21 24 51 64 90 18 3 25 60 1 99 12 12 49 20 9 49 90 38 60 17 4 69 60 18 74 32 4 90 19 18 42 27 38 64 74 15 52 54 4 9 4 77 28 27 64 56 22 21 85 79 72 3 56 90 46 61 42 43 35 66 43 8 55 58 29 25 69 10 59 18 99 75 50 13 4 34 77 42 60 96 25 16 6 32 18 44 86 39 59 10 52 77 22 18 86 40 75 66 81 16 96 60 32 5 46 95 16 18 28 3 67 46 7 1 30 27 76 15 67 61 11 20 55 97 37 13 22 14 50 89 53 31 62 48 14 70 44 57 9 73 28 78 91 67 29 98 86 50 45 9 7 60 94 64 13 21 53 63 83 7 8 3 43 2 9 30 39 88 47 88 92 3 12 41 34 98 65 84 22 57 58 1 11 2 18 23 40 72 66 26 4 40 94 66 10 25 36 8 30 36 62 82 76 79 34 10 35 4 15 17 27 38 73 58 53 38 49 19 32 45 93 58 42 62 34 23 61 4 44 55 7 19 37 91 29 89 88 6 22 63 52 98 77 21 23 39 54 4 74 11
46 39 58 68 68 25 21 26 77 59 74 30 80 74 21 23 21 56 58 28 45 50 35 48 59 91 20 15 51 11 30 41 3 18 42 34 58 54 23 80 45 17 98 88 37 80 59 93 82 19 82 59 25 93 24 14 82 29 1 78 14 2 90 90 16 74 91 78 98 46 57 59 56 39 98 97 91 60 25 35 52 50 62 73 14 41 27 46 81 75 73 56 61 18 5 82 51 40 86 36 26 36 7 44 92 31 86 41 51 91 40 14 58 77 9 70 6 78 20 88 62 43 73 12 20 46 36 70 97 46 73 87 30 44 46 2 43 21 42 52 58 50 63 57 68 13 38 59 1 61 58 69 72 8 50 29 24 30 52 58 83 48 94 7 12 15 20 28 84 18 78 24 62 32 2 93 6 57 83 17 19 92 30 68 27 36 55 51 41 49 75 48 20 3 31 6 49 1 42 8 58 64 28 78 33 14 83 94 4 49 99 29 78 87 68 15 63 59 45 75 48 14 73 25 31 56 47 4 5 60 29 16 90 4 88 29 10 63 90 26 32 5 55 34 14 39 49 82 8 37 78 62 41 94 91 80 2 61 75 76 20 76 33 16 33 9 94 3 79 96 91 39 2 32 52 76 9 81 93 33 23 66 87 86 98 52 66 16 32 68 44 38 61 22 29 63 17 27 53 29 22 60 19 71 25 87 21 25 56 92 54 53 60 31 96 67 13 42 74 76 46 29 85 26 23 59 69 48 18 16 18 38 99 34 36 18 93 82 38 12 39 87 50 32 50 91 77 62 94 78 20 6 33 51 6 45 30 79 38 87 48 70 70 21 64 60 89 60 73 18 52 74 64 39 48 98 44 63 71 64 37 37 50 8 2 1 4 93 22 37 79 29 84 90 40 90 50 48 26 26 82 48 20 58 33 97 33 85 36 14 34 98 54 7 7 17 98 62 99 43 8 21 5 89 54 58 50 67 58 35 20 77 12 82 87 88 36 63 1 26 96 66 48 18 91 47 90 6 34 24 88 39 72 59 38 10 32 10 44 17 96 76 27 18 31 70 61 31 2 57 37 1 60 1 52 14 21 77 63 54 80 29 61 35 69 22 10 20 28 64 80 95 10 50 54 88 28 96 79 28
95 69 34 60 92 89 89 45 94 42 94 98 91 81 30 96 42 40 69 75 48 58 50 49 79 40 82 68 37 70 78 95 64 74 42 98 85 40 87 36 77 39 65 53 74 90 61 89 13 94 82 70 47 17 58 77 92 2 63 49 43 92 52 24 64 62 37 34 10 52 3 29 16 78 1 24 18 99 38 49 99 79 86 65 37 40 92 4 79 83 64 23 37 16 61 80 62 98 31 41 29 87 59 58 83 84 69 33 65 56 83 24 55 88 80 98 41 9 58 12 1 54 67 30 96 64 48 80 45 15 41 48 2 90 28 8 76 88 57 29 53 33 35 66 44 78 41 17 28 73 41 72 31 43 99 22 35 78 59 78 24 18 16 61 84 11 15 59 47 43 2 61 75 29 89 86 82 15 23 40 71 33 43 41 91 80 32 8 99 15 3 32 52 81 10 39 2 5 43 28 70 93 94 2 46 38 61 15 67 75 56 15 3 10 13 60 93 29 26 41 63 47 94 55 19 15 47 4 30 37 29 72 24 52 35 98 23 62 77 54 51 32 66 56 83 56 13 32 43 49 93 77 86 54 13 27 90 41 91 64 92 96 38 12 50 49 42 39 94 66 23 45 26 36 41 68 50 62 35 55 78 46 8 36 65 86 83 56 34 68 20 6 18 13 29 50 68 4 1 94 48 87 77 71 37 41 32 81 24 58 53 24 31 25 36 41 2 36 44 13 73 54 45 11 27 24 28 6 61 22 72 1 75 45 92 61 13 16 53 53 45 1 34 7 72 63 51 29 24 23 25 58 58 32 38 93 18 15 40 27 19 50 66 86 92 17 11 48 10 14 51 88 39 50 97 26 14 48 86 37 55 5 58 5 13 53 53 83 96 88 70 98 87 50 83 69 99 53 78 93 24 1 10 17 87 86 73 41 88 20 62 32 12 18 63 24 77 35 6 89 15 57 13 54 34 79 8 90 26 16 49 95 8 88 77 46 65 30 50 68 45 35 16 74 22 66 5 48 90 68 36 99 25 47 90 92 89 95 90 41 16 71 3 48 66 2 13 71 17 85 4 2 82 8 22 31 29 55 42 96 2 98 88 70 55 40 23 78 74 11 38 70 48 20 71 66 85 94 61 75
69 74 92 62 51 4 51 90 82 83 66 76 55 13 92 25 71 78 89 95 16 38 59 58 40 39 58 97 83 26 79 7 47 61 10 35 87 77 12 82 47 54 84 52 19 99 65 56 75 76 13 67 20 15 17 20 15 37 63 46 96 76 85 55 98 25 69 6 64 76 5 29 45 46 62 83 42 38 16 95 50 9 79 60 74 92 1 93 84 29 91 93 20 82 86 39 37 88 37 5 68 59 60 7 24 28 32 79 81 80 76 9 76 53 64 82 82 43 71 42 2 28 46 89 87 46 52 26 8 33 85 95 95 74 14 17 86 39 98 14 49 91 14 72 63 2 25 79 1 96 10 83 97 23 75 15 77 58 82 65 3 25 66 70 32 93 55 78 83 50 82 16 35 69 52 1 39 24 77 33 33 51 20 48 21 79 51 18 78 84 77 6 17 74 54 20 15 37 61 73 58 88 2 49 91 32 93 66 27 27 45 9 21 72 37 67 89 49 83 19 2 66 16 18 95 58 93 10 94 91 56 84 30 63 33 27 54 58 18 57 26 63 79 59 77 44 7 26 49 63 19 12 43 18 88 19 49 48 12 30 53 69 9 61 57 16 39 6 75 76 39 46 80 49 20 80 45 18 15 59 46 56 43 56 73 92 94 11 30 77 18 69 10 38 56 89 53 49 45 20 70 19 66 59 56 63 52 74 15 58 98 51 60 15 31 68 60 53 53 73 93 83 89 19 37 4 54 16 96 24 7 31 20 34 75 47 66 65 65 75 7 29 11 67 41 42 56 71 65 18 11 51 42 75 99 19 49 79 2 26 59 41 64 11 93 53 61 14 77 90 75 20 62 21 34 88 52 54 5 73 9 9 69 70 80 68 86 42 45 21 95 55 97 94 2 65 27 62 69 57 41 79 91 65 22 15 39 89 12 53 52 60 19 58 16 94 66 18 35 85 40 93 68 8 25 95 5 25 93 31 24 91 10 6 53 89 47 72 12 58 13 22 53 31 72 12 96 2 57 59 82 7 45 45 44 30 87 36 39 24 41 43 2 87 52 71 33 7 62 93 81 10 33 39 92 27 75 55 3 37 69 91 21 55 20 20 57 33 90 4 27 50 98 19 2 65 19 32 81 95
91 92 73 50 84 69 88 91 53 71 93 51 99 93 89 48 65 53 59 35 26 1 12 61 57 71 34 35 98 94 64 19 95 65 78 40 91 36 62 68 55 48 63 42 89 44 35 18 73 99 58 98 49 59 55 46 78 44 27 29 45 23 20 80 56 81 27 43 8 59 88 51 39 35 48 81 27 77 54 92 25 95 87 98 47 98 69 53 70 74 49 28 5 7 11 20 40 84 62 36 48 24 86 83 75 87 25 10 99 39 8 92 1 1 68 54 94 12 54 18 20 38 8 67 82 25 54 18 3 38 17 8 54 48 97 1 78 71 56 56 63 59 25 82 24 61 64 96 11 54 3 76 15 66 92 13 16 72 28 73 93 58 26 48 12 99 74 83 9 50 93 43 27 21 87 78 67 9 55 66 29 1 25 21 43 63 68 14 15 32 14 75 87 16 23 9 54 55 24 94 6 55 19 92 66 29 45 6 10 47 33 24 38 57 3 92 46 30 28 88 56 3 87 55 16 14 55 20 61 96 5 61 25 51 19 7 12 7 85 71 63 40 2 85 68 45 46 25 41 80 60 44 27 8 23 40 54 74 26 1 76 23 76 71 35 69 57 47 4 87 47 2 14 69 6 13 82 56 25 47 59 32 66 8 97 14 40 5 8 5 62 96 30 80 5 2 44 24 97 41 64 95 31 25 88 90 84 22 18 8 30 6 19 87 71 84 54 71 80 16 28 93 85 6 78 12 43 78 37 2 98 65 68 54 77 56 43 69 73 11 23 89 46 91 75 14 96 73 85 79 79 83 78 85 68 70 31 55 15 6 49 34 78 33 50 66 42 24 23 6 96 69 53 38 62 42 87 43 21 38 53 31 94 1 89 35 15 11 53 68 87 70 26 1 73 70 96 9 41 66 24 45 97 36 55 40 59 3 86 85 54 73 47 43 10 47 47 61 29 52 22 45 39 61 33 38 47 80 50 54 29 56 97 30 50 1 11 6 43 66 20 64 90 12 64 83 95 6 66 93 3 12 8 70 68 10 56 20 16 85 89 10 65 80 25 99 47 66 93 68 88 81 92 85 6 52 17 28 21 4 53 38 77 18 53 51 55 87 66 43 83 1 17 43 24 38 22 81 56 35
35 93 11 98 70 52 18 47 88 36 27 77 82 46 50 68 56 79 85 78 50 98 97 83 99 20 77 97 9 86 3 86 47 99 95 81 87 87 53 41 87 45 99 23 21 7 69 97 25 6 26 19 25 8 26 1 39 87 91 85 21 87 53 26 37 31 90 79 43 39 52 88 98 63 75 15 80 25 98 66 82 70 19 8 67 60 78 43 6 44 25 83 3 22 97 54 34 27 74 66 56 65 66 99 81 82 37 40 55 12 59 41 16 74 81 63 10 75 29 46 53 88 89 66 84 31 99 45 88 78 36 45 78 63 12 90 3 90 48 92 81 29 40 34 90 21 50 50 37 35 3 37 50 11 29 50 53 64 65 30 33 48 14 67 54 79 8 44 78 34 37 42 9 17 10 35 28 61 26 80 2 21 60 99 37 19 7 59 37 71 72 67 79 72 55 97 50 79 47 14 19 18 41 12 92 83 12 42 37 80 48 94 34 56 53 97 29 70 48 38 76 79 96 14 86 6 51 86 76 40 46 28 87 29 58 83 77 6 49 87 65 54 66 24 93 50 39 19 25 2 41 90 27 23 12 42 13 74 18 22 83 42 1 10 69 29 18 26 25 97 45 13 47 57 22 43 77 37 70 77 16 34 37 81 29 62 45 29 24 79 99 34 26 91 46 89 28 5 59 97 80 85 13 75 11 67 97 14 40 18 58 35 18 32 29 29 26 85 45 60 82 45 56 60 84 56 10 13 67 57 95 78 54 21 66 17 81 60 83 1 9 78 33 79 71 50 43 73 54 41 81 99 13 84 55 41 65 94 10 96 16 97 3 75 88 63 75 4 81 27 93 90 48 84 67 47 54 74 1 52 71 48 50 13 93 26 99 19 36 82 36 47 23 40 37 72 35 27 13 57 96 51 54 7 90 40 19 49 3 70 67 94 53 8 12 62 20 70 83 20 2 69 51 46 53 52 17 33 88 62 4 43 61 37 70 14 34 83 88 4 34 15 29 63 77 9 1 91 99 46 40 83 1 51 68 20 49 39 98 37 40 32 32 3 71 15 81 49 31 2 30 11 89 75 31 14 20 67 71 37 99 64 98 35 85 53 48 37 31 58 64 62 69 86 27 32 4 95 9 78
23 83 79 47 50 74 44 40 66 89 35 25 79 68 74 62 90 99 5 13 79 65 42 75 25 20 82 95 39 87 91 59 91 17 44 78 14 60 52 98 66 87 49 2 80 87 82 29 79 33 91 73 81 17 92 86 1 71 62 74 92 12 95 13 13 1 50 88 87 41 91 49 60 71 48 45 58 75 48 80 69 52 49 77 71 66 95 50 50 81 55 88 41 9 48 24 19 70 56 36 86 34 27 22 91 69 19 7 42 7 1 81 99 46 66 13 63 59 6 1 82 86 16 1 51 64 48 63 36 46 33 92 86 25 58 89 81 96 34 13 97 57 94 84 81 82 34 84 39 33 20 92 15 5 3 95 14 24 93 60 94 51 7 28 46 88 60 78 27 49 94 98 85 86 76 30 53 16 21 99 13 36 51 28 9 29 35 17 61 19 3 9 3 93 44 28 26 4 40 25 15 43 69 47 44 1 6 57 53 55 32 76 74 29 43 6 30 37 44 96 44 31 12 50 76 59 81 14 7 52 33 96 44 24 13 63 15 64 63 87 28 80 18 28 55 46 57 64 68 6 15 46 64 93 53 76 30 62 43 91 20 49 21 41 35 11 24 82 27 33 3 99 99 79 22 8 83 31 15 50 53 22 82 39 51 94 33 46 81 97 96 82 67 99 33 72 11 62 43 52 64 4 95 88 28 57 21 66 78 30 40 74 95 35 15 74 44 28 30 27 86 87 84 21 7 33 62 91 68 7 29 69 71 58 14 4 2 27 44 30 91 50 42 59 59 58 10 36 59 58 60 44 55 4 65 77 31 90 49 92 7 46 13 2 65 62 6 58 93 74 46 64 13 60 1 11 80 23 5 42 10 11 91 10 31 85 5 36 63 80 25 49 57 35 15 78 62 38 2 39 88 34 5 23 88 73 9 43 6 63 15 73 59 98 84 59 53 14 87 33 23 17 65 43 16 18 4 41 37 95 31 43 35 35 55 41 45 88 50 6 44 60 76 38 93 12 82 72 6 26 11 69 11 97 22 61 12 76 65 84 75 31 95 87 66 80 2 34 91 3 69 4 46 82 50 77 53 69 28 59 62 6 92 12 51 93 12 80 32 85 71 84 80 96 33 92 17 2 55 13
93 49 66 7 16 73 95 46 99 28 72 56 30 27 71 69 70 76 5 23 88 71 39 98 21 23 14 89 71 92 99 97 65 8 45 18 8 75 83 96 72 96 7 37 44 2 58 48 89 38 27 60 33 69 60 82 7 15 93 93 40 41 20 68 84 77 65 62 89 45 54 19 1 46 80 58 81 37 50 70 27 49 42 99 93 52 13 31 5 74 66 32 23 88 77 9 17 30 36 69 90 29 77 30 65 46 41 76 90 24 78 93 62 81 74 87 80 30 29 23 66 30 24 81 5 63 2 38 20 43 41 86 17 35 28 37 41 10 72 25 91 3 67 40 92 91 39 53 37 44 18 96 88 35 28 3 34 59 36 63 89 32 65 9 48 13 73 23 6 63 6 33 7 26 49 88 54 83 5 77 47 72 51 10 77 11 47 18 81 24 27 34 62 54 99 66 65 78 66 66 76 10 23 7 42 43 48 18 45 12 83 29 57 63 68 70 14 61 82 37 54 37 53 38 7 13 64 67 77 82 37 3 32 95 2 64 97 92 87 64 99 48 49 30 12 81 50 94 19 16 19 37 6 11 89 52 30 54 2 32 24 23 93 72 92 12 69 36 24 25 38 77 67 71 91 60 15 17 95 47 42 22 17 49 67 98 20 73 20 33 6 19 75 80 37 98 10 62 25 83 77 14 39 93 57 91 54 28 52 59 4 34 27 86 28 44 78 88 69 27 12 31 1 19 32 31 94 68 6 30 15 88 6 23 20 13 10 68 23 5 86 85 8 20 73 35 91 6 70 57 35 17 87 76 6 76 78 34 29 37 30 1 99 62 9 84 34 50 99 16 1 14 14 69 44 96 3 90 43 34 10 75 9 86 31 8 63 8 97 20 64 5 64 76 81 37 72 13 22 44 93 39 52 1 17 25 84 11 11 45 54 20 34 5 42 34 92 63 48 19 56 23 79 25 59 67 71 40 82 53 4 18 33 12 83 59 96 5 92 76 94 21 22 42 21 9 6 25 22 87 73 47 59 95 13 99 58 5 63 77 47 29 79 67 58 30 3 62 88 28 86 32 55 20 16 11 39 70 28 30 35 44 76 76 91 73 38 92 23 1 27 98 58 55 73 52 53 28 44 23
97 48 67 86 67 95 79 97 79 90 41 69 79 55 67 66 69 56 43 2 18 92 78 27 81 84 52 82 93 87 9 54 7 93 86 65 96 95 73 68 44 98 62 63 7 68 51 89 10 80 83 14 78 71 55 48 18 62 98 3 88 35 19 28 26 92 51 79 8 70 86 33 61 35 30 31 66 50 44 76 93 8 75 88 40 89 98 82 32 51 32 49 97 27 65 27 39 50 44 39 42 2 57 77 21 98 17 29 86 23 75 51 28 30 65 65 37 26 20 62 45 55 83 47 79 24 61 50 89 40 92 7 67 36 38 7 85 34 9 88 68 2 86 15 35 20 20 13 94 2 67 91 98 76 57 68 50 10 8 70 22 87 76 10 59 58 77 68 53 37 23 64 10 97 58 3 24 31 62 6 66 41 74 15 14 33 87 14 61 25 30 37 86 14 62 88 9 39 45 79 8 46 4 37 10 38 91 50 40 85 62 96 21 13 63 30 39 14 7 69 5 84 81 88 86 85 1 10 16 16 27 18 71 55 92 79 66 43 25 2 95 1 57 5 85 26 28 89 86 58 59 65 38 91 58 21 48 45 7 20 16 95 53 96 3 99 89 8 70 89 52 62 19 55 2 73 78 69 45 94 99 28 17 56 53 13 75 49 6 65 81 20 62 94 27 53 43 57 5 19 89 23 66 27 48 77 16 39 79 4 60 12 28 35 89 35 18 23 15 14 83 13 37 86 10 10 3 14 98 16 51 92 96 38 3 33 95 25 59 54 74 85 83 96 28 42 72 1 47 73 70 74 76 51 20 52 80 2 49 15 60 24 74 82 32 92 34 65 52 57 89 71 25 12 3 26 36 8 11 19 71 49 94 78 95 78 7 23 46 21 72 46 84 77 64 68 81 27 30 53 51 14 45 75 48 57 50 25 27 31 33 64 1 81 82 56 23 20 82 89 6 21 34 86 62 62 97 36 35 94 34 87 97 35 25 96 81 3 48 1 8 81 76 71 93 98 49 45 28 88 56 5 37 11 60 86 95 43 14 36 60 96 94 45 58 79 48 54 53 60 55 99 96 48 29 85 59 65 42 2 14 75 70 34 59 21 95 44 90 77 32 21 20 22 39 18 22 44 94 2
75 60 91 94 80 87 72 37 39 65 96 60 41 99 10 73 43 46 84 80 86 74 96 29 65 97 49 2 65 10 90 10 41 98 20 26 8 67 72 20 97 22 21 43 63 71 27 40 74 70 22 48 67 13 64 69 69 72 88 37 23 20 53 57 40 10 45 80 92 32 42 26 57 40 44 75 58 91 74 24 16 91 51 90 4 20 44 28 93 57 54 70 76 95 82 6 28 64 63 60 76 55 88 82 12 61 17 75 58 41 60 31 46 29 87 50 19 92 13 10 92 51 55 64 85 91 17 81 77 70 50 15 53 55 37 67 90 63 84 12 25 84 45 93 27 3 83 92 1 9 88 87 4 18 19 98 59 82 89 27 89 91 37 91 82 7 10 98 19 93 16 83 10 11 13 76 92 61 21 63 4 8 29 8 28 75 77 31 9 79 97 43 19 71 18 42 47 49 69 37 50 52 43 14 23 6 33 21 21 13 26 36 27 67 54 39 92 82 57 21 43 47 55 32 38 55 87 14 85 92 31 30 48 92 14 12 76 27 73 19 12 78 5 60 41 86 17 90 63 43 77 4 31 60 66 46 75 96 87 60 20 84 42 16 2 20 49 21 50 92 78 94 17 96 59 14 30 21 66 81 5 75 45 93 57 13 48 66 22 69 96 77 3 19 31 38 2 72 76 29 92 39 81 47 35 27 12 10 36 28 27 90 35 91 68 90 59 93 72 68 33 18 18 27 58 83 83 36 25 96 39 95 51 74 64 66 4 24 28 95 94 56 95 66 43 93 26 14 38 44 85 21 37 4 93 93 81 92 45 15 98 5 38 13 24 86 16 85 21 44 31 32 48 52 29 34 68 48 31 15 59 93 6 20 86 10 21 43 40 47 65 65 39 78 72 86 38 84 14 14 12 92 77 38 68 31 52 35 25 58 87 84 52 45 4 93 16 95 38 77 16 5 35 32 40 44 55 73 69 23 68 7 98 22 25 51 34 63 2 93 27 60 1 36 15 23 69 68 68 1 39 9 75 70 62 68 26 27 81 18 58 25 51 13 98 37 78 56 99 56 37 81 94 11 45 22 60 88 34 8 4 63 23 80 82 12 85 1 13 83 57 20 29 15 79 70 26 6 34 80
74 51 40 90 93 3 5 73 97 47 2 96 54 48 52 34 90 83 90 13 59 74 50 87 62 87 94 28 93 83 8 33 69 83 46 84 3 37 7 3 56 65 46 60 78 91 96 65 41 52 35 87 51 89 55 48 28 50 9 94 49 89 66 35 38 15 56 30 41 13 25 76 43 52 82 36 52 64 12 53 5 40 7 57 36 72 9 80 19 21 68 13 25 70 57 84 71 68 52 50 12 34 51 13 43 52 95 21 9 27 1 97 34 85 49 58 71 85 86 99 96 11 46 24 51 32 32 89 75 82 25 66 25 26 13 18 9 94 81 94 20 49 93 67 62 55 42 44 68 41 94 43 95 60 74 17 12 74 5 91 63 56 2 32 4 31 83 60 56 10 49 41 38 21 74 25 21 19 51 62 21 89 52 78 65 21 32 95 13 4 25 50 35 29 89 28 79 91 5 13 14 6 24 99 49 8 16 69 89 73 37 18 4 77 86 37 3 69 85 41 86 85 87 3 47 81 60 36 40 12 47 59 52 37 73 54 1 95 1 95 26 63 92 29 94 97 23 79 84 22 70 11 42 36 20 36 22 9 91 15 50 67 24 2 3 62 32 17 59 20 53 36 11 84 66 7 38 27 88 58 26 98 72 24 78 80 74 15 4 86 75 59 36 25 47 91 62 61 90 99 32 80 34 47 91 58 25 72 98 91 32 23 88 39 26 88 49 26 15 9 82 11 40 37 45 65 24 35 23 27 21 28 66 19 49 67 98 16 76 13 10 45 46 60 78 75 63 26 31 85 57 15 25 49 23 14 32 18 44 39 37 73 89 54 92 84 2 42 21 9 61 46 93 48 65 78 63 99 77 69 90 41 93 53 54 34 28 2 89 16 42 45 81 60 93 88 87 53 55 18 83 55 71 3 24 80 8 77 94 79 55 16 37 10 60 93 71 88 51 20 14 87 94 22 18 36 78 40 69 16 7 63 87 81 33 30 89 62 21 64 25 29 4 50 60 76 75 14 45 45 54 75 34 78 19 42 63 52 14 66 61 77 57 29 58 38 25 30 81 10 19 45 68 24 27 40 22 83 5 58 24 72 48 20 24 11 42 4 88 6 21 7 86 40 39 20 2 19 83 13
39 99 86 84 89 53 58 55 94 98 41 90 83 37 66 79 96 38 89 98 54 52 22 58 85 80 11 27 5 22 56 99 63 94 12 16 42 95 77 71 47 72 8 86 95 4 50 62 53 15 89 41 66 71 36 79 73 4 29 20 14 58 99 68 61 93 83 79 14 96 5 79 99 74 63 6 48 2 68 44 53 35 67 6 10 21 24 67 60 11 2 1 77 24 86 89 89 8 38 91 68 32 22 39 67 36 95 79 89 40 63 1 2 26 36 42 40 78 86 42 22 22 87 25 92 49 12 40 24 31 96 28 1 12 50 9 5 91 99 72 52 92 40 35 7 32 20 16 63 4 34 64 62 13 37 86 37 76 26 61 19 81 94 66 98 97 34 77 40 45 40 98 88 62 49 64 10 77 31 78 39 2 99 22 46 29 2 67 87 73 99 31 48 1 51 84 30 38 22 24 4 24 22 76 61 92 3 83 3 41 21 90 77 71 95 94 23 68 95 62 5 2 25 95 14 47 62 60 85 58 19 34 50 91 56 3 28 67 42 69 39 8 12 38 60 19 8 79 20 77 30 99 31 32 64 93 18 73 25 78 47 13 63 20 9 70 61 15 55 47 14 27 2 34 16 73 92 52 93 18 44 70 45 76 60 73 23 79 47 52 32 80 35 50 19 84 37 11 26 68 78 49 29 69 63 37 47 18 36 75 32 67 70 50 44 26 34 18 86 97 85 75 26 31 81 38 76 38 16 23 1 39 60 21 28 39 90 94 39 8 45 43 90 16 8 56 23 2 33 43 27 80 71 69 69 36 67 39 89 92 77 58 68 70 65 36 41 54 82 32 65 96 70 1 49 44 44 50 15 58 62 5 34 39 40 93 50 2 13 37 35 1 76 60 6 64 88 8 51 33 30 71 26 92 56 27 53 15 71 5 63 55 1 80 45 44 30 73 36 8 14 36 33 51 79 8 36 81 25 97 41 46 74 66 99 88 19 24 1 97 19 45 24 11 75 77 78 8 39 79 58 68 11 15 34 65 66 85 79 63 41 31 4 68 1 73 69 64 70 9 51 12 23 40 2 95 53 35 94 19 25 7 57 65 15 50 33 60 9 18 22 39 95 44 24 32 37 23 85 98
67 13 85 46 78 22 94 85 29 74 54 78 13 79 79 67 91 47 41 95 33 92 72 12 93 81 63 2 77 57 57 95 83 20 19 72 29 65 52 97 98 46 50 41 61 24 6 5 40 7 95 82 45 47 10 85 57 83 63 77 92 54 94 93 13 97 29 14 46 12 52 2 85 42 29 61 78 53 76 50 30 82 85 95 76 34 42 80 57 78 87 42 13 74 51 11 70 29 12 18 46 78 24 14 29 35 77 86 61 97 71 5 70 99 46 15 67 11 87 52 8 19 15 61 23 70 74 22 58 55 42 78 78 27 75 38 54 96 80 69 67 76 87 51 37 40 75 80 42 45 22 72 30 52 8 95 41 49 56 13 66 40 86 33 81 43 47 22 41 24 89 39 25 92 73 57 49 72 28 23 76 54 21 40 61 4 37 37 90 19 22 86 99 59 82 50 21 72 1 72 50 86 10 94 7 24 79 93 74 15 29 24 62 59 8 46 31 26 54 21 47 84 10 77 52 83 61 63 20 1 29 96 54 1 94 49 46 25 15 90 37 87 44 18 37 92 6 69 57 17 80 13 48 66 23 70 65 3 53 18 33 53 56 37 38 69 13 43 40 92 62 41 5 19 4 75 93 77 26 2 40 75 99 97 54 40 36 92 34 78 76 61 17 40 29 25 3 8 32 18 36 30 64 21 95 98 73 13 71 47 49 64 4 49 15 70 87 85 17 96 62 22 54 36 42 65 35 80 91 66 42 60 85 66 45 40 26 62 39 11 19 45 66 28 89 83 43 56 62 27 76 63 55 40 59 88 28 7 94 38 56 94 23 41 7 91 14 2 56 36 93 27 72 43 50 72 90 49 64 49 40 59 49 54 43 89 18 9 78 62 73 58 9 12 65 61 65 75 77 56 55 47 25 21 72 44 12 31 18 62 79 88 16 24 3 92 96 39 56 32 40 78 67 87 24 20 73 3 46 74 1 47 75 27 4 81 29 91 59 92 65 11 58 53 50 76 83 45 59 34 49 8 15 63 46 93 22 73 91 11 62 44 44 49 76 9 85 48 65 97 60 9 24 30 28 56 3 7 31 46 45 49 86 37 47 65 59 78 81 70 87 24 85 58 57 68 16 13 24 95
