20 500 42398 140.09
67 72 93 73 91 77 90 35 83 42 54 71 81 21 87 83 55 29 58 76 59 77 50 99 18 90 68 67 67 79 76 24 42 15 54 83 93 55 30 25 48 53 39 63 32 92 78 26 49 91 72 6 99 88 23 51 91 22 99 17 54 93 6 49 87 95 5 23 34 47 51 98 31 34 92 41 19 91 30 94 63 16 95 97 25 67 3 46 23 88 65 36 18 25 80 88 21 21 69 38 78 59 76 62 68 65 96 33 68 25 53 19 89 81 6 53 38 88 19 60 41 16 83 74 68 19 90 39 56 46 77 85 59 57 85 45 92 64 70 87 53 52 51 37 21 94 7 1 92 57 40 82 25 27 77 63 67 17 91 49 34 33 33 46 33 90 69 50 71 5 95 84 31 56 33 38 18 72 98 26 39 87 78 80 27 50 34 15 12 72 1 37 67 7 93 72 60 87 65 98 57 23 58 26 71 51 86 53 5 97 50 14 89 32 19 45 97 51 84 74 57 13 39 11 5 77 39 23 11 39 17 33 43 13 11 79 19 2 49 16 64 22 32 87 64 79 79 74 76 23 27 13 4 73 25 86 3 89 12 60 30 40 68 7 38 93 72 84 58 17 78 2 58 6 5 50 85 17 68 21 29 9 9 35 21 84 23 39 61 99 57 32 63 34 48 36 87 37 68 73 70 24 5 20 36 38 1 6 37 8 87 2 26 29 88 13 81 14 4 21 99 10 31 7 39 58 24 72 92 34 91 15 71 5 68 59 33 30 27 95 30 95 18 81 87 5 2 88 84 21 40 13 75 41 64 24 77 51 67 3 28 42 65 54 59 29 24 46 77 63 85 90 47 56 13 83 71 58 54 93 29 80 32 31 94 23 55 86 59 5 53 83 99 20 90 98 35 80 73 48 24 25 79 22 67 54 8 95 8 90 55 49 81 66 59 87 36 18 17 20 35 39 1 47 4 55 19 33 24 81 90 87 46 66 99 96 23 4 40 13 44 12 7 97 25 11 1 96 26 49 53 76 14 18 95 97 84 57 9 78 23 69 23 63 95 74 53 20 75 1 43 89 54 65 18 11 61 49 95 66 63 54 38 16 47 11 89 60 8 49 10 32 35 55 95 63 56 63 52 76
15 67 58 43 75 10 45 47 99 4 77 46 45 77 86 8 91 64 59 60 51 14 98 90 93 49 32 99 63 86 82 8 11 77 75 30 35 5 66 84 94 7 14 65 77 49 34 95 88 60 24 99 97 75 27 72 62 80 35 63 29 25 97 90 60 33 11 7 70 21 86 44 90 81 81 80 27 2 41 99 90 39 52 97 69 56 37 2 67 23 59 59 74 82 51 67 4 87 74 95 28 41 79 95 80 61 55 36 71 63 72 81 29 55 82 92 86 72 47 51 60 19 91 82 13 60 41 84 20 87 95 96 39 44 22 10 2 71 28 47 95 32 55 59 50 70 4 23 52 92 21 55 2 43 94 17 11 81 55 64 43 95 89 47 71 60 43 38 15 79 97 7 50 14 30 23 24 26 12 68 20 33 49 21 61 15 20 10 3 15 16 40 23 21 78 12 43 28 57 70 25 62 20 67 16 43 9 53 70 68 13 74 49 10 44 47 92 76 51 98 97 50 28 68 83 45 9 89 78 56 78 89 44 48 90 85 68 61 22 11 39 30 73 26 8 65 88 9 62 37 42 27 84 8 26 9 79 40 29 25 33 58 50 41 8 16 17 70 26 26 44 71 23 29 73 24 65 37 58 66 43 8 2 7 7 51 81 42 93 15 38 51 71 52 60 77 41 17 40 8 72 27 72 20 53 11 92 87 4 52 63 35 96 13 4 7 64 54 50 67 51 44 3 97 52 32 82 75 90 7 1 22 3 93 69 48 19 37 28 82 8 19 31 20 7 43 3 44 12 71 71 25 48 23 99 3 72 63 11 33 35 16 59 89 42 52 65 46 48 17 53 96 66 26 51 9 22 6 77 33 62 14 59 36 12 55 35 35 86 67 84 66 75 86 65 98 30 31 83 62 12 68 67 40 45 62 71 19 37 35 52 82 59 65 89 63 69 21 38 88 51 84 77 27 21 97 25 39 40 25 54 37 93 83 91 93 72 62 42 48 17 20 77 36 34 73 66 32 79 7 85 52 60 17 64 96 36 23 28 4 59 65 21 21 40 70 72 40 47 70 91 18 18 67 5 6 51 8 97 26 88 27 22 50 11 31 1 92 5 46 7 2 12 80 23 19 31 77 71 60
99 22 85 80 9 97 85 51 5 89 96 81 65 99 47 82 28 33 45 87 70 48 29 28 47 48 65 41 39 7 39 93 54 84 83 18 10 81 56 22 32 88 12 42 92 46 77 68 39 20 35 78 96 96 19 41 46 16 65 26 68 12 84 46 16 5 73 15 42 43 98 78 44 6 6 54 66 88 46 85 1 96 48 51 40 99 94 91 22 43 92 85 70 48 19 77 93 91 4 78 77 23 74 55 67 68 50 61 88 87 32 90 8 96 70 62 17 91 2 82 85 26 97 92 60 93 19 63 78 16 63 62 2 26 49 93 55 46 35 58 40 92 39 76 90 63 58 35 28 81 5 73 53 59 3 12 37 96 50 27 11 74 62 17 6 2 49 63 20 63 24 20 99 99 2 94 57 65 59 30 71 71 23 12 83 24 67 6 61 25 22 68 74 4 44 75 65 37 30 43 65 94 80 29 17 30 79 18 51 41 65 59 7 45 66 17 3 59 82 40 1 52 96 10 55 58 40 24 51 6 82 58 92 27 60 89 75 57 13 7 8 39 43 27 35 19 46 13 54 60 10 29 94 4 59 74 25 37 91 86 81 3 25 8 30 31 3 69 45 72 90 62 79 48 95 84 21 19 38 65 21 18 18 29 24 82 84 44 7 53 93 44 21 34 58 8 40 36 17 60 42 13 11 47 34 25 62 19 99 65 92 29 13 74 45 70 23 30 54 94 78 15 55 12 94 42 16 99 51 67 58 92 71 81 4 47 13 18 27 17 3 97 33 21 84 2 55 80 29 17 9 13 23 55 11 33 91 18 26 91 71 53 52 79 14 65 88 7 76 70 93 21 34 74 42 55 39 52 52 20 40 63 99 12 14 2 43 81 91 95 22 98 31 90 85 11 48 4 42 37 1 65 29 21 35 13 94 91 48 68 73 61 9 26 59 85 28 7 59 96 82 97 38 30 48 95 11 79 1 98 78 50 78 39 43 88 65 49 5 91 24 27 26 50 26 82 56 91 56 60 11 5 49 83 29 32 34 63 20 68 3 15 27 64 30 40 61 26 13 28 83 75 93 51 23 21 14 7 53 11 48 72 55 52 52 35 53 34 68 2 9 20 91 36 80 22 65 82 77 87
95 72 73 90 89 23 93 80 56 36 72 49 79 94 81 80 99 44 58 13 98 50 36 79 65 42 68 64 34 45 62 59 4 43 21 78 91 76 48 99 51 86 86 93 85 31 19 84 41 73 19 71 43 52 25 53 53 96 63 16 82 37 26 21 13 95 55 64 35 57 89 46 99 12 79 7 75 19 75 89 57 94 82 4 38 62 7 87 20 23 91 39 13 99 50 77 7 46 23 96 90 31 93 1 98 64 26 86 52 61 92 22 10 33 46 19 48 5 34 36 96 34 60 29 16 22 2 16 81 92 64 88 84 29 77 60 59 7 77 99 70 24 75 57 91 64 56 94 14 74 36 79 79 53 5 68 75 45 13 28 31 7 84 94 96 48 92 93 67 81 87 6 48 75 86 52 81 78 83 20 9 9 37 15 86 34 90 47 45 64 98 70 92 96 93 25 17 69 38 45 53 80 78 22 48 81 47 10 11 2 93 49 44 29 35 5 49 94 3 86 72 20 80 25 64 50 42 26 7 6 28 2 63 4 11 6 45 79 24 23 95 55 65 8 87 24 10 8 17 57 66 52 27 33 37 44 87 21 16 87 14 40 37 14 9 59 74 64 20 88 35 90 47 22 89 94 37 20 77 30 42 14 68 74 4 3 10 97 24 67 74 67 46 94 36 39 57 18 50 31 96 3 54 64 74 62 57 40 60 91 59 47 34 19 75 56 25 1 16 99 44 8 5 43 14 57 7 79 76 89 69 28 4 44 96 50 25 39 91 39 38 97 47 38 83 16 85 59 78 33 38 18 91 10 73 20 40 93 58 8 82 88 83 57 4 87 78 9 53 29 27 93 19 6 34 90 61 81 50 41 97 81 89 74 91 40 13 48 25 79 26 61 91 31 20 35 41 86 46 20 5 36 51 82 89 6 93 46 86 25 59 10 65 46 56 34 21 9 39 56 92 68 54 61 75 41 79 27 27 69 20 74 26 92 95 7 90 29 86 84 5 43 44 43 20 63 90 9 75 62 74 28 32 90 75 41 64 32 22 77 2 83 30 16 44 64 56 5 73 3 70 63 18 39 28 17 33 19 11 42 15 1 23 10 64 51 71 56 73 79 50 72 31 59 62 57 19 96 30 13
87 74 77 52 19 71 77 65 73 22 5 92 87 98 83 73 85 72 70 79 87 10 63 60 13 47 87 42 54 67 50 91 92 99 39 82 68 9 37 33 41 52 80 91 56 5 63 24 83 18 23 35 62 91 79 80 87 50 3 62 71 81 57 42 97 84 90 71 66 97 48 93 37 24 63 84 52 74 25 76 10 30 56 16 83 49 2 95 17 51 23 86 11 3 59 96 69 60 70 8 57 31 58 75 57 84 32 76 27 9 38 54 33 51 80 17 88 21 16 33 35 99 14 24 99 70 53 81 38 20 48 29 82 73 25 98 44 87 39 99 89 39 91 38 93 11 88 94 59 52 28 60 36 76 58 30 99 49 34 68 49 79 84 2 6 47 7 46 32 55 59 69 48 38 21 94 54 25 44 14 74 82 42 52 57 36 12 25 92 4 39 28 83 29 2 14 22 45 75 57 80 16 3 47 67 76 49 1 61 24 98 34 76 8 68 39 74 25 9 63 95 4 32 62 17 4 16 5 18 46 20 4 52 13 68 15 27 45 39 46 57 94 98 95 50 60 24 86 98 59 8 28 37 20 83 10 26 69 25 27 65 61 42 89 87 47 77 69 95 33 10 58 17 67 82 54 51 54 58 20 98 95 70 48 15 9 60 76 68 5 22 46 4 4 31 90 43 87 77 47 87 2 6 2 15 84 95 85 5 45 2 6 91 74 16 1 11 69 81 22 72 62 82 60 81 74 60 67 40 46 33 12 15 90 52 79 38 73 15 31 67 52 48 29 50 71 24 5 55 79 49 21 49 59 56 16 64 37 73 95 64 88 37 4 44 68 37 75 6 1 4 72 50 1 36 51 70 91 73 21 72 14 81 84 18 72 85 90 66 22 97 55 74 27 19 3 20 56 95 64 36 8 4 62 96 22 85 82 75 97 48 67 41 32 51 81 41 69 77 74 93 63 70 21 94 46 44 85 76 32 97 70 3 94 41 56 24 12 27 1 78 49 88 14 20 42 66 36 90 42 26 1 15 10 58 77 74 67 13 78 16 28 61 84 42 71 66 74 86 82 37 86 1 55 68 9 30 75 41 90 60 43 48 45 58 36 83 25 14 20 3 85 33 11 80 91 15 19 24 79
18 86 84 84 83 60 62 29 91 73 2 81 55 75 83 6 61 30 67 60 35 65 37 42 45 71 24 8 56 87 62 59 56 41 96 55 78 43 93 77 86 37 67 15 47 9 23 74 58 95 93 96 76 4 35 94 33 35 98 72 22 49 47 72 63 86 56 59 32 90 72 16 56 76 91 76 15 6 93 73 60 21 87 50 37 19 69 46 62 11 16 28 63 17 57 1 90 94 97 25 49 83 42 94 37 84 53 74 77 34 81 42 45 14 54 65 58 63 18 53 84 84 32 97 38 65 73 25 73 70 16 30 71 18 77 35 70 60 8 4 18 13 17 36 33 46 39 89 40 54 91 33 39 55 77 28 96 43 1 70 29 69 12 93 87 73 81 48 83 76 36 63 6 7 49 52 74 88 73 89 57 35 17 49 20 8 84 77 84 64 46 2 52 63 67 85 38 63 57 79 43 79 91 45 53 15 12 55 94 80 30 62 47 43 36 1 17 38 3 2 91 48 36 22 94 16 83 13 42 18 97 23 98 2 81 21 42 95 23 14 90 14 53 32 34 37 31 54 45 58 1 17 5 93 7 68 19 80 36 81 23 36 18 96 91 93 39 90 50 35 89 10 73 50 42 81 49 66 51 13 87 87 74 66 38 3 73 61 76 32 36 47 8 30 63 40 6 19 90 8 44 10 54 94 18 41 71 82 12 14 49 10 57 54 34 70 2 63 49 70 44 2 36 69 91 77 25 8 36 13 78 97 42 27 58 32 15 97 28 48 3 5 2 4 28 24 1 76 55 12 88 59 4 42 8 64 3 33 27 83 31 14 72 33 2 18 62 27 68 65 34 72 14 64 94 93 1 40 33 95 10 14 76 43 15 16 19 47 74 95 87 85 42 51 60 25 95 95 17 85 6 38 37 20 7 41 31 26 86 68 84 20 82 91 91 75 4 64 24 33 33 79 94 10 17 83 91 17 72 2 57 39 82 3 10 80 35 7 82 36 60 40 49 85 80 67 90 38 4 4 56 42 63 45 21 29 62 28 36 13 62 42 33 29 13 6 14 31 96 36 22 81 44 87 11 24 64 45 95 83 41 5 8 48 94 14 84 23 53 58 12 94 89 91 31 76 48 82 83 60
7 2 5 73 86 39 76 31 64 61 55 90 31 57 97 5 83 88 88 78 53 95 32 12 67 36 94 28 35 84 17 90 7 82 97 12 98 39 67 99 97 65 76 15 73 77 67 79 20 87 54 48 10 24 30 97 72 81 22 87 49 36 14 72 23 59 95 34 66 31 27 31 33 61 73 78 87 68 26 72 52 68 37 43 83 96 71 21 35 90 69 34 76 42 45 67 13 22 42 4 26 38 64 88 63 2 98 74 58 61 73 79 50 82 20 35 52 17 19 33 25 38 90 48 9 45 4 26 7 44 57 33 77 88 21 49 86 57 21 51 83 84 94 3 78 81 10 27 14 29 29 22 87 31 60 53 89 18 34 55 76 55 11 94 57 22 34 40 40 7 23 46 44 54 52 6 1 92 83 52 79 51 73 37 56 14 61 98 70 56 81 7 59 56 13 36 42 36 3 69 85 50 98 10 69 39 34 85 45 24 5 88 33 33 76 28 6 98 95 65 43 3 94 69 55 13 69 88 1 14 31 57 21 59 89 29 7 60 61 10 84 39 6 14 36 41 16 6 73 80 43 57 13 53 87 34 7 6 44 44 39 18 93 46 88 77 20 97 43 25 29 56 74 7 83 33 69 19 1 81 5 24 70 26 57 95 19 64 13 76 11 73 53 93 93 70 65 18 10 72 44 38 31 72 7 28 79 49 10 87 36 45 36 83 32 28 17 48 7 97 93 9 94 49 91 3 92 50 17 78 81 61 24 41 84 21 92 81 52 30 92 50 68 81 17 88 84 58 23 68 8 8 67 55 27 47 10 80 97 39 84 70 31 37 55 45 7 2 78 76 69 18 44 29 86 84 65 67 93 28 32 27 55 33 85 88 68 63 81 95 79 38 73 37 75 46 22 25 39 57 18 31 47 37 97 56 89 70 57 84 13 36 95 83 90 39 5 56 51 77 27 90 40 56 41 74 26 73 2 69 8 94 98 5 67 29 61 14 45 59 8 94 96 35 31 57 93 18 21 57 92 82 78 92 36 31 74 23 93 12 14 44 3 36 68 86 32 75 40 50 88 73 30 20 78 1 9 10 80 52 74 52 11 75 88 49 95 15 58 6 29 28 64 40 14 39 57 93 99 78
96 61 75 77 82 22 62 92 39 45 96 72 50 4 1 99 22 68 3 19 84 24 19 90 99 89 17 56 64 54 73 29 63 98 87 43 97 64 54 91 84 47 29 35 59 57 6 9 21 43 90 62 91 59 73 76 37 12 13 81 15 14 76 70 29 26 54 72 33 73 70 88 20 98 45 50 97 49 54 75 2 91 35 56 26 90 69 78 49 91 90 31 79 65 43 2 89 36 6 67 98 27 98 53 81 74 44 14 18 93 96 3 17 90 34 62 50 58 74 52 6 83 58 98 23 86 42 4 37 63 73 58 30 2 97 24 41 44 65 23 82 76 8 80 94 13 16 63 7 91 15 28 51 45 43 26 66 56 63 46 61 54 35 21 75 18 40 51 55 47 6 64 31 52 39 8 38 71 35 26 35 70 65 91 37 88 68 20 78 33 36 89 76 38 23 73 91 43 14 70 37 13 39 56 1 53 3 4 28 56 87 20 85 17 68 97 38 4 22 14 46 92 78 93 55 68 45 32 42 93 18 31 36 55 60 31 38 65 10 50 33 64 66 40 7 71 73 91 78 4 94 71 2 58 76 58 30 34 68 20 78 92 73 5 84 78 56 60 51 87 70 60 89 49 84 49 22 82 52 5 53 81 15 9 63 22 12 3 19 20 9 44 90 57 94 63 66 88 64 61 71 63 21 26 84 41 87 88 93 55 87 94 19 19 59 30 79 47 89 68 29 70 7 9 94 83 56 62 32 3 88 66 89 93 41 46 1 8 79 56 30 75 59 90 50 75 2 84 84 44 99 89 27 8 23 35 25 35 96 63 46 84 67 83 36 48 40 67 4 50 43 71 9 1 6 41 29 49 22 9 8 27 73 8 27 9 4 4 37 68 18 44 27 51 72 87 11 64 14 18 50 20 66 92 4 71 76 18 79 96 86 55 14 83 50 18 11 50 43 2 27 33 83 62 84 54 27 48 13 99 22 83 41 41 25 22 95 85 81 8 52 61 71 30 92 42 67 15 51 19 95 92 10 97 29 7 89 16 21 80 81 5 60 39 31 44 51 71 8 24 53 42 39 20 83 19 71 37 36 76 73 64 77 35 99 9 17 64 96 11 5 10 63 29 65 40 62 10 3 19
91 79 85 53 90 11 63 37 88 71 86 48 30 21 15 86 89 93 67 17 95 54 68 44 68 53 46 13 88 6 86 92 85 86 59 90 2 92 84 40 71 39 70 22 43 96 12 11 98 23 75 99 13 61 84 12 25 59 17 50 63 93 36 63 38 80 5 65 12 41 69 92 52 54 22 63 35 59 97 12 67 99 26 52 99 86 39 66 94 1 76 80 86 86 76 63 85 76 99 42 61 57 82 6 40 15 52 36 30 38 11 21 84 27 1 63 8 88 29 71 22 99 56 69 45 88 87 43 74 53 63 83 66 51 56 33 87 99 88 91 98 71 62 24 50 79 93 18 75 53 44 42 25 42 22 63 52 16 71 13 68 75 36 37 95 60 86 70 56 25 87 59 57 95 74 92 55 63 24 59 52 65 3 6 82 94 36 99 60 72 63 67 77 61 44 93 52 19 92 75 25 31 2 1 83 85 25 96 61 21 9 14 18 74 10 77 49 48 90 43 60 70 94 26 61 89 67 24 92 12 78 85 11 83 86 23 93 17 47 61 54 86 25 21 39 33 43 7 37 15 28 14 60 98 53 41 68 37 2 1 1 20 20 62 45 13 48 58 25 76 90 66 33 26 67 29 60 7 11 23 10 63 72 22 27 90 25 14 58 54 98 22 17 91 20 5 42 55 64 34 55 7 44 88 10 7 7 5 9 85 69 28 90 86 14 52 55 51 47 34 89 75 60 84 18 20 64 43 56 70 26 51 39 66 18 17 54 85 43 15 28 66 5 27 16 64 81 40 68 21 19 72 13 3 86 8 86 72 47 20 39 63 26 10 34 29 60 18 3 41 13 60 57 29 35 69 96 55 99 69 65 4 5 5 71 2 66 26 83 88 42 13 91 93 25 36 13 91 12 61 75 1 82 44 62 32 31 86 57 4 4 61 97 75 81 93 90 92 6 25 81 85 87 64 21 95 35 39 79 52 42 29 61 13 74 40 75 82 92 69 32 95 14 9 32 92 5 44 54 66 10 1 88 45 34 24 53 39 48 74 40 30 41 48 58 52 80 67 14 20 52 64 21 38 11 56 63 15 36 36 99 45 19 33 2 98 49 43 61 19 92 77 19 63 32 40 63 4 7 17
83 27 1 5 96 99 85 12 92 86 33 44 18 84 22 53 79 35 17 92 51 37 89 13 81 47 90 19 76 99 28 21 47 70 67 53 60 38 64 58 27 80 17 76 52 83 58 74 45 93 63 19 68 34 30 29 37 58 81 73 2 36 69 35 38 35 65 57 92 34 40 11 80 62 79 94 83 14 68 63 90 67 84 85 81 66 68 91 22 43 27 68 18 87 50 17 9 82 24 39 81 77 89 98 52 12 18 37 99 3 43 61 39 90 19 3 94 55 61 20 7 75 36 48 81 73 92 50 6 87 76 89 31 95 74 54 52 49 72 85 34 92 14 17 38 60 99 71 52 37 46 55 27 45 73 61 46 72 29 31 63 13 54 62 29 97 5 15 16 1 29 57 45 47 12 6 21 16 28 6 72 67 85 90 98 96 48 56 85 10 71 90 14 81 41 86 26 45 45 21 58 31 23 89 38 6 95 70 37 63 43 72 43 50 94 34 42 43 21 89 53 14 46 7 33 95 30 93 44 4 5 32 40 92 64 24 31 8 91 75 47 80 22 12 81 5 25 98 28 65 94 62 7 50 58 92 56 35 82 54 86 52 10 13 3 14 89 71 5 25 61 91 96 29 73 42 54 21 7 90 49 49 10 61 93 21 63 57 64 20 58 80 82 55 48 30 25 45 60 60 39 55 68 54 23 90 66 18 17 64 17 49 50 23 1 18 2 65 69 11 77 4 65 69 14 14 72 67 20 29 32 31 91 24 99 30 32 50 19 16 29 50 49 12 81 42 31 7 86 74 78 3 26 13 47 56 28 49 71 77 93 21 14 55 37 43 99 33 47 76 85 93 14 86 25 29 48 27 8 54 51 22 32 39 72 42 77 73 90 44 78 43 40 95 96 20 14 82 28 44 51 21 20 36 17 51 90 99 39 14 70 64 53 69 15 9 77 6 8 11 70 69 31 45 87 98 46 15 36 39 35 7 1 41 52 10 96 57 41 88 19 4 99 33 26 85 48 27 79 83 5 4 34 83 13 33 11 50 45 49 30 6 8 80 38 44 96 68 76 33 38 58 67 50 36 21 11 92 60 31 55 85 91 42 86 11 15 5 94 30 35 39 29 14 25 85 23 45 93 92
81 90 98 98 77 45 27 78 52 71 55 47 85 26 78 89 5 49 82 65 27 88 94 46 4 90 31 58 38 27 36 63 85 50 27 86 3 81 2 69 43 35 9 42 75 70 24 18 62 46 96 55 82 76 78 81 53 8 85 83 74 77 99 54 75 83 67 73 79 69 57 39 54 80 20 81 92 95 58 9 51 48 28 67 17 86 1 80 91 21 38 91 71 71 21 78 17 90 52 96 55 75 8 2 49 89 52 83 63 7 88 17 67 62 31 18 54 87 82 82 21 15 6 48 9 38 89 63 94 79 49 40 77 71 86 32 39 58 31 39 51 64 31 72 97 61 73 43 28 24 78 63 80 52 65 98 14 92 64 36 29 61 31 6 20 16 72 36 93 3 7 59 23 40 36 21 49 97 39 39 60 92 80 44 98 23 14 69 28 5 37 69 78 57 81 58 82 4 14 7 80 16 48 64 2 23 54 14 26 39 49 81 25 90 80 3 15 86 41 70 20 86 22 90 82 53 31 30 46 86 54 33 89 19 62 1 38 53 79 53 10 2 11 26 43 92 55 32 23 71 65 95 36 16 96 96 7 9 35 30 61 14 2 7 11 50 24 54 79 36 52 6 66 29 87 90 20 95 88 41 8 4 48 45 20 41 19 14 84 69 72 41 25 13 51 26 95 24 82 49 29 83 31 96 40 79 82 5 64 63 36 65 62 62 33 49 1 33 94 44 34 21 3 23 93 50 27 65 12 79 76 88 31 97 50 28 18 65 63 46 17 5 46 98 94 32 74 52 86 18 78 33 72 3 85 99 22 79 66 76 46 30 14 3 36 39 78 50 32 8 54 32 52 71 14 59 62 71 34 72 8 90 46 8 21 8 75 74 32 45 11 30 48 84 20 74 56 6 84 2 74 82 38 5 32 53 28 99 60 20 60 66 97 83 10 18 7 35 13 78 73 95 67 60 43 45 44 64 34 66 36 47 95 16 6 14 98 41 11 42 58 66 73 62 86 65 68 42 63 67 73 14 89 71 22 18 40 12 87 54 24 77 3 76 61 77 49 97 73 26 11 20 31 93 59 44 15 70 54 1 85 59 43 91 49 1 86 90 60 94 57 97 87 49 92 46 95 10 24 65
93 70 34 24 19 84 89 63 27 90 15 62 87 99 87 2 24 76 83 50 74 90 50 91 49 14 69 84 66 73 95 11 96 60 53 90 8 39 42 72 92 13 83 91 71 32 24 83 78 31 95 41 97 3 10 17 26 1 84 97 25 88 22 31 82 58 9 77 59 94 45 14 34 74 65 41 67 88 59 48 45 81 55 46 69 22 63 87 6 74 98 5 38 84 86 93 2 12 62 6 94 53 39 26 14 39 87 55 44 77 43 43 69 27 37 23 50 68 99 64 19 46 99 6 47 14 18 49 41 47 6 47 61 42 3 21 2 96 65 6 98 48 21 8 4 29 33 37 24 83 43 64 63 11 10 22 90 86 70 54 47 49 6 98 29 80 5 26 2 57 55 82 47 17 76 69 12 60 83 99 45 62 60 28 75 82 79 52 6 29 51 60 13 24 96 23 85 93 8 54 25 25 49 76 56 99 60 37 31 98 75 39 90 98 43 7 62 31 60 77 49 77 37 50 88 90 13 58 86 66 71 96 29 48 95 49 70 50 11 82 58 74 33 95 44 16 8 64 45 19 79 9 58 43 55 41 78 59 49 84 64 47 13 32 98 38 49 61 56 93 44 34 24 11 56 44 93 1 8 42 40 28 96 48 80 60 68 53 84 52 72 86 81 23 16 80 20 20 31 85 64 8 45 92 71 94 32 81 80 72 11 69 28 26 1 47 45 73 38 39 13 16 22 90 27 72 88 43 73 1 78 3 46 63 71 54 32 94 59 28 17 15 15 5 12 65 96 8 16 54 61 46 66 12 18 11 13 5 79 26 5 57 12 31 53 91 91 27 24 10 92 93 10 29 47 47 13 49 48 75 92 5 53 81 25 47 13 16 65 40 6 14 32 32 86 1 10 17 29 52 98 74 34 84 44 23 20 89 50 87 54 70 98 60 89 32 8 12 3 84 56 24 74 56 38 19 96 75 35 34 91 40 60 56 88 44 61 38 85 44 32 3 80 50 14 25 43 81 13 92 2 6 85 72 15 60 81 54 80 15 39 45 97 27 15 72 6 6 15 78 49 3 31 68 16 55 45 82 98 51 86 10 36 29 55 7 16 11 97 92 45 24 95 68 16 86 25 21 14 50
96 71 34 30 66 93 81 85 71 5 55 24 8 61 78 96 42 64 92 31 87 52 90 92 70 67 65 20 6 98 53 82 44 26 86 49 52 58 45 49 56 6 28 84 88 81 78 71 50 95 84 78 12 68 73 32 97 77 13 74 93 71 27 12 37 19 83 32 88 86 27 26 58 3 45 74 8 17 11 76 24 54 94 84 92 66 30 76 58 70 28 51 77 38 9 42 40 49 42 55 94 33 89 51 31 22 29 64 24 82 89 87 30 93 18 85 35 9 92 5 57 2 28 45 69 56 97 96 88 8 91 41 23 81 4 67 97 58 90 58 10 64 92 55 16 35 42 41 26 1 22 76 42 98 42 76 50 64 40 21 21 12 55 1 25 40 94 57 18 54 76 49 65 90 42 47 96 95 53 89 25 11 15 87 81 82 37 5 28 73 14 8 6 81 20 58 25 43 62 19 49 20 28 28 41 36 27 43 31 41 53 26 33 66 21 97 59 49 41 45 34 61 13 78 22 8 44 19 14 61 65 27 7 76 14 40 82 7 48 18 4 40 83 35 17 96 97 83 68 6 80 84 86 37 97 45 95 6 89 48 74 83 45 89 62 9 29 3 9 79 56 99 76 44 91 52 68 94 8 2 26 77 68 35 60 41 64 55 47 80 80 25 7 33 23 25 83 54 86 99 39 19 51 23 26 44 53 6 11 42 36 20 68 68 27 69 77 2 62 33 46 88 47 87 22 84 34 29 30 42 11 64 24 70 66 41 52 48 50 44 70 97 72 33 71 20 89 93 13 70 80 78 75 46 95 93 28 49 42 70 85 56 44 3 77 15 91 55 13 62 89 63 31 76 14 67 74 77 47 44 91 7 53 66 95 77 81 88 38 66 33 5 77 77 18 31 33 18 94 76 93 75 10 91 15 98 54 80 45 49 12 26 37 44 18 24 86 14 1 62 28 42 30 70 10 24 14 77 42 82 12 35 31 18 69 90 71 31 12 24 72 49 4 84 56 77 29 73 52 66 67 72 11 2 79 16 48 24 22 28 13 82 71 18 53 62 43 38 20 29 56 67 53 39 15 94 68 32 4 9 3 66 55 33 63 93 74 83 10 15 84 34 16 34 8 28 58 89 1 31
88 62 54 80 74 90 97 16 52 51 99 60 70 75 33 24 49 60 73 1 27 98 82 59 82 74 80 35 77 24 78 68 95 75 23 8 29 29 17 85 93 9 26 7 65 65 44 82 66 46 84 11 19 37 75 7 7 87 66 71 57 78 38 43 73 63 57 73 21 26 73 40 43 88 90 63 25 79 74 37 66 76 21 58 99 7 74 66 36 5 82 83 66 27 87 37 39 67 91 37 49 72 11 92 75 67 31 76 92 91 32 3 57 11 53 19 96 1 21 82 11 7 8 35 10 1 2 79 55 77 78 43 23 16 39 7 80 19 68 76 90 6 87 2 81 99 30 31 65 4 42 85 56 89 60 12 95 47 39 1 42 9 92 81 81 47 54 78 89 27 37 81 90 26 63 75 72 93 60 20 12 73 17 83 87 62 66 89 30 55 4 5 74 80 91 31 51 13 77 98 51 14 94 53 60 1 31 20 92 4 96 94 54 93 74 23 89 14 71 29 47 92 59 52 43 6 8 54 72 62 80 81 1 52 85 22 68 7 39 37 33 31 52 5 89 68 33 2 87 67 92 92 67 90 9 81 20 29 51 41 97 90 29 34 4 96 69 64 85 84 70 50 68 67 33 15 4 21 52 6 17 90 54 31 1 71 98 24 57 31 57 10 71 12 88 10 43 97 30 38 9 14 83 48 40 13 19 14 36 20 65 84 67 85 79 86 44 48 95 11 45 40 30 85 67 68 82 34 50 38 23 26 61 50 31 39 24 85 58 50 15 23 22 82 11 28 29 28 59 1 5 45 53 57 96 27 50 56 23 15 64 71 59 27 81 33 57 75 96 71 43 13 78 14 5 67 22 40 50 27 15 31 79 29 55 69 69 26 57 77 5 5 56 60 21 56 94 64 8 69 35 72 20 6 44 6 77 92 65 92 31 98 45 32 40 27 7 9 38 19 6 2 42 83 51 28 50 78 16 54 88 26 64 6 8 97 63 24 96 75 84 92 94 6 88 19 57 41 87 70 49 80 13 40 94 96 93 51 70 34 24 1 20 47 41 88 49 14 56 50 3 1 1 54 20 78 37 82 43 21 75 23 69 2 10 69 69 12 46 59 73 31 91 6 22 84 13 11 48 1
66 96 89 19 94 36 30 96 31 79 26 57 62 79 46 90 70 47 81 57 92 79 74 84 88 19 73 68 66 63 30 9 90 86 23 72 52 27 53 79 47 24 94 76 45 54 82 67 71 10 25 78 27 13 48 65 41 1 81 48 87 16 23 72 90 26 62 19 2 4 49 28 83 65 31 95 18 67 17 15 6 40 33 12 14 30 71 83 54 94 15 34 71 61 57 30 32 48 64 79 36 86 49 32 32 22 89 28 45 10 71 81 8 5 50 10 4 22 71 67 89 91 59 71 68 62 50 14 37 74 83 6 49 78 10 4 72 47 25 59 10 44 46 56 75 30 10 48 53 73 59 19 53 81 44 96 66 14 16 67 11 90 32 24 20 85 27 39 32 39 4 68 19 38 93 34 47 67 76 39 57 51 26 22 2 61 53 9 30 42 85 98 78 24 35 92 53 91 51 81 17 80 47 19 25 20 91 53 55 52 81 50 93 14 62 27 57 70 36 80 50 83 57 84 54 58 44 62 56 94 13 76 40 6 8 95 80 69 92 16 16 49 34 96 44 98 43 92 14 72 16 70 68 42 9 8 98 54 29 22 79 94 80 2 23 61 32 95 75 3 1 66 81 73 46 7 48 95 45 66 20 50 47 41 43 36 21 24 33 40 49 82 21 26 55 68 37 25 17 79 41 98 33 45 83 22 61 3 94 40 86 30 5 10 17 30 34 23 79 75 97 99 13 74 66 50 75 80 89 66 82 86 75 53 20 61 41 57 98 84 55 6 66 63 47 84 80 14 57 98 28 30 43 94 88 55 13 50 24 7 17 15 35 8 99 58 88 97 6 10 78 1 76 15 53 84 92 68 65 67 32 76 89 88 40 84 27 54 87 93 50 62 6 23 69 60 86 1 15 90 12 33 92 38 10 31 52 39 48 99 8 23 28 28 76 47 31 52 93 41 6 96 95 78 61 60 25 84 35 77 14 80 80 56 94 67 42 21 49 8 25 70 20 3 52 98 48 20 86 50 47 45 25 90 11 98 49 4 69 86 31 36 23 60 15 80 50 3 44 8 29 81 65 25 91 82 63 10 73 16 69 76 22 93 1 4 70 51 8 12 96 61 90 64 40 33 22 34 37 57
53 76 90 89 17 98 11 66 69 76 92 7 48 68 1 24 67 26 76 71 63 13 96 70 68 88 28 9 5 23 61 55 34 36 49 70 62 42 62 76 92 78 91 89 58 79 43 87 91 90 61 7 89 40 50 63 4 30 81 26 81 18 68 48 69 93 63 41 73 13 14 33 11 19 49 62 77 93 95 65 45 44 60 87 84 47 54 90 67 16 75 37 54 70 40 69 95 31 91 64 35 97 5 26 71 67 26 61 11 27 6 47 97 45 99 23 11 31 35 57 54 31 8 5 44 95 26 78 8 58 98 51 7 40 91 54 5 52 80 79 78 46 41 4 3 44 13 78 54 84 64 79 95 41 42 20 84 83 42 82 17 99 36 19 67 85 30 44 54 51 32 78 22 81 52 39 67 44 82 97 94 92 91 9 77 2 41 12 60 72 38 51 11 83 55 64 21 28 40 45 19 56 4 19 85 7 90 88 6 45 38 16 2 23 24 89 96 26 22 52 82 44 16 69 25 97 26 9 89 27 28 20 47 84 77 44 15 50 62 45 29 5 94 83 46 26 88 80 94 83 42 31 4 31 87 47 66 88 38 1 7 74 54 52 23 33 4 34 33 3 81 89 98 63 33 30 53 82 36 66 17 95 79 48 68 22 2 63 82 54 39 9 29 1 38 48 97 5 79 86 26 33 43 67 75 75 56 73 46 95 38 3 2 22 10 57 44 56 81 72 92 45 31 12 97 83 89 58 85 63 15 23 64 80 44 5 19 27 8 29 93 33 51 73 96 86 67 37 1 51 43 29 44 98 37 31 78 85 43 91 65 4 80 78 95 42 52 61 67 28 8 38 92 86 47 52 41 82 9 99 76 97 87 90 74 75 73 72 19 56 61 30 94 38 88 22 31 26 16 80 40 42 55 80 27 57 53 32 94 11 66 94 88 7 2 36 40 91 97 27 78 91 93 19 16 40 32 4 29 19 94 58 10 54 56 16 68 72 90 74 83 22 42 37 23 67 95 27 37 95 41 44 94 16 1 33 60 32 62 64 52 30 67 85 20 13 76 79 84 70 16 89 10 99 88 6 12 64 32 43 88 16 64 49 7 21 89 32 76 4 26 8 19 30 19 17 68 30 81 71
58 81 84 2 10 41 8 57 89 96 98 36 68 66 19 96 93 21 70 60 16 73 79 61 58 72 55 73 99 73 69 23 25 10 93 62 73 62 34 23 67 86 71 35 37 19 65 55 19 21 50 80 41 91 10 93 32 43 32 8 62 89 79 96 87 45 76 99 19 77 65 82 86 63 48 5 35 57 62 28 9 50 87 19 27 26 44 78 94 17 75 37 81 47 70 58 99 70 70 47 53 18 72 70 18 78 37 45 12 39 12 66 10 53 75 72 71 91 52 50 76 72 34 3 11 36 72 21 93 73 1 71 61 52 62 95 87 30 62 79 18 74 88 48 4 32 53 91 45 5 77 92 63 19 48 1 56 9 46 63 36 50 10 50 19 43 97 24 56 61 43 34 89 71 25 38 2 6 12 84 4 46 93 63 70 25 52 81 64 88 71 29 9 87 59 23 90 98 57 4 23 23 43 96 7 40 91 99 55 20 94 99 21 48 1 5 84 35 3 90 75 43 18 85 6 87 27 37 57 4 44 40 29 19 90 45 18 60 89 51 14 46 29 55 43 6 63 73 8 53 52 75 97 62 17 77 8 3 21 37 71 72 92 80 11 18 33 7 99 85 20 97 51 95 25 36 37 4 19 57 96 26 12 62 87 3 5 26 73 11 49 88 25 2 84 22 72 90 48 16 11 91 92 44 15 48 8 35 60 86 22 22 90 80 77 41 53 95 10 54 62 59 68 47 58 61 14 91 27 65 86 42 16 50 47 52 33 23 88 92 19 23 56 66 44 62 6 45 79 20 32 43 3 59 1 87 97 11 55 13 3 8 9 32 77 57 84 7 87 20 80 2 75 32 67 46 44 46 70 93 65 58 8 68 70 50 96 2 35 52 56 9 17 96 85 69 53 77 27 94 39 56 30 59 66 79 62 37 38 49 52 54 82 53 66 31 9 29 10 33 42 57 75 33 50 46 6 19 89 27 37 70 60 96 33 55 51 94 70 65 77 37 10 23 9 9 37 68 19 64 17 74 80 91 62 61 22 94 72 79 32 96 92 82 57 57 29 88 12 68 66 59 99 30 78 16 22 37 90 92 29 1 82 51 13 91 2 37 41 95 87 14 34 67 5 21 86 70 21 60
36 92 50 79 71 70 92 83 88 30 11 99 90 33 31 81 12 98 49 56 22 35 77 86 51 12 64 25 75 53 60 93 73 12 26 91 19 88 48 67 36 23 45 54 79 18 69 94 31 5 31 70 80 52 11 6 96 59 84 53 49 30 45 92 55 13 76 38 60 15 36 32 58 20 6 14 70 50 13 27 33 76 84 19 41 2 99 7 69 58 22 69 30 35 54 36 36 10 3 36 58 68 14 98 59 49 17 26 99 7 46 68 64 47 63 18 61 20 27 6 57 70 50 28 50 81 7 98 77 59 66 39 27 90 1 97 28 76 14 7 41 12 67 56 87 54 63 75 45 69 91 77 10 59 77 33 7 91 14 22 32 28 48 78 34 59 77 10 43 30 28 51 31 30 71 98 12 60 84 56 40 14 96 73 35 53 68 13 94 86 76 14 3 42 29 22 59 21 40 45 4 13 74 98 28 11 96 73 97 41 33 45 2 55 38 33 8 86 2 72 16 44 29 33 78 13 62 55 36 11 4 55 65 5 20 39 32 83 25 56 87 36 75 85 63 55 33 88 30 22 27 49 23 31 39 30 34 95 26 86 71 27 81 20 71 4 83 21 55 26 12 76 75 47 25 58 14 38 98 20 42 2 88 53 40 2 69 40 21 21 99 40 89 2 59 27 22 86 86 97 7 10 12 96 80 54 4 20 17 92 63 35 34 14 28 20 26 78 50 56 1 25 6 44 51 73 8 44 53 55 11 36 86 52 30 99 58 34 66 23 62 95 32 74 82 33 80 16 23 80 88 21 4 61 9 34 42 90 23 29 23 80 77 4 16 22 77 64 61 37 72 68 4 80 87 65 1 54 43 68 63 16 44 54 70 67 59 38 80 4 74 92 79 35 66 86 52 56 58 95 16 55 47 98 81 37 52 66 30 66 20 53 24 30 92 28 24 1 4 40 60 25 62 51 90 33 46 31 98 97 31 17 2 82 79 53 72 32 59 48 74 68 28 24 1 63 50 89 22 68 65 7 9 4 26 58 91 26 8 95 14 4 25 43 63 1 44 10 78 17 34 2 45 97 90 90 93 18 56 39 93 43 56 80 81 3 71 45 87 38 26 75 15 57 94 28 37 7 45 56
60 36 91 41 46 91 79 72 46 34 85 32 60 16 56 41 20 88 51 13 26 56 63 24 20 76 46 48 90 69 35 38 73 72 43 34 79 53 99 13 86 86 83 2 58 13 37 75 39 12 80 68 30 4 53 59 68 35 53 70 54 93 81 75 34 47 39 55 76 92 66 31 98 71 98 20 99 74 98 30 56 92 75 89 34 64 69 2 71 4 86 23 75 55 26 9 47 10 59 98 5 12 75 19 14 26 98 39 47 51 22 95 57 28 60 47 54 19 40 67 24 81 66 52 91 97 31 75 55 87 24 29 67 37 57 52 39 51 25 71 29 79 6 59 20 33 86 42 3 73 17 56 58 12 71 58 63 50 15 96 90 56 6 68 93 63 73 80 30 90 22 83 68 45 33 89 36 35 62 46 28 31 51 26 97 70 7 57 27 40 31 40 27 84 41 97 28 24 84 27 31 85 68 76 56 65 46 3 1 91 62 50 33 8 40 9 1 14 11 98 75 60 99 67 75 32 67 81 10 82 39 86 34 15 1 89 88 45 78 83 94 50 91 30 69 51 72 82 73 33 19 53 99 14 69 84 33 29 68 48 75 79 8 59 29 33 65 79 38 82 38 62 48 57 94 17 75 58 54 51 42 58 75 61 15 11 6 71 68 73 64 91 8 78 26 36 32 28 9 82 5 80 6 87 77 39 11 21 73 13 24 44 97 9 10 14 16 59 5 64 54 77 14 55 62 27 21 97 32 46 69 29 88 24 4 18 43 89 68 80 22 92 86 2 86 96 97 57 39 21 38 91 94 84 99 23 61 37 76 75 99 5 97 38 9 55 28 69 90 96 60 37 38 23 54 6 41 90 11 37 90 62 55 5 13 69 80 57 43 94 41 10 85 85 7 70 80 78 40 28 56 75 94 78 71 41 14 98 69 46 55 25 59 79 17 35 20 4 48 34 11 89 20 99 71 37 85 37 12 65 57 78 5 61 54 48 53 10 80 78 28 29 44 80 73 14 91 39 33 1 43 76 37 23 67 75 18 13 42 24 49 20 36 59 63 54 63 64 77 60 36 88 39 35 81 85 5 56 46 75 50 49 5 84 47 34 44 2 26 70 78 42 48 94 93 42 26 73 29 13
63 90 34 72 11 84 16 63 20 50 44 79 87 73 66 93 29 68 62 57 36 93 80 88 64 48 20 51 68 77 70 56 89 28 95 49 37 55 65 21 7 63 74 25 45 76 75 84 85 71 29 96 1 57 38 71 96 72 61 96 72 59 76 84 20 55 79 88 20 79 58 70 21 85 20 46 63 41 93 13 75 96 19 85 2 81 45 25 60 3 46 80 70 34 16 28 51 20 48 84 1 61 91 41 33 82 77 94 2 12 35 44 55 79 18 87 32 66 65 51 98 58 96 20 26 6 25 55 55 44 48 48 84 14 80 61 14 21 24 29 32 7 38 55 75 72 59 83 27 39 40 24 84 79 43 70 85 97 90 62 89 77 86 13 59 58 21 69 59 77 63 25 19 39 47 36 91 58 27 66 94 77 26 54 60 81 56 91 1 21 40 32 66 52 64 6 22 62 7 14 56 22 29 83 33 49 34 51 57 15 51 12 56 22 8 56 36 61 36 23 17 69 83 27 44 37 30 42 87 84 89 22 4 52 10 25 41 76 52 74 50 28 8 25 55 3 68 46 28 88 86 37 60 9 17 74 3 49 8 18 81 14 9 66 99 76 40 25 70 32 36 89 93 50 54 58 68 19 13 87 41 49 33 4 99 36 7 60 2 38 13 79 81 60 26 36 69 58 23 11 17 83 34 29 32 81 63 23 6 36 58 55 4 63 93 71 69 23 59 12 78 2 75 16 65 63 29 43 71 18 56 21 94 43 50 8 64 13 19 47 62 2 57 95 47 97 66 62 42 34 1 69 67 4 55 69 15 57 11 51 75 66 77 63 43 58 57 23 69 8 91 83 25 24 17 51 40 16 17 39 59 27 41 4 22 12 10 86 67 46 31 5 94 26 15 81 67 47 6 49 67 50 12 22 58 48 58 81 70 87 54 71 43 36 98 66 2 72 23 87 31 47 19 11 72 99 88 91 94 78 8 41 3 93 81 14 54 15 99 98 94 70 16 37 53 93 77 88 54 65 79 6 21 92 84 89 92 23 50 30 92 94 46 20 73 62 60 72 8 67 32 58 1 18 56 62 53 12 88 1 61 10 28 5 20 63 6 53 20 48 68 25 78 27 40 30 52 60 34 57
