20 500 42184 139.98
84 39 81 52 8 49 29 1 53 62 56 12 29 90 65 4 76 61 33 89 92 45 85 85 99 23 85 75 38 21 53 53 16 63 70 40 70 9 63 81 45 70 56 93 92 70 81 17 93 64 94 49 29 88 41 21 5 9 16 35 24 8 89 35 68 66 64 99 65 75 19 39 38 59 86 96 21 43 88 89 1 48 88 58 7 57 98 63 7 4 17 13 41 82 5 38 24 81 99 73 84 35 51 23 7 69 86 64 96 22 17 77 97 34 12 68 17 74 51 33 31 63 66 28 44 83 62 1 86 90 38 1 67 88 76 82 18 6 52 72 39 35 78 29 83 77 40 16 18 59 37 80 59 67 32 60 96 62 76 95 32 9 37 11 2 63 97 69 23 11 36 16 42 88 14 36 29 17 80 3 64 96 71 16 58 74 82 78 10 28 97 32 72 64 90 92 96 35 9 70 29 47 35 21 86 22 92 80 13 1 44 37 26 55 76 10 52 80 38 8 74 98 98 91 36 92 82 60 83 1 36 86 50 64 85 14 85 61 45 17 46 99 83 94 19 1 92 46 29 59 18 76 85 59 10 35 67 96 49 18 63 45 75 1 12 9 84 80 48 53 53 23 23 23 45 49 78 7 60 13 42 54 88 86 20 63 52 81 33 16 7 97 33 54 74 69 93 83 51 38 55 71 30 32 1 23 24 43 7 94 51 38 99 3 46 43 11 23 61 11 38 3 21 57 45 5 18 76 22 89 20 80 5 42 24 98 63 84 60 51 87 14 89 4 64 60 66 65 28 99 64 65 79 42 29 50 15 54 99 8 81 76 48 83 7 37 82 38 60 12 93 20 26 10 48 84 18 23 32 52 25 68 72 35 84 90 8 17 93 4 4 62 42 15 86 28 3 92 27 11 62 87 31 63 40 11 30 29 50 1 97 39 49 86 16 20 34 31 41 26 13 80 31 62 46 67 20 63 61 34 10 87 55 79 13 52 48 37 6 99 96 1 20 43 73 17 6 99 15 83 5 93 20 14 38 75 50 45 81 14 34 31 36 27 9 95 72 90 57 78 41 81 89 62 80 50 51 29 79 18 59 40 83 48 86 3 91 21 44 52 51 51 49 95 75 4 46 99 37 89
81 95 96 63 58 67 83 87 52 92 94 27 63 48 51 54 91 69 55 94 87 93 91 77 34 59 52 60 96 66 43 92 7 21 35 75 68 83 76 5 52 85 89 90 29 49 63 30 69 56 68 77 94 46 43 76 52 80 48 47 55 91 62 78 17 74 19 71 74 71 24 17 72 82 64 23 33 75 9 28 95 88 91 17 92 20 25 39 71 11 68 3 94 57 66 19 44 61 93 90 25 24 46 51 79 2 18 36 9 1 80 45 2 27 19 83 60 69 90 20 43 94 17 77 87 62 64 80 72 96 3 15 74 6 69 36 88 51 7 30 62 60 66 78 56 7 23 69 40 30 30 11 28 96 19 28 29 36 7 37 31 35 79 56 62 28 55 48 47 4 89 68 86 25 32 89 4 91 28 87 15 75 14 48 62 61 2 98 13 60 34 70 7 74 95 84 74 85 81 99 22 85 29 83 37 20 53 61 93 2 18 6 58 71 42 46 46 84 54 62 4 20 63 11 72 82 86 33 87 9 93 57 17 49 78 19 35 92 67 81 14 71 20 13 78 27 87 89 87 65 39 12 40 68 96 78 64 45 44 95 72 52 82 15 35 7 23 25 76 74 20 94 4 35 2 15 64 86 28 66 64 56 94 17 6 76 68 68 5 81 56 31 38 2 91 8 68 8 15 74 4 75 43 17 93 26 63 18 9 58 12 82 11 60 61 42 71 32 71 65 76 68 55 18 68 10 62 41 24 43 65 42 4 34 39 49 28 34 83 15 96 3 7 95 56 51 15 93 62 80 17 44 3 60 80 9 49 67 30 71 67 58 62 64 19 16 95 26 11 73 55 6 86 89 42 93 33 80 5 37 99 56 19 58 72 58 86 53 81 5 53 7 25 98 24 82 17 40 60 39 60 22 78 66 49 75 61 25 32 3 34 86 24 69 52 59 34 63 31 7 49 70 31 40 62 98 69 37 51 10 84 88 78 41 16 46 9 6 60 45 57 15 6 95 6 14 35 13 30 59 74 36 81 72 99 95 11 6 16 95 79 8 15 72 16 55 81 69 78 59 85 48 10 92 49 85 20 76 8 43 31 43 21 7 84 85 66 53 82 67 68 72 99 58 62 79 30 45 43 94
4 99 30 85 60 19 97 26 8 21 23 78 63 29 23 82 90 35 4 96 71 34 63 72 34 40 5 17 41 13 69 61 44 3 83 82 58 88 86 19 89 63 23 25 54 26 24 96 45 6 46 82 22 35 70 99 5 99 19 49 94 63 86 44 99 3 30 93 75 56 76 45 25 72 25 19 45 38 93 75 56 18 68 5 29 56 38 96 35 85 49 30 72 52 78 35 84 12 34 27 14 82 84 65 91 82 88 55 74 59 83 22 26 57 68 60 23 24 87 10 18 53 81 19 77 55 99 92 31 35 19 7 49 43 27 59 10 55 18 12 84 84 48 52 53 23 35 24 1 70 80 86 65 61 98 26 95 8 68 90 40 56 35 4 83 54 49 87 2 54 60 61 23 32 96 7 36 96 67 28 32 60 62 67 8 3 24 20 19 61 96 12 56 90 97 35 16 8 9 24 80 4 83 57 80 31 80 21 87 3 78 67 59 22 71 7 76 81 52 32 30 23 67 13 7 4 86 9 25 2 85 18 26 18 26 93 84 32 20 52 13 12 84 1 47 22 52 89 72 8 60 1 57 54 71 97 64 14 5 30 79 62 13 4 49 10 15 51 15 82 30 66 67 20 42 85 56 78 28 39 26 4 95 48 7 8 68 12 95 12 79 27 59 84 91 76 86 5 13 58 32 44 77 8 87 45 22 15 56 74 77 75 89 56 8 17 64 97 2 25 68 63 92 72 69 11 47 29 69 50 16 79 14 64 61 46 56 81 27 34 34 68 37 16 50 12 41 54 23 89 82 25 69 53 31 5 98 81 20 26 80 52 85 93 45 89 10 89 56 91 53 3 91 98 98 24 18 9 93 93 77 26 61 82 12 94 7 19 78 94 99 98 29 33 75 82 52 81 40 14 48 50 86 66 55 50 68 72 99 78 76 54 41 94 24 51 17 27 47 41 15 44 54 47 26 50 83 35 64 33 6 75 73 51 71 95 75 10 1 77 33 51 3 93 20 78 2 77 12 4 27 9 47 61 63 58 36 40 47 74 26 55 39 42 45 87 51 4 9 92 12 1 45 73 16 94 13 76 34 45 83 7 31 74 66 18 30 49 54 44 66 94 6 79 7 18 62 89 4 96
70 18 14 50 75 26 19 95 89 67 35 9 81 81 34 6 68 80 48 92 69 79 55 57 87 12 43 27 97 87 70 91 8 49 96 97 44 24 83 50 27 99 75 54 19 47 58 88 75 42 23 13 61 76 8 34 93 47 41 56 28 95 36 75 64 9 43 72 58 1 68 38 54 7 50 71 84 72 1 75 97 28 33 99 2 60 29 64 15 9 46 78 29 4 50 26 50 54 53 75 39 4 71 81 75 84 82 38 24 61 38 22 7 95 68 72 76 59 41 29 40 17 68 74 20 72 21 13 60 81 74 68 78 5 1 64 60 17 95 20 96 75 71 32 23 89 98 50 23 30 29 45 9 42 76 83 61 2 76 48 60 29 92 95 61 81 57 13 35 23 32 52 83 34 51 30 45 17 21 3 85 11 4 39 94 52 64 48 64 16 16 82 6 33 85 91 55 8 37 39 54 34 6 49 55 56 2 77 97 49 5 52 26 59 27 5 24 79 3 74 49 28 2 5 27 90 74 37 23 26 25 48 65 38 49 40 4 27 16 52 37 96 70 4 35 53 32 9 63 6 19 32 3 42 17 44 88 72 70 18 75 66 55 60 11 19 87 85 9 89 9 74 54 51 71 40 52 34 84 64 16 23 55 96 55 36 18 4 43 5 19 91 30 50 85 23 69 40 67 89 59 4 48 76 46 25 48 14 97 30 91 35 45 37 35 12 18 9 14 37 93 11 5 67 98 36 73 7 13 50 45 50 81 59 85 15 82 87 39 3 73 65 23 66 52 64 61 37 68 30 21 41 98 69 93 89 78 38 33 16 48 1 58 51 7 70 59 57 18 3 23 92 60 16 61 12 85 97 73 96 64 54 10 26 59 42 15 23 45 92 91 73 67 96 43 68 12 39 15 57 16 71 48 92 34 60 19 99 55 44 7 61 14 13 31 71 34 70 17 92 34 39 86 80 14 58 95 12 88 79 62 14 46 80 88 27 39 7 20 94 56 77 92 40 18 30 92 4 13 10 5 34 77 12 74 85 42 89 58 1 84 71 73 25 98 66 60 41 31 83 73 84 51 38 28 35 27 3 31 25 18 79 44 30 63 94 89 15 32 62 82 68 99 73 77 32 11 79 87 92
71 2 97 92 41 73 61 82 34 62 53 68 28 6 62 65 4 93 74 37 68 64 94 33 33 41 91 80 24 99 14 76 67 41 26 80 92 32 25 49 14 30 65 63 60 85 74 39 65 83 12 79 13 23 14 62 76 96 18 21 73 41 51 44 91 6 86 66 36 47 48 66 5 13 20 69 30 51 36 67 53 83 19 45 76 70 76 77 3 99 81 36 27 55 86 12 80 66 84 63 23 25 48 20 68 3 64 5 7 60 93 15 49 66 52 39 27 61 4 90 68 18 73 56 54 63 42 52 1 97 28 15 28 61 87 10 94 49 60 48 1 24 50 27 10 14 21 6 91 25 89 7 7 22 22 23 83 64 66 6 42 70 70 90 92 98 42 51 96 67 82 9 23 32 2 41 60 64 31 13 36 47 67 48 44 51 61 65 8 20 25 23 47 11 79 90 51 69 84 79 13 44 98 12 50 23 5 75 34 50 55 6 50 90 39 95 23 9 75 19 64 32 5 76 2 8 22 38 61 50 75 48 65 42 34 97 23 24 46 16 1 92 35 43 25 11 64 28 74 75 22 45 68 93 7 24 6 29 75 32 80 91 19 24 55 31 98 15 99 34 69 22 25 66 52 14 17 48 61 43 88 73 69 36 43 89 30 41 4 70 29 27 85 5 45 97 47 85 20 48 92 33 54 24 7 13 54 3 2 41 96 83 81 3 33 31 63 39 33 80 11 34 15 35 29 67 18 43 45 52 46 37 62 57 77 25 21 22 13 39 3 63 83 28 75 77 49 70 28 89 49 8 60 46 68 87 71 51 61 90 20 75 77 49 65 53 59 73 80 19 46 59 87 57 97 34 99 75 97 36 62 1 46 76 65 67 67 9 4 19 33 8 88 75 69 21 67 86 67 36 31 64 15 36 64 94 50 90 24 59 14 70 2 21 82 23 17 8 98 73 32 89 5 99 31 38 96 44 78 84 15 50 14 38 82 18 5 49 15 86 71 44 59 92 20 29 52 65 41 95 53 36 1 62 53 73 27 89 14 48 96 52 56 22 84 21 67 31 50 80 88 21 19 23 27 90 60 74 64 16 32 77 90 75 98 85 95 15 68 28 29 26 52 2 55 27 7 43 37 37
95 79 99 41 85 89 75 80 37 17 65 70 57 90 76 95 83 71 74 58 96 17 9 97 91 65 61 89 90 71 22 65 34 86 76 27 86 53 17 66 89 35 65 15 39 21 78 34 34 63 98 6 62 12 82 47 88 23 53 55 65 46 94 50 52 70 12 32 52 60 1 38 43 89 80 12 83 65 65 54 16 57 24 29 81 37 3 10 71 95 14 36 38 70 11 59 57 67 80 87 79 21 85 48 81 83 50 89 56 87 97 98 72 8 25 98 81 43 85 32 63 99 47 88 4 73 34 65 22 20 70 64 34 47 46 3 50 29 5 27 85 80 18 82 32 14 75 98 44 95 51 33 17 68 14 59 95 71 15 85 18 26 74 96 54 49 13 43 4 19 26 60 33 29 56 75 82 60 69 87 16 45 8 69 56 57 32 2 14 41 18 90 95 38 62 18 86 63 70 36 33 78 91 11 79 80 80 25 71 69 10 63 56 39 8 59 86 17 86 31 94 4 97 27 8 55 51 86 9 14 31 33 48 56 41 61 83 56 46 62 74 90 89 9 16 45 94 46 34 13 98 86 98 5 62 31 66 98 35 46 32 66 45 10 92 86 12 83 19 21 10 16 97 72 7 44 73 95 13 93 50 98 74 23 5 23 13 68 60 67 83 90 24 7 59 24 90 43 30 93 42 2 52 90 45 73 30 48 84 19 68 25 64 93 37 57 21 15 99 15 38 59 46 2 49 80 45 18 46 13 11 2 48 6 27 78 97 77 49 6 68 11 37 3 72 75 1 7 9 45 66 46 59 15 97 19 28 69 70 37 2 69 1 25 31 13 61 20 70 61 65 21 87 82 35 98 9 40 20 29 78 29 12 54 47 80 76 32 15 48 66 83 54 14 99 57 88 49 13 56 66 51 64 18 88 46 56 86 90 96 19 57 68 34 5 35 32 54 52 12 55 43 31 26 71 5 98 71 61 89 8 56 13 84 96 8 14 94 40 58 50 4 21 13 94 17 88 50 93 12 63 70 63 50 1 2 55 4 85 49 10 39 61 65 75 40 29 68 34 34 94 95 46 45 7 11 58 54 35 90 37 42 62 17 30 18 6 24 46 37 7 76 36 40 40 54 91 4 62 58
91 4 92 77 61 88 20 52 77 58 53 46 54 29 58 95 10 64 40 72 16 94 63 32 13 98 73 29 45 46 32 13 69 94 84 66 24 62 95 71 57 63 64 42 95 40 64 43 46 70 18 66 66 29 7 79 37 21 78 67 76 4 10 56 47 42 61 5 18 51 71 5 88 38 7 19 27 11 57 32 68 84 1 96 19 32 22 18 85 18 34 96 71 63 46 41 15 21 56 19 53 44 33 46 78 44 48 93 91 27 28 20 81 32 28 34 61 3 23 71 73 69 53 33 63 5 93 96 84 47 59 62 61 79 76 40 47 96 16 83 48 86 11 9 57 17 86 29 2 8 32 68 25 3 47 86 16 72 13 38 58 91 41 83 22 98 48 85 39 6 35 23 48 84 31 25 40 99 76 54 12 90 82 71 38 57 41 77 46 43 67 36 16 46 18 75 3 79 18 19 9 49 70 74 85 9 14 51 29 35 12 9 33 83 88 58 73 34 96 19 67 59 58 97 61 85 10 23 1 26 82 23 39 19 4 86 30 77 12 28 12 15 18 26 3 42 46 68 45 4 77 73 60 42 90 19 67 83 70 45 89 80 24 35 67 40 36 81 4 30 20 8 11 36 48 60 21 21 17 90 90 73 98 40 62 98 89 16 67 47 68 99 66 26 62 1 20 2 64 96 82 68 19 44 9 97 52 71 59 77 55 68 28 41 34 41 90 45 62 33 53 31 81 74 36 58 21 7 23 70 55 28 24 40 8 40 81 99 63 67 90 32 74 92 10 57 4 85 46 63 99 96 25 6 16 69 42 58 13 54 15 5 8 84 38 25 73 18 76 29 60 95 50 90 33 45 45 24 32 27 44 50 92 5 2 23 8 2 55 2 51 95 45 49 31 59 62 50 20 81 3 44 47 77 22 7 17 56 56 79 10 81 44 64 15 41 99 30 28 67 24 98 64 23 39 19 80 22 38 62 47 45 8 10 52 14 53 1 65 64 15 1 95 51 2 77 38 7 90 1 3 41 93 27 52 97 60 52 11 37 20 76 4 60 43 97 3 15 18 26 66 98 30 68 51 40 80 36 8 93 19 21 76 5 45 61 17 64 7 99 49 3 17 24 17 80 1 39 78 72
75 45 53 32 38 66 91 95 90 10 94 86 24 57 67 28 84 49 11 14 45 97 90 72 70 35 70 73 58 69 17 82 93 79 25 38 1 94 99 6 41 81 84 77 55 38 51 88 39 97 66 15 52 88 94 47 62 76 8 72 25 6 67 58 97 18 63 81 47 32 39 7 59 17 85 93 55 34 68 35 69 82 72 40 46 27 64 38 81 38 3 74 36 6 64 58 36 31 34 51 64 83 46 71 41 17 25 38 42 69 92 94 43 20 46 20 2 10 87 84 41 57 20 19 47 13 7 60 59 70 7 83 14 18 77 80 86 58 66 95 23 48 65 59 90 43 43 16 78 65 90 86 25 58 57 48 48 94 61 42 41 56 39 57 39 53 46 91 42 30 53 48 9 79 43 16 41 69 5 18 88 10 22 40 87 24 96 37 89 70 56 36 30 84 91 4 59 11 90 74 66 14 48 61 35 55 32 23 12 81 16 53 73 4 56 67 60 60 27 13 68 62 32 89 35 1 20 36 15 32 45 57 40 58 77 69 82 96 48 67 33 26 23 84 25 38 69 99 44 5 90 42 88 27 70 44 77 45 80 23 84 74 48 48 69 32 5 80 86 66 92 32 50 30 73 9 60 3 79 85 65 94 57 91 25 13 14 88 14 25 56 6 21 68 88 66 2 47 43 16 36 78 53 68 58 47 63 44 47 86 19 50 78 68 1 85 90 82 93 51 34 59 98 12 6 54 24 7 2 84 12 42 61 28 94 51 53 78 76 39 30 33 12 87 15 18 79 5 59 88 63 87 78 14 37 26 68 89 14 88 50 58 17 67 75 33 54 32 85 56 96 6 17 78 53 47 21 28 60 73 20 17 90 67 15 51 35 82 96 42 60 63 67 94 85 86 34 28 7 91 86 88 27 50 10 66 82 87 88 18 71 70 92 28 62 3 43 96 27 92 29 94 21 98 54 94 71 68 12 56 55 81 44 4 8 66 28 5 17 14 70 70 6 32 11 22 12 7 20 89 13 81 33 78 82 79 16 5 49 91 9 63 1 75 62 13 61 28 52 79 35 9 61 68 36 59 10 3 20 97 25 72 89 3 37 63 72 16 17 46 55 8 34 47 24 61 11 20 36 14
53 51 61 93 78 89 24 91 74 56 90 99 90 52 53 7 94 32 65 94 57 81 7 39 88 73 86 45 72 36 91 80 63 37 49 68 54 47 31 74 73 25 69 36 92 76 48 62 81 20 31 18 59 62 74 41 99 78 88 65 21 5 15 85 95 83 63 58 6 54 59 91 98 55 40 58 94 54 60 58 35 76 88 29 93 52 6 65 71 56 47 4 98 68 51 65 34 71 6 24 84 73 52 14 21 49 86 75 72 3 37 24 36 36 94 75 11 11 61 87 2 68 31 78 97 25 98 18 61 27 45 62 23 4 18 86 2 69 37 53 9 76 54 28 17 97 87 47 58 16 14 9 34 39 85 18 37 65 17 36 52 95 34 1 24 22 10 32 2 56 81 83 13 28 30 93 74 77 49 27 90 11 30 13 32 66 64 72 50 3 79 47 52 66 14 61 1 77 18 53 37 28 55 57 18 30 18 32 54 85 80 32 80 90 6 63 9 28 9 95 22 70 1 10 15 55 34 91 32 32 82 31 91 50 92 56 71 40 98 47 65 42 55 28 90 47 64 11 63 2 56 38 66 85 61 53 10 85 92 95 50 55 6 81 20 72 21 5 65 20 9 78 73 24 60 66 89 17 66 98 55 56 65 70 7 85 86 15 48 79 99 80 55 39 23 93 84 56 17 35 97 95 8 71 11 19 74 17 96 88 69 40 39 91 46 23 22 82 35 30 61 91 49 6 60 16 29 7 93 53 74 3 9 40 52 43 78 6 5 62 60 33 34 7 16 46 56 67 75 89 50 76 34 71 32 24 51 6 2 78 39 57 73 53 62 12 80 58 39 26 24 28 5 86 39 66 4 27 70 37 3 58 80 76 66 73 31 84 69 54 68 42 21 8 15 61 8 48 87 58 93 57 60 69 49 88 83 71 43 2 2 58 30 21 41 23 76 15 3 63 56 25 83 68 15 87 77 48 6 1 33 30 87 40 90 61 3 28 36 71 6 88 28 56 70 66 28 89 11 47 47 10 5 41 64 50 8 5 43 38 19 25 22 23 12 35 62 2 58 2 34 9 78 11 43 55 38 15 86 84 12 19 91 77 49 45 14 45 67 95 13 39 89 40 64 64 79 35 93 94
43 92 98 94 26 87 97 78 81 35 54 31 37 72 71 81 76 71 82 10 89 75 66 47 65 88 43 28 54 21 93 19 97 75 27 3 79 39 58 5 31 92 68 26 46 61 64 56 38 14 10 89 60 52 62 95 32 74 43 85 70 13 67 28 34 85 49 85 88 98 18 24 15 96 67 87 12 70 81 6 50 7 82 95 34 97 4 43 94 73 18 94 68 82 46 77 19 90 56 81 72 37 35 38 90 66 38 31 80 49 44 8 43 30 46 45 27 33 20 66 89 45 78 73 83 49 4 30 87 91 53 75 27 96 99 1 30 48 89 83 67 93 80 29 41 28 11 72 65 57 10 75 80 87 98 19 67 12 7 71 42 31 34 69 18 25 39 53 73 19 88 11 63 14 69 87 83 70 30 37 62 24 18 30 66 97 47 14 99 55 65 61 9 8 78 2 5 1 14 69 41 35 3 15 7 70 19 17 43 32 96 58 85 96 15 3 27 18 70 49 82 26 12 35 96 32 2 7 44 1 35 29 3 34 68 4 91 2 19 20 12 78 28 59 22 12 23 52 53 98 20 70 42 66 45 51 13 17 50 61 40 73 51 81 61 41 19 43 51 86 18 22 34 26 25 45 52 32 55 8 19 13 71 42 99 83 16 3 17 13 28 80 42 41 91 19 27 70 33 71 13 35 71 60 38 27 14 28 28 33 98 36 31 53 88 54 18 95 22 8 75 74 86 45 41 9 22 24 89 35 17 25 5 33 25 11 83 68 81 68 49 47 98 93 50 15 21 10 63 55 23 92 11 25 3 43 47 17 1 33 20 31 96 65 12 17 43 79 33 7 31 60 55 45 71 21 72 53 83 83 74 40 66 30 59 75 64 1 72 27 23 80 13 7 25 35 17 27 54 75 74 55 86 76 32 83 57 51 63 71 26 18 2 14 48 86 89 93 31 16 35 11 39 87 44 90 17 6 67 66 27 47 52 24 14 4 90 59 4 16 3 37 60 64 52 91 68 62 34 91 20 61 47 21 61 36 61 34 91 10 57 81 79 22 34 63 51 55 49 87 40 15 43 69 11 98 92 58 44 75 83 9 56 65 39 1 30 46 18 75 49 88 76 45 16 96 17 92 97 10
63 93 72 51 57 92 62 73 90 33 27 99 65 56 89 18 34 8 88 61 85 31 7 17 26 83 24 42 39 37 74 60 56 88 51 66 33 64 80 18 42 80 63 71 67 42 33 41 11 26 67 7 31 71 73 19 87 70 94 78 76 93 66 26 6 63 47 92 73 28 5 87 81 12 76 27 6 63 65 68 42 62 48 38 37 79 83 71 80 45 89 87 87 44 52 72 16 62 69 70 69 80 18 84 16 41 3 4 68 33 10 83 83 36 64 29 59 90 63 97 54 26 57 94 55 29 16 70 58 13 31 62 72 85 19 29 11 8 4 58 9 11 14 78 55 95 9 87 99 30 38 81 8 98 70 90 19 77 19 90 97 12 10 2 44 23 26 37 62 92 13 80 99 12 91 22 45 33 21 71 65 13 89 40 66 15 41 92 75 84 48 72 63 61 87 95 21 36 61 20 43 39 49 71 46 65 89 29 15 25 3 34 85 22 22 83 21 23 95 30 2 9 23 9 31 80 77 72 33 48 90 99 64 16 10 15 38 7 47 17 61 14 61 11 77 82 83 19 31 7 56 48 35 92 9 18 82 48 67 40 84 76 5 50 49 46 58 88 86 9 89 28 39 51 96 53 61 38 7 65 61 28 12 52 41 25 44 2 31 71 13 11 8 42 19 76 71 39 26 49 4 99 42 98 3 36 17 11 63 92 76 95 18 33 8 16 86 68 88 67 44 14 65 37 74 26 17 5 54 72 76 55 84 42 86 35 47 23 80 36 2 24 48 21 95 51 88 94 65 39 33 40 19 87 51 14 18 69 6 11 80 78 73 64 91 85 63 97 25 8 97 33 90 19 4 64 76 27 90 48 32 90 81 56 52 5 83 65 57 56 34 57 41 24 94 19 36 66 78 48 88 57 97 38 98 36 2 86 33 51 73 31 45 21 15 80 22 72 79 83 58 1 28 39 22 90 62 84 52 91 61 25 54 28 55 25 21 20 89 56 92 98 33 73 25 81 85 76 54 87 17 21 48 11 35 4 37 71 4 66 79 13 67 2 49 38 12 79 53 41 88 43 14 38 86 80 6 20 43 73 99 61 79 48 1 80 17 40 88 56 42 76 82 99 90 52 41 12 48 61
90 68 90 85 78 61 95 25 30 91 89 98 84 26 72 48 30 70 93 88 52 86 24 97 59 57 8 59 29 77 80 91 72 37 8 15 81 11 16 59 25 92 29 84 74 83 72 81 73 49 54 66 91 74 53 54 68 35 99 5 32 93 92 71 84 94 4 49 49 74 82 76 11 87 14 69 15 48 50 5 85 72 45 60 62 83 96 53 42 71 23 57 42 10 12 19 44 81 13 76 87 33 13 77 51 57 69 54 99 45 66 22 35 45 58 5 75 84 49 27 6 14 87 4 23 37 41 79 81 63 67 36 52 25 4 53 97 62 43 59 78 32 72 33 77 42 57 4 39 64 58 52 53 72 45 90 68 98 62 65 22 49 86 25 77 52 62 51 29 84 9 42 26 12 14 94 99 41 43 87 8 55 75 9 57 82 62 70 31 81 26 99 82 42 83 71 18 97 22 60 52 58 40 88 91 31 21 18 27 6 89 58 69 91 33 36 73 8 48 27 80 22 32 1 6 49 25 58 73 71 4 2 4 4 24 93 35 58 74 27 49 38 42 87 37 46 22 47 68 37 51 66 58 25 81 5 84 93 66 39 59 36 95 79 2 79 10 6 14 4 27 67 28 47 89 86 1 97 44 96 75 41 30 61 52 60 27 28 2 75 80 37 19 9 89 63 57 49 67 58 54 6 88 5 73 67 61 71 4 68 59 60 42 42 58 5 11 30 42 85 13 44 42 67 86 19 93 44 83 38 52 28 13 46 83 64 84 67 75 10 40 61 5 92 87 82 61 17 71 25 53 78 41 92 74 9 84 60 17 64 3 10 78 87 23 65 20 12 53 45 49 86 33 93 13 84 88 3 31 68 82 97 82 9 34 51 12 24 12 19 21 95 29 71 4 38 68 72 6 48 83 35 3 75 72 94 45 87 61 10 29 11 91 96 80 31 42 7 18 6 22 61 85 54 47 83 83 39 25 11 39 7 64 70 76 34 89 9 43 54 34 76 86 52 22 16 91 44 67 60 33 22 25 79 59 55 36 22 32 35 22 82 65 74 79 75 24 22 26 92 50 70 53 64 86 54 16 4 92 78 52 33 30 17 78 25 18 29 78 54 33 17 83 27 85 28 81 59 64 88
95 97 63 88 29 9 68 51 64 71 83 11 39 58 6 67 79 31 91 51 16 60 62 80 25 44 51 99 75 6 73 61 58 85 92 44 46 69 17 33 72 76 32 24 60 40 4 31 32 89 96 81 68 62 89 99 62 10 73 35 94 54 43 90 99 83 92 69 16 48 80 98 63 54 60 5 45 2 48 25 53 34 55 62 72 39 68 87 64 50 34 93 97 28 53 97 48 84 49 27 48 12 46 27 47 78 83 39 29 89 97 42 70 11 73 16 43 23 13 84 81 34 99 16 57 37 97 8 31 34 62 62 10 44 68 97 93 12 33 49 17 42 13 73 89 11 23 13 44 86 18 89 86 24 57 43 15 75 91 85 84 2 35 58 43 48 29 35 7 58 3 71 66 48 42 27 53 18 17 76 59 68 42 39 83 24 53 87 25 53 89 67 75 68 14 48 78 16 4 84 22 54 31 5 24 71 65 48 30 43 25 46 70 19 19 65 1 89 17 47 7 4 54 34 26 8 21 17 13 95 71 61 12 27 19 68 27 93 18 37 75 92 89 74 67 38 94 98 74 29 16 79 3 7 51 66 32 18 81 86 36 93 99 46 15 75 9 61 33 85 78 47 50 3 8 92 54 47 3 90 23 63 87 44 81 78 86 70 46 97 33 21 82 62 3 86 71 21 60 72 77 29 28 5 80 87 78 90 25 2 88 67 2 83 37 85 95 57 87 12 66 73 7 26 66 56 99 18 39 86 40 8 46 81 26 17 38 55 64 37 54 11 32 22 44 54 99 83 15 46 54 29 63 58 62 17 67 70 55 15 20 38 58 13 98 57 65 80 88 24 7 2 53 64 98 72 80 75 88 81 60 95 60 71 65 7 89 9 43 69 64 2 71 3 29 60 92 52 26 74 94 43 58 29 41 89 3 73 18 15 42 9 19 70 36 2 25 64 3 49 4 44 56 28 22 78 39 34 56 85 15 15 91 83 72 27 15 51 20 43 82 81 2 23 7 57 90 72 35 89 65 70 32 97 38 81 35 39 54 15 73 67 42 80 78 71 86 66 61 51 45 75 39 6 19 10 16 68 11 13 18 5 3 81 85 63 77 74 63 52 55 66 77 20 42 73 53 13 36 51
91 91 81 38 70 52 39 97 28 77 29 57 98 59 93 99 75 78 71 13 93 15 24 63 94 4 97 86 67 50 72 31 46 53 53 46 77 69 9 1 8 13 82 98 37 67 86 54 61 25 96 99 79 33 87 75 43 56 65 73 65 97 37 52 46 96 73 41 79 30 59 92 40 75 90 36 81 5 78 41 88 40 80 5 90 11 85 68 69 50 77 84 26 10 15 22 83 70 19 74 14 46 91 81 24 6 47 38 4 75 7 87 83 37 58 81 63 74 32 70 81 68 89 13 55 56 57 44 10 48 41 46 34 25 94 34 70 25 71 40 10 44 66 98 17 84 25 24 91 26 90 41 52 43 13 16 58 20 47 88 20 76 2 35 70 35 77 93 49 72 21 52 74 75 86 90 22 15 41 60 53 55 64 72 89 15 29 42 89 7 63 2 61 95 88 60 88 36 35 19 59 3 3 87 93 13 74 75 31 62 63 8 58 91 8 75 33 19 57 19 92 88 78 43 63 31 22 65 18 86 60 67 44 10 97 79 39 82 80 27 26 82 33 1 24 43 10 51 86 36 39 35 54 20 60 99 85 20 46 35 85 60 47 46 15 67 72 52 89 46 84 39 38 27 10 26 57 80 4 26 6 3 56 68 59 69 97 41 67 38 45 80 70 56 38 93 83 28 28 98 58 31 28 8 14 31 47 53 88 29 63 30 11 93 63 25 20 15 36 43 18 46 79 87 25 8 50 35 49 61 98 69 25 80 60 28 54 46 39 85 47 13 65 3 57 4 74 44 7 37 76 23 32 98 71 49 7 50 95 21 87 72 36 80 67 27 19 58 6 8 38 27 7 94 39 57 58 68 83 87 88 4 11 23 85 89 36 37 67 34 35 27 93 4 74 20 88 35 79 30 2 28 49 69 31 26 94 21 29 86 81 24 10 68 53 21 5 58 38 25 81 45 21 80 79 64 18 16 6 9 49 2 44 93 47 68 86 40 48 14 26 66 27 5 86 42 64 35 56 36 24 93 87 4 61 28 66 50 73 42 8 65 86 33 9 24 74 77 10 5 11 21 87 20 24 44 8 95 65 52 13 94 11 94 43 91 1 81 85 92 86 46 63 1 60 74 83 61 82 13
33 35 15 35 48 98 72 62 61 88 46 88 5 32 81 39 74 94 72 75 34 45 99 36 54 87 36 43 26 87 89 49 54 67 85 79 39 64 91 90 72 36 86 96 32 82 56 53 23 79 34 10 91 30 55 24 54 67 20 15 52 79 37 7 38 71 38 30 87 39 78 51 90 84 61 74 49 78 60 67 90 40 31 36 74 58 53 62 5 99 98 18 10 55 91 53 96 31 53 54 94 57 88 5 26 50 38 96 66 42 37 2 88 66 40 12 29 71 60 43 8 12 21 43 37 66 7 75 23 13 60 63 82 27 25 11 81 53 24 4 69 15 96 20 34 96 53 67 56 1 70 46 7 68 67 26 96 72 12 88 32 2 42 12 26 2 15 6 9 24 39 44 33 83 61 43 90 42 60 20 73 81 64 34 71 1 90 91 97 43 2 7 57 23 21 42 3 90 94 15 48 60 20 17 26 66 90 54 2 86 83 45 56 99 59 2 36 31 63 68 87 80 45 91 81 71 36 68 57 25 92 8 95 26 10 66 18 70 17 65 62 59 70 81 17 8 8 53 6 69 18 65 67 29 18 18 4 74 67 90 78 49 51 6 8 89 75 52 82 32 26 98 43 94 36 69 2 68 37 67 6 71 63 86 4 96 79 48 25 74 91 38 78 28 86 21 91 44 26 39 51 1 94 78 54 11 13 45 32 94 80 14 66 51 11 73 31 48 41 92 66 51 47 37 98 97 9 2 29 5 34 13 58 60 86 7 10 32 78 29 48 35 44 16 95 71 53 97 88 35 99 88 99 9 55 65 9 63 81 92 47 26 72 4 51 70 53 19 44 86 28 30 1 32 61 13 77 66 37 47 58 15 49 17 49 32 19 93 26 96 75 15 68 49 60 63 11 34 89 40 52 73 33 55 84 8 28 11 36 61 57 30 77 52 31 45 59 58 36 84 55 69 10 5 58 54 44 87 7 59 7 93 95 61 52 57 68 86 49 59 67 82 30 82 2 46 44 48 20 66 3 65 80 58 57 67 54 49 78 33 80 86 56 81 72 79 25 51 45 8 43 70 54 79 2 89 11 76 2 84 39 76 82 78 14 46 66 39 82 29 50 73 47 90 20 71 55 65 32 75
86 44 32 56 67 39 12 7 91 85 97 85 27 95 17 94 46 77 53 98 44 56 81 45 99 51 71 99 91 13 55 73 41 64 23 69 67 11 53 71 11 98 60 13 88 54 45 84 50 91 38 25 5 3 24 22 70 73 27 29 18 42 61 69 7 14 99 44 41 17 78 73 89 87 33 39 50 38 11 99 16 67 41 53 54 27 37 32 35 18 72 95 9 96 82 6 35 62 18 48 66 79 76 59 3 42 36 38 18 6 30 75 86 97 2 43 22 80 78 67 25 20 27 30 22 74 9 33 76 32 67 89 48 52 22 36 53 86 14 97 35 2 26 34 83 21 69 39 54 1 15 20 85 55 63 42 78 32 88 17 53 90 9 84 44 13 94 48 71 73 61 66 79 85 45 2 7 84 66 23 36 22 49 64 22 76 31 38 57 65 94 73 95 57 30 54 58 30 1 60 1 33 96 84 15 88 8 24 75 43 74 28 66 36 7 35 27 70 75 8 82 60 16 3 90 40 55 20 36 96 48 26 16 87 39 92 44 80 68 79 45 28 88 16 22 63 84 47 21 17 25 1 47 4 68 13 5 62 40 85 62 84 37 57 11 16 2 56 57 64 88 95 13 25 42 75 63 42 34 46 84 74 2 88 94 5 13 21 37 95 33 46 8 10 78 66 50 4 70 54 28 80 22 47 12 59 26 59 35 48 42 32 78 25 94 45 43 60 24 73 7 27 82 68 49 98 23 37 56 46 51 39 59 47 42 44 3 9 42 66 14 24 25 65 68 13 81 99 11 17 8 77 31 55 52 62 88 34 62 83 67 34 26 29 70 6 68 25 92 11 13 37 73 50 97 65 3 32 34 97 1 8 15 86 53 84 3 76 26 74 4 69 77 43 9 20 5 64 16 60 16 34 50 16 98 47 66 63 8 28 64 31 97 91 71 71 10 21 99 23 68 9 81 56 83 26 23 9 48 58 99 64 79 67 31 94 81 34 74 25 3 75 37 94 48 82 12 22 31 84 45 97 53 70 71 37 22 67 30 22 34 30 79 3 54 91 69 25 47 58 70 26 9 40 8 53 88 33 17 63 28 54 53 43 40 19 75 94 36 30 21 86 1 44 78 25 90 20 82 98
93 63 3 66 60 75 90 5 63 72 48 53 88 70 85 68 45 22 62 64 35 10 59 73 22 62 62 65 9 92 37 35 79 51 31 69 1 27 78 56 53 67 80 79 27 75 8 55 74 17 62 93 28 48 42 15 43 33 67 76 35 48 72 23 24 15 73 28 99 91 73 54 3 36 15 1 96 78 21 30 21 91 83 59 14 8 81 84 17 74 47 47 67 37 30 86 86 4 63 1 77 52 40 53 11 15 47 82 4 50 27 54 65 15 36 44 93 91 60 17 51 9 40 63 7 94 62 99 8 24 41 24 87 97 23 94 47 75 43 17 26 78 51 74 72 91 53 57 97 66 91 91 68 68 53 11 35 20 76 79 74 80 4 27 62 95 30 75 74 92 82 98 32 40 37 77 32 7 16 91 65 25 87 3 14 35 19 24 60 2 30 41 73 63 42 93 34 36 44 9 80 39 3 43 40 23 74 5 30 97 94 25 10 10 55 55 28 3 98 97 22 72 61 48 26 31 8 63 12 15 30 23 45 29 10 34 37 95 41 77 94 43 20 25 50 84 1 93 97 64 27 93 48 34 19 56 82 85 75 68 54 6 14 56 76 37 26 92 79 66 64 73 85 59 17 7 25 39 54 46 66 26 2 48 70 62 48 49 60 53 77 6 37 7 39 32 59 23 55 37 83 3 38 31 31 60 77 2 29 14 81 38 49 32 68 29 2 80 59 11 69 12 81 25 86 10 96 71 82 18 8 28 4 19 37 16 82 67 81 46 19 15 96 5 14 79 16 24 54 77 67 1 39 98 80 98 36 38 62 49 71 21 81 12 8 29 26 62 30 11 32 70 97 23 69 11 13 64 88 60 94 16 37 26 12 47 20 35 60 62 62 92 27 3 75 48 9 64 41 7 46 33 26 60 4 75 58 12 46 40 55 32 7 17 40 32 22 3 59 86 44 74 24 99 37 13 42 70 44 40 68 97 10 69 41 13 94 7 44 58 32 78 70 12 75 97 78 58 60 81 4 76 98 15 53 30 94 98 15 77 97 90 29 59 28 90 88 51 80 95 80 26 54 74 69 30 14 9 88 14 26 61 91 99 50 85 3 10 97 65 19 78 8 14 60 45 37 15 67 64
26 58 80 55 77 37 33 25 41 64 15 15 24 99 1 65 37 61 92 45 32 15 75 36 12 84 25 61 33 75 64 31 73 62 97 62 86 94 50 94 88 55 31 86 88 62 29 42 80 53 55 96 69 47 57 17 19 18 89 57 53 3 20 68 87 72 77 23 29 48 99 22 98 47 52 89 3 8 61 8 37 24 68 75 35 29 1 66 44 52 78 5 84 37 67 84 19 45 11 18 92 68 5 30 25 76 84 14 27 54 37 47 51 87 19 21 38 52 10 4 73 47 20 54 96 93 22 73 62 13 84 43 85 58 98 30 50 60 16 20 28 39 64 28 15 65 7 80 50 78 29 54 62 63 7 4 77 29 59 7 2 71 33 37 54 12 26 65 32 11 34 37 57 27 33 35 17 24 90 91 70 90 15 30 58 37 39 65 84 50 66 16 15 85 43 58 45 4 24 59 81 80 15 44 37 97 6 27 14 22 72 82 20 3 96 8 68 41 40 85 20 35 87 8 82 74 14 25 54 56 64 94 47 20 72 76 80 17 22 6 36 16 56 78 53 75 24 8 59 11 7 79 11 64 57 70 8 33 42 65 14 76 30 21 66 66 4 7 16 44 76 92 64 43 62 68 40 25 49 16 78 84 63 65 29 1 90 36 10 57 89 22 57 84 81 64 99 74 59 75 13 79 37 88 41 79 56 1 67 53 64 88 52 76 11 21 76 47 75 84 8 4 51 22 13 57 27 58 63 42 39 55 11 47 18 7 61 67 6 4 81 9 64 53 35 56 16 80 20 21 97 22 95 42 62 43 80 94 73 38 52 37 72 3 83 65 87 38 16 42 19 54 95 23 89 14 99 33 28 22 30 99 7 89 77 97 16 4 42 95 14 77 12 41 53 22 64 87 19 43 17 46 89 14 7 63 23 58 33 19 40 25 71 85 30 3 75 63 72 61 82 83 30 10 3 4 84 61 20 71 16 91 36 70 32 93 67 59 24 77 3 8 54 24 72 98 97 69 32 1 13 43 88 41 39 84 57 22 55 58 86 53 63 37 28 71 53 55 81 36 16 88 27 7 25 22 16 73 96 78 2 6 3 28 51 94 58 37 10 29 19 31 42 70 53 3 24 26 53 45
53 47 75 7 91 69 14 80 88 62 63 88 29 75 75 96 27 8 4 15 63 37 14 26 10 89 76 29 94 92 59 65 85 67 7 64 86 45 50 87 95 97 31 68 91 89 99 43 74 89 40 18 13 95 87 54 13 27 27 83 61 98 67 70 7 6 63 16 76 31 49 38 31 57 35 46 24 74 11 45 10 63 28 65 8 82 77 71 61 57 60 27 51 50 78 56 13 55 20 23 82 70 88 26 82 85 51 51 73 78 53 82 40 12 94 57 58 17 85 13 39 63 81 53 29 40 77 32 73 49 52 2 52 7 26 96 90 30 62 35 60 58 3 16 87 33 97 84 34 92 42 62 69 56 39 90 36 88 66 78 55 58 70 45 12 17 26 95 99 39 66 86 38 3 9 82 83 36 19 50 11 57 79 21 15 11 34 94 39 4 71 8 20 35 65 66 88 27 91 3 40 2 52 5 39 1 42 16 18 81 47 54 49 60 44 23 35 54 29 87 51 50 10 17 77 77 23 28 23 27 21 11 5 90 78 63 83 86 1 18 9 89 29 11 31 62 45 1 82 54 70 49 96 11 87 45 11 47 7 96 24 5 55 11 91 50 20 20 74 54 74 68 73 67 94 45 40 14 75 77 62 4 63 51 27 4 22 15 19 76 58 74 78 51 40 63 86 19 67 17 18 91 15 78 2 38 87 45 38 23 15 75 64 22 79 51 50 8 90 21 70 24 52 51 4 32 41 26 42 19 5 43 53 26 94 25 11 12 59 54 82 29 73 42 8 87 38 64 46 25 72 47 21 26 78 92 84 20 55 99 33 19 59 40 23 65 14 61 69 13 34 9 99 45 28 67 60 16 5 57 59 59 96 1 2 81 41 83 87 95 54 21 67 17 46 36 81 64 79 71 12 34 31 69 89 76 15 54 54 59 70 36 65 52 20 31 1 79 12 70 67 26 41 15 37 8 54 16 33 20 81 80 73 8 51 18 46 79 87 76 3 56 9 8 62 58 35 28 29 55 46 14 68 46 42 33 1 21 72 72 16 62 92 26 10 79 71 92 11 89 8 12 41 81 28 83 78 38 98 47 10 47 26 94 72 83 56 93 32 40 96 64 86 75 54 1 45 37 20 15
44 54 50 67 94 99 92 28 38 53 75 81 97 29 94 78 92 2 59 83 31 96 35 1 96 86 73 94 40 54 78 78 92 15 91 27 84 93 68 88 94 34 73 9 28 10 51 80 63 37 65 75 75 43 69 16 17 74 90 18 85 66 15 8 48 75 83 33 6 23 83 75 47 30 81 45 94 45 63 20 16 13 23 88 67 39 35 19 41 26 6 64 2 74 33 64 55 41 74 11 74 42 8 56 29 90 35 68 54 50 76 35 37 74 96 99 51 76 17 11 93 75 2 22 58 88 47 31 23 83 22 21 26 43 13 75 44 65 80 32 68 75 20 45 5 42 84 32 51 16 98 74 50 22 28 84 37 94 23 53 92 53 25 1 34 2 70 78 83 84 39 63 20 93 17 32 21 12 53 58 22 42 56 76 13 67 54 8 62 29 99 63 91 68 31 73 76 24 97 21 62 60 78 4 97 32 15 87 32 13 10 48 8 85 67 11 52 9 58 65 83 95 30 68 21 60 37 50 96 58 48 11 40 50 9 28 85 50 77 49 92 59 80 56 70 93 80 49 11 83 47 40 33 20 99 92 24 6 94 44 4 41 50 24 11 21 52 23 13 7 67 44 40 85 60 9 29 7 32 86 72 80 73 36 4 95 15 15 64 54 76 77 23 9 29 44 55 6 42 85 62 97 20 26 33 49 31 70 12 66 18 23 72 39 9 3 95 27 99 73 26 9 78 85 81 56 20 68 26 63 83 49 51 40 29 16 61 63 67 52 59 42 61 50 32 98 28 46 28 18 68 19 67 7 7 39 77 57 83 2 9 38 64 61 44 42 40 82 55 99 64 18 28 8 23 91 3 84 78 61 9 32 15 20 62 45 39 70 21 42 7 58 33 57 14 43 79 93 55 87 37 5 83 68 50 26 13 24 44 54 65 97 59 93 91 41 49 14 43 47 24 23 36 52 54 17 75 20 24 8 67 1 92 46 13 24 86 63 58 76 77 69 18 46 17 3 12 6 43 91 54 22 27 90 58 28 10 58 70 27 12 46 92 66 66 22 14 33 79 82 87 27 33 83 91 1 21 32 77 31 15 30 53 51 2 32 89 52 53 45 55 69 89 96 53 17 30 15 41 83
