20 500 42172 140.11
66 98 71 61 71 59 65 84 76 91 81 67 93 33 74 80 78 96 66 22 52 78 97 65 31 31 6 96 58 86 92 95 60 31 34 47 50 82 17 59 57 92 87 34 70 73 77 81 63 22 90 58 85 16 46 60 57 60 40 96 89 85 43 5 21 99 85 95 88 25 25 96 8 16 86 19 13 80 65 54 74 2 13 62 37 74 5 86 84 41 33 24 69 73 2 41 48 40 63 55 3 21 96 76 52 33 17 93 82 45 39 85 26 87 93 23 72 5 47 21 14 21 78 10 40 91 49 50 89 81 68 46 78 46 93 65 44 67 51 55 28 79 58 68 5 20 58 44 42 8 75 25 30 29 73 36 57 30 12 9 7 51 48 92 60 52 83 85 47 78 61 31 13 51 3 56 14 50 76 37 45 36 86 77 90 3 28 47 17 20 7 36 10 36 24 27 57 98 80 71 62 63 9 43 47 99 50 58 69 95 3 77 22 35 28 82 24 2 8 31 59 88 88 6 95 85 71 38 66 25 80 34 73 16 27 16 49 13 78 5 42 55 39 67 45 19 19 35 1 63 4 3 72 61 49 11 41 69 27 7 98 45 10 62 29 33 23 14 79 93 2 82 71 1 64 76 17 1 15 63 29 6 38 47 60 4 84 7 18 62 77 19 1 29 60 71 24 33 30 80 82 85 25 3 43 27 27 87 7 12 78 64 48 57 35 76 43 72 70 20 69 30 89 92 24 25 95 81 8 55 33 34 46 79 82 89 93 46 74 2 26 89 8 15 57 59 46 2 57 2 27 72 99 52 80 24 79 3 58 87 36 27 44 78 88 57 6 17 5 97 22 93 22 25 59 74 31 36 80 65 87 74 78 33 28 51 93 51 57 41 27 14 43 31 7 1 26 30 66 53 76 74 48 47 99 95 74 90 29 85 66 39 14 64 91 77 55 89 38 28 25 36 89 80 82 93 12 79 65 42 93 64 90 98 92 86 75 15 57 34 60 7 63 82 64 38 58 81 39 16 51 86 41 89 93 17 48 22 98 79 14 97 63 25 66 16 62 49 76 26 26 37 97 65 3 43 25 52 86 94 17 52 5 75 87 6 78 80 38 9 17 65 65 28 95 57 97 70 88 22
61 84 88 56 89 87 16 25 88 79 97 86 27 92 73 69 38 56 3 99 41 78 87 53 92 31 58 58 18 86 81 15 9 91 70 33 87 94 48 93 54 29 30 28 36 37 44 37 59 53 83 95 23 88 14 88 94 87 18 17 34 95 49 21 40 92 82 66 9 53 63 50 54 75 9 90 67 45 11 5 7 21 50 88 4 41 77 47 23 41 90 23 45 65 72 67 56 30 39 26 32 65 29 22 8 57 62 59 30 43 13 37 20 23 67 18 95 60 27 75 23 16 29 1 64 14 48 16 13 32 57 48 14 22 69 79 77 85 71 20 64 43 11 63 94 94 53 83 82 26 8 84 27 25 64 16 91 59 85 76 8 97 79 68 17 91 63 33 15 98 85 86 73 47 73 22 51 12 92 15 67 30 17 83 72 42 92 94 71 42 13 60 98 45 65 52 84 70 82 29 23 62 85 19 71 22 4 49 55 57 80 40 97 27 48 99 95 94 1 51 56 71 26 63 15 38 56 15 51 99 24 96 89 59 87 10 95 14 99 9 80 78 94 19 27 84 52 61 53 4 99 89 82 69 14 12 22 36 50 65 96 10 23 88 4 14 46 71 8 14 5 59 37 92 31 63 80 47 21 73 12 96 69 2 25 34 41 26 47 34 93 23 70 30 30 12 6 47 56 73 29 71 66 7 16 86 46 3 77 14 35 39 96 80 71 55 53 49 41 32 83 94 96 77 34 56 23 94 95 83 2 23 68 3 17 47 2 34 38 2 64 87 51 88 63 4 85 33 26 76 33 78 83 34 71 86 87 52 88 54 38 26 55 56 62 47 71 77 52 62 84 75 81 72 23 50 11 68 97 38 84 43 47 64 71 75 70 17 10 76 54 44 17 65 38 95 12 2 62 67 51 33 31 33 54 66 62 78 20 17 35 4 97 55 58 90 24 44 89 4 99 67 30 58 81 17 98 98 2 62 24 2 96 68 26 73 68 62 93 73 88 23 49 77 65 20 5 45 25 46 32 47 87 9 40 87 52 25 20 76 85 59 12 34 53 22 44 38 16 40 16 71 48 39 36 20 75 59 72 52 19 9 84 48 65 88 82 21 58 59 20 1 57 39 53 22 25 22 10 99
96 81 69 91 16 95 54 88 56 67 5 98 56 60 77 59 1 60 73 82 88 21 15 94 29 1 77 93 74 86 36 38 50 19 61 71 19 58 90 44 29 92 45 88 46 97 21 51 54 98 77 25 97 83 93 1 26 33 49 37 25 7 74 38 57 84 53 6 99 69 73 28 36 11 24 15 82 59 23 95 49 25 63 93 91 27 9 16 4 78 28 24 35 95 55 44 44 17 59 30 82 17 3 36 79 77 36 16 23 89 3 57 11 2 22 15 17 31 65 17 71 2 50 53 49 39 26 11 9 66 67 29 2 25 4 92 44 26 55 89 93 15 56 52 4 13 48 55 12 58 9 57 92 69 23 41 73 37 81 81 69 8 85 9 39 96 13 21 5 14 40 4 22 28 27 76 52 22 96 32 4 36 7 7 3 87 87 93 15 6 47 71 9 69 74 36 83 16 49 96 25 33 20 2 28 57 70 44 10 7 30 62 22 2 38 34 91 78 97 89 25 23 95 53 4 54 49 31 70 1 53 40 94 53 1 62 73 93 82 20 38 26 3 60 92 52 91 19 5 51 29 22 33 83 58 71 59 21 75 27 94 39 71 99 70 73 38 70 26 41 57 84 98 31 66 56 53 85 34 4 19 74 84 18 18 41 84 23 32 89 30 75 48 74 63 1 50 36 86 84 33 65 15 11 2 54 47 19 28 80 46 48 59 31 34 14 85 39 46 65 13 49 57 8 8 76 36 68 46 36 97 20 20 14 56 80 34 98 58 80 14 37 34 7 77 98 98 20 80 87 84 36 5 23 49 31 73 57 13 32 95 41 24 64 84 30 96 96 82 14 18 13 62 7 54 95 10 83 75 31 38 90 85 75 91 23 46 98 99 11 35 19 90 94 20 19 11 82 71 31 10 50 28 60 13 47 92 64 89 67 22 78 19 9 25 73 78 53 98 69 1 33 15 52 64 96 83 70 31 64 28 43 28 6 62 82 93 46 64 49 77 59 93 21 71 36 3 30 18 98 73 55 92 56 24 98 44 21 36 25 50 28 67 36 38 30 2 30 17 71 34 33 42 59 74 44 63 80 36 75 85 45 14 2 63 4 70 71 32 15 62 86 9 85 32 77 49 17 35 82
80 44 35 98 44 22 84 61 59 99 62 91 32 66 96 5 83 88 89 7 66 52 11 73 77 36 82 81 88 93 47 98 71 4 49 93 5 68 74 18 17 35 27 83 42 17 31 55 45 55 55 66 83 26 23 50 19 36 30 72 58 15 55 73 8 4 73 55 82 41 15 92 91 66 33 50 98 72 11 50 64 88 87 59 63 85 57 29 58 4 85 6 1 30 85 56 96 95 79 72 41 99 40 88 60 25 56 27 26 73 85 34 87 42 67 49 47 87 78 62 69 78 47 63 77 17 59 53 89 28 37 13 14 42 16 6 92 72 49 62 19 94 37 39 53 58 99 4 59 1 86 88 42 42 88 23 37 33 88 4 22 61 40 68 17 9 37 26 54 20 99 21 47 61 11 28 14 51 55 74 44 41 82 10 7 56 33 23 44 79 82 88 62 33 57 30 31 45 93 36 1 22 6 45 55 29 72 51 21 10 31 49 49 45 14 1 99 50 37 27 21 55 86 94 49 31 40 27 63 81 74 56 32 51 96 10 82 26 10 68 8 1 16 99 51 6 78 73 94 73 31 95 85 6 50 1 31 22 49 48 90 35 66 55 88 10 40 44 20 13 19 91 91 8 36 54 88 39 35 82 91 17 77 5 65 19 67 5 31 62 81 92 77 12 5 35 9 77 89 83 20 15 11 29 14 18 91 56 20 8 47 76 44 28 44 6 24 14 24 67 28 23 14 19 18 70 70 9 44 82 52 81 3 26 82 68 42 76 29 90 64 75 48 86 47 54 71 3 18 34 64 68 33 93 61 4 71 51 22 42 88 77 48 98 85 20 7 21 41 65 20 22 56 10 7 48 57 21 10 96 71 32 41 2 8 24 11 21 1 79 83 23 45 56 7 54 63 19 6 3 69 9 50 72 69 58 85 98 69 36 24 91 22 78 93 58 22 28 31 3 81 52 98 99 10 20 20 82 8 83 24 21 7 45 73 58 72 77 99 53 36 35 70 66 8 99 48 15 17 35 87 34 47 39 54 40 84 53 94 54 94 91 57 13 99 41 12 69 64 74 7 75 34 5 13 15 80 93 52 49 12 32 45 73 39 61 93 62 99 75 32 35 70 98 12 81 83 82 18 7
83 94 33 99 66 86 79 92 84 85 94 7 13 37 26 92 79 79 37 50 79 21 85 52 32 47 81 44 3 23 18 3 85 21 44 77 90 39 16 67 80 8 66 30 19 12 80 12 58 76 76 36 1 77 84 98 6 64 83 12 54 3 73 40 73 74 67 57 12 68 10 81 29 82 98 51 72 27 91 22 6 6 40 51 72 45 16 37 71 47 86 69 38 55 62 46 67 55 19 66 47 38 15 11 41 89 97 37 58 52 75 46 58 17 94 8 38 97 95 71 53 58 68 81 44 90 8 3 18 87 95 62 65 10 86 98 59 61 39 11 91 81 20 31 68 75 47 63 97 71 89 41 28 47 39 49 77 74 57 75 70 18 29 34 54 41 80 69 12 95 87 58 69 15 84 11 58 19 25 12 46 23 98 5 92 80 73 71 28 84 58 68 11 30 46 56 61 80 14 5 73 38 65 96 1 50 13 77 5 58 13 28 42 85 97 40 6 4 26 65 7 52 61 25 23 91 8 26 34 45 89 63 22 46 33 29 25 15 66 67 8 25 19 95 58 37 46 4 95 87 11 28 18 14 94 90 68 29 43 82 10 98 56 91 48 63 77 33 7 5 63 58 52 61 46 92 91 66 89 18 82 63 70 17 37 25 70 69 34 32 8 58 49 30 44 57 87 20 77 45 50 5 78 90 68 71 19 18 13 66 99 60 59 91 63 35 89 91 49 7 46 41 63 94 95 68 42 23 33 93 55 97 20 29 60 42 5 80 11 11 43 41 63 37 39 69 47 73 49 24 51 28 52 38 16 96 8 35 8 1 32 14 34 70 60 16 42 87 16 50 56 95 36 7 4 19 67 40 82 17 83 23 56 41 91 76 66 61 47 45 39 99 74 6 44 36 86 68 70 8 70 38 95 46 50 70 11 77 74 4 20 71 57 51 14 76 31 42 6 41 45 44 71 1 50 76 96 60 20 62 8 78 13 18 57 83 71 95 64 7 76 3 84 19 82 33 7 68 24 80 43 68 21 58 96 87 32 42 74 65 52 27 33 66 8 91 64 64 46 76 51 39 69 72 30 34 34 12 91 56 74 4 29 10 69 12 75 65 46 29 42 40 70 82 55 85 66 42 91 50
62 32 22 55 21 39 82 63 98 85 89 29 44 89 66 69 89 75 77 76 77 3 7 54 24 96 86 62 28 31 76 84 40 16 2 78 16 16 62 51 59 67 25 23 33 30 36 31 32 57 82 53 88 77 69 29 90 70 19 83 64 30 94 15 69 45 4 87 55 39 36 61 99 82 39 42 71 95 66 65 85 32 33 29 62 1 84 47 61 13 61 55 75 13 99 47 65 83 34 29 12 5 87 93 50 62 59 71 42 63 31 81 53 94 75 25 78 28 85 66 86 25 33 64 93 70 71 48 46 58 86 71 40 57 18 76 96 91 28 67 98 29 16 92 38 64 26 53 10 80 21 33 26 75 54 39 82 46 3 28 37 27 36 58 81 5 31 11 44 59 32 72 20 84 51 5 82 71 55 27 93 24 23 67 96 56 41 8 34 59 19 67 73 74 23 80 46 8 23 21 20 54 63 14 44 52 8 23 13 42 41 26 15 15 5 38 21 55 80 50 59 76 26 71 47 20 61 91 93 59 33 50 61 52 24 12 37 6 51 5 1 42 54 22 95 19 9 92 72 19 56 7 84 41 56 28 41 7 12 17 53 75 85 75 38 54 16 77 92 47 17 32 55 41 33 99 83 88 7 61 1 5 2 86 30 68 76 7 30 2 6 52 76 55 45 59 46 96 27 13 39 99 53 48 75 49 90 5 22 54 60 46 28 60 8 99 19 82 12 63 95 44 40 92 76 24 37 28 71 96 84 55 69 16 69 43 49 81 65 81 54 17 44 9 15 24 9 72 90 95 22 31 54 71 75 84 19 99 50 7 32 17 23 74 39 61 2 48 82 39 51 67 23 37 4 7 81 5 39 98 53 74 1 8 88 42 2 45 24 44 6 86 54 34 15 26 37 81 19 40 94 12 22 74 18 78 79 71 98 73 71 68 96 11 89 50 12 47 96 28 59 29 40 62 32 67 40 3 44 51 6 48 99 18 22 4 40 49 17 48 97 24 70 55 26 22 15 16 28 55 96 79 49 76 63 7 89 44 72 10 70 48 34 24 40 34 63 15 47 37 3 81 75 34 27 99 10 91 23 8 59 97 71 82 41 17 72 22 25 5 81 19 81 46 71 49 68 34 74 76
71 41 78 5 89 93 62 50 72 48 75 80 10 70 44 95 90 21 57 68 19 92 72 10 60 50 54 29 94 19 9 94 99 78 23 8 49 96 74 94 94 27 86 72 56 79 74 63 74 23 47 88 81 5 95 68 52 1 53 14 22 73 15 85 95 95 86 64 72 62 81 46 30 25 83 72 87 5 19 28 50 4 70 63 93 80 99 98 62 87 73 4 8 15 45 50 75 78 62 20 99 49 69 79 36 98 12 10 35 86 45 45 54 23 99 38 53 64 64 81 93 35 13 95 11 62 58 97 66 30 13 84 10 96 81 53 59 66 72 17 1 62 39 11 53 3 61 7 52 12 57 68 51 37 95 50 95 9 30 42 74 18 64 53 24 76 46 82 40 47 43 96 93 75 30 74 45 92 10 19 79 97 66 30 31 78 83 55 3 48 57 89 67 66 68 45 76 35 80 53 48 41 64 33 91 49 66 54 72 91 69 24 91 22 19 66 47 25 35 6 53 33 62 71 66 19 87 41 96 58 50 28 35 30 21 93 78 1 41 11 44 94 10 10 82 26 27 22 44 32 68 43 15 55 98 35 21 26 15 22 6 27 17 13 82 62 44 55 36 51 31 39 99 32 73 56 28 13 26 99 89 47 27 85 41 51 13 25 17 42 2 90 59 88 80 72 26 64 92 41 22 10 2 51 55 82 13 45 25 77 34 80 25 86 24 88 36 21 86 42 18 57 4 58 12 71 39 97 60 49 81 83 66 8 85 32 59 26 43 31 30 81 43 40 8 53 57 74 80 56 77 57 2 95 48 27 33 15 74 59 54 54 28 84 58 19 72 14 38 12 43 33 66 10 54 61 43 61 23 78 87 88 13 1 61 51 85 71 70 99 78 97 55 56 83 13 19 3 61 73 29 30 78 71 71 20 13 14 45 37 75 32 19 82 77 38 6 72 10 14 58 93 2 60 98 47 67 38 55 24 32 71 70 44 81 4 27 16 61 48 60 84 30 56 31 89 27 23 8 85 78 69 38 85 64 21 97 23 77 56 70 40 21 45 2 20 17 84 19 74 44 26 19 86 65 92 40 49 8 43 78 69 11 41 86 35 21 85 19 63 88 6 68 8 34 91 73 55 57 68
83 45 94 33 76 95 22 88 96 66 81 67 19 90 96 99 17 28 66 37 34 99 96 97 91 32 97 55 15 84 97 12 20 82 21 89 57 87 99 67 77 79 66 99 14 93 83 87 74 45 89 10 75 12 15 32 78 21 74 54 15 50 55 32 75 91 72 11 66 4 80 86 67 92 82 41 53 95 1 32 35 20 63 55 34 49 58 67 2 44 8 44 5 61 84 44 36 15 54 51 20 66 93 38 93 4 29 22 9 44 82 31 62 47 73 16 45 63 30 2 68 23 84 31 13 97 22 55 95 97 47 47 31 86 53 44 24 32 59 50 59 38 51 10 3 21 68 74 88 84 27 54 72 72 12 8 77 66 26 81 59 18 58 48 31 87 33 12 77 93 55 22 26 60 97 12 95 56 23 35 71 56 33 12 62 64 56 4 95 13 29 6 96 68 89 53 51 17 80 33 73 94 88 4 47 36 56 75 9 90 59 49 76 61 3 40 4 58 66 25 28 21 51 91 80 43 13 46 51 13 25 91 74 15 32 16 77 55 85 91 68 92 73 89 72 1 32 74 99 16 71 86 17 11 56 48 31 76 10 34 55 48 83 11 20 40 91 16 53 94 40 54 63 25 16 60 87 93 35 21 1 83 28 48 93 33 41 13 86 46 3 46 81 35 37 35 82 13 9 61 91 82 8 66 78 18 56 79 41 72 48 58 34 4 68 18 41 58 37 66 7 1 25 41 43 77 14 9 47 2 50 47 41 12 3 46 29 51 91 71 94 12 28 28 55 13 19 83 28 38 61 60 22 82 78 11 10 23 32 49 24 75 48 76 35 80 59 64 6 86 86 98 37 69 1 6 27 88 46 36 72 42 45 91 59 64 89 84 85 26 80 58 75 53 95 89 12 54 42 57 6 64 27 15 70 56 9 85 32 23 64 76 46 6 43 83 95 64 62 7 13 61 37 33 41 41 40 69 18 41 83 28 67 95 64 90 67 96 10 68 93 56 83 80 27 33 4 63 45 30 49 48 40 96 43 5 45 74 59 27 92 68 62 81 38 86 25 69 78 40 21 3 42 22 21 78 10 55 64 31 30 20 18 15 92 53 8 71 24 45 48 19 58 9 58 16 23 41 18 37
15 96 88 61 73 63 41 19 43 69 29 16 70 41 48 13 49 76 83 96 94 48 53 11 63 42 30 31 84 96 61 33 61 67 2 68 15 79 2 31 40 85 92 58 51 85 95 93 12 71 50 90 5 53 38 27 62 48 96 81 54 94 64 85 41 69 22 49 6 3 55 50 94 54 83 90 73 80 35 91 31 42 69 22 37 67 17 44 68 1 9 42 77 48 54 34 71 99 80 89 32 61 58 1 59 73 70 11 99 84 91 52 26 28 42 90 26 74 46 42 10 60 27 40 65 45 2 34 42 42 32 54 94 85 77 29 10 31 46 85 9 79 64 43 28 76 80 40 80 21 43 81 17 29 15 97 32 92 7 61 68 78 75 32 13 86 88 1 22 69 37 47 28 40 22 93 21 55 62 61 14 20 44 37 14 84 54 65 89 41 99 67 32 26 21 70 69 82 47 29 25 22 70 71 61 87 10 57 86 32 80 57 95 45 31 57 47 45 90 16 37 21 33 29 28 74 15 62 96 2 50 69 12 59 53 39 31 6 9 52 88 66 82 90 74 25 55 6 72 48 5 33 3 79 74 24 96 38 76 50 27 5 2 20 66 39 32 92 18 35 60 59 92 9 41 59 60 79 6 67 66 5 95 37 53 62 64 5 11 73 82 2 7 41 27 45 12 58 22 73 81 6 65 88 12 23 80 43 66 32 32 55 71 9 84 37 5 40 73 36 86 43 4 64 12 52 41 70 1 49 99 71 26 67 48 74 65 42 48 54 97 83 63 5 43 30 93 16 11 38 37 40 5 90 29 95 24 44 47 80 10 96 59 63 61 54 37 51 38 76 32 49 32 99 30 5 48 47 5 46 30 58 29 2 4 89 6 88 63 90 81 10 47 14 31 3 53 91 79 37 41 9 73 9 48 40 67 81 32 51 61 20 73 66 4 22 43 10 54 8 2 5 69 62 37 45 27 34 22 86 21 8 77 64 9 71 56 29 62 48 73 19 33 29 98 94 75 76 17 99 75 4 82 90 1 55 85 69 3 5 70 7 14 67 57 72 72 87 93 86 14 96 25 21 66 74 98 42 28 88 63 78 21 91 10 17 20 8 36 16 3 65 4 57 11 45 98 59 79 96
76 97 99 87 88 36 99 81 28 32 60 44 72 60 33 83 59 67 67 84 78 93 81 56 99 76 71 49 67 68 14 92 94 51 93 60 95 78 7 69 85 83 38 26 69 53 45 38 87 99 22 57 74 56 82 63 4 48 64 59 89 81 45 90 37 92 5 21 82 76 79 33 75 49 73 87 20 18 97 85 59 72 31 90 78 42 73 99 55 74 58 85 53 70 76 93 77 67 66 20 98 85 71 5 27 44 46 33 30 70 11 65 40 49 18 24 47 96 69 48 45 80 40 98 11 52 86 89 33 8 59 50 94 68 87 34 24 99 23 54 73 68 73 32 63 17 13 1 2 29 38 19 63 36 25 47 41 22 36 52 59 19 67 11 75 33 26 62 76 54 69 59 81 86 83 17 58 9 1 79 83 76 99 79 44 78 36 58 74 47 75 54 73 18 51 7 25 31 61 61 14 25 43 98 50 60 12 58 80 50 84 99 28 44 64 16 56 23 7 82 61 84 58 89 7 10 1 5 76 19 65 5 38 68 59 41 81 67 76 37 80 85 57 86 2 1 35 21 84 48 20 70 15 14 35 54 21 90 91 30 65 8 12 96 67 31 33 59 15 71 20 39 17 62 18 35 38 6 27 69 22 63 31 2 95 45 1 29 42 32 65 11 16 35 64 31 60 94 93 86 93 21 38 20 35 89 31 14 89 51 94 35 2 6 73 83 47 10 71 66 37 72 81 82 78 37 32 74 65 38 68 26 56 27 80 32 94 19 57 60 74 76 9 43 59 27 27 49 1 65 16 37 7 6 8 32 54 15 98 70 55 2 84 57 96 15 79 76 14 16 11 36 62 45 8 34 50 51 83 86 14 76 63 1 67 1 79 86 6 82 94 63 52 41 16 67 88 86 60 34 5 46 81 23 24 72 63 92 1 32 71 70 74 10 18 92 68 67 9 84 19 68 62 32 63 32 55 31 82 76 6 85 72 91 96 23 51 65 46 36 95 26 12 82 29 28 92 16 81 41 80 81 9 69 33 83 16 36 29 36 8 8 17 25 85 85 28 84 16 69 53 37 72 93 30 54 1 59 8 61 18 87 79 68 21 41 13 31 8 98 83 46 86 98 79 92 22 53 37 84
70 21 79 44 62 99 91 58 48 87 48 80 62 9 5 14 73 96 82 65 32 84 63 89 41 55 64 75 25 87 68 27 79 77 90 23 50 84 91 11 68 89 30 35 60 5 55 71 97 26 29 24 81 27 86 53 71 77 82 2 81 22 3 45 52 18 96 85 78 7 64 45 72 22 82 1 28 93 45 33 52 76 15 12 69 56 33 76 73 35 23 46 92 93 24 4 66 11 71 10 12 20 9 52 52 28 97 56 6 67 70 16 91 26 37 48 21 7 13 40 28 79 40 13 96 74 42 73 79 68 6 10 51 61 43 40 91 99 17 89 53 81 37 34 47 57 22 97 84 19 26 39 41 4 66 53 1 33 11 69 57 32 1 45 61 10 23 56 88 43 18 61 7 20 57 73 91 43 5 52 14 95 72 43 32 7 75 11 43 74 97 4 23 76 36 65 77 12 41 67 15 52 3 11 8 69 83 78 44 48 74 10 25 37 74 23 74 38 59 6 70 87 63 6 13 99 19 80 6 28 35 73 24 42 2 36 10 51 64 85 66 27 20 1 67 25 73 7 77 35 82 38 70 15 13 31 42 42 80 70 12 37 52 21 41 45 32 67 54 74 51 29 79 20 15 21 56 52 30 39 13 57 29 34 51 49 28 5 26 31 30 91 18 30 83 86 80 6 6 50 36 22 39 40 77 88 16 17 28 60 50 39 27 44 79 56 99 93 56 34 55 94 81 32 36 31 75 8 25 87 16 58 73 30 32 44 86 77 36 78 74 28 21 72 87 4 46 33 51 99 21 55 5 66 98 39 58 99 42 24 77 16 46 44 21 1 29 73 46 48 44 65 63 47 40 35 87 23 21 56 11 14 69 31 45 41 67 49 66 39 69 44 98 62 51 85 56 68 34 61 95 32 90 21 96 45 99 67 48 89 54 49 47 67 12 90 71 18 98 1 28 77 66 30 33 78 50 86 38 67 9 45 61 60 32 36 69 60 69 33 50 79 27 71 37 4 13 96 45 50 81 38 48 10 13 9 71 57 82 93 93 25 42 15 46 91 7 29 25 3 80 56 42 82 43 66 87 10 17 43 43 15 9 20 45 67 16 7 75 42 17 48 15 88 21 66 70 59 47 65
94 71 88 54 79 87 27 76 94 90 52 45 62 96 70 95 66 38 74 24 95 37 21 55 26 86 27 85 65 22 99 40 15 75 97 51 73 83 77 59 22 36 6 77 64 5 76 94 98 31 76 75 20 89 2 83 98 58 41 57 7 69 72 33 66 37 91 27 61 92 46 41 37 15 70 28 48 60 1 41 30 87 5 45 48 13 5 60 3 15 71 57 81 78 73 90 20 14 82 41 2 77 73 58 52 19 26 95 97 23 14 39 70 74 37 82 63 54 20 31 60 15 69 60 59 77 11 26 13 37 35 70 65 34 19 95 74 2 55 27 29 31 70 94 59 31 34 77 57 36 95 71 43 70 94 69 81 48 89 9 39 40 48 88 74 33 51 96 32 6 31 69 69 38 67 79 18 80 20 1 19 3 6 52 59 37 35 18 76 23 12 32 26 36 41 84 14 89 23 51 9 33 90 21 87 59 34 27 45 4 23 82 6 81 84 55 26 36 15 28 95 62 4 5 50 73 52 27 79 25 10 16 81 25 65 59 81 55 30 71 87 45 40 94 34 92 76 94 99 55 25 46 81 23 15 21 43 2 6 94 61 47 12 6 64 89 1 61 17 33 97 28 99 39 23 30 73 8 27 2 48 3 49 22 19 9 73 65 7 87 39 55 73 18 32 6 14 61 58 52 17 99 26 97 90 24 44 84 54 41 78 24 16 9 49 58 75 5 62 57 13 17 4 14 7 94 33 29 58 65 22 76 48 2 45 79 48 99 18 81 3 21 21 90 35 32 1 40 29 21 39 11 21 66 32 60 87 78 58 49 94 14 85 40 63 48 54 48 4 71 62 49 43 24 36 38 63 39 85 60 19 9 63 75 27 49 41 53 31 45 37 74 49 89 68 56 9 22 99 64 65 41 39 13 48 30 63 60 12 95 26 50 66 21 1 91 80 39 56 90 25 42 46 7 8 66 53 58 35 27 84 26 54 86 2 43 9 49 55 75 62 43 66 54 95 36 41 2 8 26 71 51 39 43 16 53 30 92 72 31 57 57 87 2 10 30 99 91 36 42 85 5 32 33 48 42 68 64 68 57 70 36 36 13 37 55 70 85 10 94 11 87 38 94 65 70 49 10 69 24
42 86 28 97 96 29 66 31 28 16 28 34 41 29 61 81 46 12 84 59 74 44 96 99 65 76 17 90 57 73 53 93 10 97 54 41 91 44 40 38 99 17 85 37 87 53 41 51 73 9 84 66 15 40 19 91 70 7 29 5 24 92 48 77 64 72 50 87 65 34 42 31 70 18 27 96 77 19 55 2 4 92 37 88 22 42 78 67 41 36 28 98 30 81 92 53 74 60 15 64 35 97 91 29 13 45 41 62 62 63 32 20 29 2 91 69 76 70 89 96 95 64 12 43 22 69 46 43 87 25 14 98 3 29 24 93 58 8 89 87 43 22 58 57 77 78 72 72 37 9 46 41 43 59 13 96 56 30 11 12 82 58 48 34 97 6 2 71 91 11 6 53 73 84 68 25 40 77 33 66 97 60 5 26 15 34 20 79 91 50 14 61 46 39 42 50 14 22 67 77 48 71 16 29 13 80 70 84 22 69 29 15 85 28 54 12 80 19 39 72 92 96 88 43 58 64 54 4 55 57 64 43 90 24 74 2 92 92 49 26 95 44 23 35 72 24 77 85 31 46 33 54 35 71 90 54 75 72 41 3 16 26 58 1 13 53 17 93 69 89 24 29 27 10 6 60 92 82 42 55 37 9 94 61 51 56 95 97 44 70 27 54 46 62 96 9 95 14 26 1 79 65 87 65 26 82 36 21 93 21 9 46 69 98 23 28 79 9 66 45 48 72 75 57 43 76 84 48 55 18 46 86 42 2 96 77 1 64 72 62 78 67 87 12 48 63 70 38 88 88 55 10 5 55 11 40 85 76 87 31 7 34 11 23 56 82 66 89 40 44 49 38 87 22 5 32 90 48 20 80 83 36 50 51 18 2 90 20 12 65 29 76 79 8 86 27 11 7 63 17 26 85 60 43 27 3 63 41 96 11 58 76 31 80 25 75 47 8 90 67 57 16 91 7 37 83 50 76 15 93 98 89 7 40 73 83 36 86 60 69 63 82 42 33 55 64 93 92 7 9 89 65 79 11 89 65 77 4 59 99 5 95 60 63 55 41 10 72 76 85 58 31 75 47 33 29 26 73 40 74 44 34 36 78 41 23 7 12 37 3 96 50 94 39 78 83 69 50 68 59
64 33 33 62 64 79 55 93 77 46 29 59 76 21 74 20 47 79 8 53 52 16 78 70 35 80 21 15 89 23 73 89 50 58 49 33 25 25 20 44 2 26 90 94 31 93 9 79 50 93 60 93 28 71 57 67 37 73 65 74 44 52 80 30 77 92 46 86 62 84 47 87 4 66 16 22 14 43 92 85 20 47 90 55 52 72 42 27 82 96 16 67 5 52 12 5 4 52 46 73 50 97 57 18 83 65 21 90 43 80 29 35 71 63 63 93 24 35 36 74 29 62 99 70 96 78 60 81 32 72 18 65 4 39 26 76 61 20 93 50 51 25 54 42 58 55 44 26 93 96 84 63 56 8 79 20 83 65 63 61 22 43 66 79 55 84 17 75 68 23 79 30 15 77 76 4 27 16 43 69 5 74 30 87 18 14 66 68 6 27 35 95 75 21 68 74 13 74 47 57 90 20 5 89 79 16 32 53 33 14 33 78 95 44 38 59 1 25 68 10 1 84 41 81 62 16 17 59 69 69 13 76 55 19 53 16 89 25 20 12 34 51 45 4 54 80 28 51 48 54 78 19 74 95 66 32 40 63 37 83 45 80 17 63 73 20 40 25 52 63 38 49 21 63 87 44 83 24 30 20 90 75 11 57 53 41 75 26 3 61 52 90 13 7 11 93 40 39 75 7 19 28 56 9 70 5 19 87 55 83 53 72 12 31 33 6 21 12 62 86 64 78 87 4 72 14 72 90 96 98 16 3 20 46 84 20 38 68 96 56 37 88 2 99 11 94 52 21 6 79 41 98 2 56 28 41 40 72 13 97 53 52 74 88 12 12 37 72 36 85 36 16 54 90 38 85 88 12 51 15 75 19 59 68 32 14 28 18 53 7 99 39 27 97 52 11 72 29 44 61 74 33 83 91 55 19 43 80 65 58 16 47 31 43 41 94 78 29 17 60 69 64 14 90 36 85 53 51 97 32 99 70 38 14 1 15 52 4 24 16 89 88 95 8 63 87 57 62 40 79 1 19 7 47 90 92 50 29 56 40 50 90 27 95 52 17 1 63 9 42 22 32 49 54 50 86 56 67 18 51 35 63 85 10 75 70 7 4 72 30 53 88 84 47 8 11 76 36 36 53
79 73 81 52 73 77 73 46 1 99 68 95 27 47 89 16 68 46 50 35 20 91 7 81 38 62 6 96 59 24 79 66 33 62 67 66 62 65 37 78 12 55 59 95 78 10 57 10 66 8 30 40 49 14 78 99 26 63 45 59 47 48 77 36 13 72 11 67 48 60 7 88 93 90 19 53 49 55 3 79 77 95 18 56 71 67 55 73 24 85 48 56 70 70 81 73 92 93 14 91 82 22 83 40 57 89 60 74 39 85 33 46 56 62 62 58 10 18 28 44 19 95 35 80 4 21 52 5 13 65 5 34 47 63 15 42 10 50 61 60 75 75 22 70 44 85 5 52 36 58 99 75 76 95 65 67 15 89 75 15 8 54 41 48 60 93 52 13 10 3 72 13 36 93 20 60 25 62 28 64 93 30 35 69 52 10 13 33 15 57 2 22 8 49 2 89 36 22 73 59 96 57 12 26 98 36 67 72 48 86 7 81 66 91 4 20 69 51 71 46 84 52 73 87 73 23 73 7 47 16 1 93 60 43 19 68 64 58 61 80 90 43 83 96 57 46 47 48 25 16 11 68 29 85 92 14 85 59 47 38 43 1 55 79 93 64 81 48 23 29 17 77 26 5 1 98 16 48 31 21 25 81 41 33 31 2 37 66 22 59 47 46 1 41 22 58 82 66 59 68 6 89 37 13 1 28 97 88 26 77 95 6 3 30 53 63 35 54 19 6 20 56 3 97 85 97 75 74 87 6 12 44 25 36 1 89 75 52 3 6 80 62 89 73 48 12 27 19 57 63 7 8 76 34 93 19 49 61 36 35 47 11 25 34 42 76 57 24 68 44 62 91 28 79 50 79 8 9 56 56 95 58 33 91 43 35 93 86 64 83 91 82 84 68 47 76 98 98 9 50 13 25 7 72 93 33 14 16 82 55 31 4 67 55 68 8 12 2 3 20 16 20 7 50 33 18 78 98 20 19 18 88 66 73 7 62 26 99 76 43 24 38 3 65 21 65 63 72 91 19 69 96 5 47 7 20 13 10 60 85 53 59 37 21 83 2 66 11 88 4 80 63 46 71 97 82 88 32 98 37 88 26 4 45 24 27 1 68 94 62 22 21 78 71 98 19 46 20 95 35
99 6 99 90 88 36 17 38 40 82 60 20 96 71 32 80 91 86 44 12 98 55 57 4 88 95 64 79 89 7 46 72 56 67 71 2 40 2 66 29 26 97 71 31 98 65 89 4 69 36 21 89 51 76 89 13 79 98 85 90 71 74 26 10 99 41 96 55 4 97 95 18 51 54 16 71 75 46 95 16 66 55 61 86 43 46 70 68 73 92 13 37 42 54 38 13 34 88 43 96 2 3 10 75 55 18 71 62 95 92 39 54 81 72 90 87 90 62 4 36 30 54 87 64 35 91 88 12 70 16 65 70 16 12 50 84 12 96 76 85 66 77 64 45 35 4 91 37 11 66 31 87 30 44 47 16 53 68 3 47 59 63 89 5 51 67 67 24 99 92 76 24 71 80 40 89 2 13 27 38 18 17 69 7 56 20 61 16 22 42 48 90 54 8 24 44 71 78 69 48 27 71 17 85 5 20 68 50 16 90 29 19 13 31 1 1 64 31 67 85 63 41 22 10 53 35 97 19 10 4 82 64 41 68 65 32 65 76 87 89 84 21 44 14 91 59 34 22 87 3 60 26 82 68 15 24 86 55 79 9 57 72 18 18 42 59 91 61 87 21 99 32 33 7 33 80 45 89 91 89 57 8 35 15 19 1 4 73 33 31 68 55 46 92 6 4 43 31 50 6 18 43 12 84 95 70 65 6 14 38 67 16 48 7 32 74 11 15 63 84 41 91 41 60 5 32 41 10 5 31 30 82 74 34 59 46 48 80 16 78 50 32 46 71 20 26 37 50 40 59 60 54 73 58 19 26 57 76 26 75 49 73 96 24 95 22 25 39 14 80 18 26 43 62 26 57 42 79 94 44 1 79 41 97 63 35 75 34 73 43 27 29 21 48 64 75 19 50 49 8 88 22 6 10 15 91 85 77 2 76 94 37 6 56 41 72 16 96 90 83 4 48 44 4 67 13 94 78 43 11 67 1 74 22 69 73 60 6 3 44 31 57 9 40 59 40 61 40 43 84 31 33 64 11 55 25 46 85 38 13 42 25 16 36 41 45 75 96 50 84 18 20 79 5 26 20 61 7 57 4 5 92 3 87 82 73 54 13 26 92 62 66 9 24 13 52 32 36 5 12
32 20 83 6 53 52 89 25 35 13 46 89 70 64 88 56 93 96 65 24 5 66 7 34 98 59 55 54 51 53 81 26 84 32 67 82 73 72 95 74 82 77 72 39 31 71 22 81 4 52 27 28 72 69 3 54 65 91 55 67 61 49 77 62 15 54 73 86 69 79 86 15 14 1 53 82 2 59 98 68 91 13 70 47 68 83 93 74 73 55 84 42 95 16 92 86 22 47 35 62 44 31 11 96 24 4 84 50 36 84 76 79 87 91 84 42 28 99 27 5 31 9 25 86 56 12 54 39 83 34 39 89 82 17 55 76 33 65 25 29 1 5 25 36 37 49 60 51 32 12 9 27 40 33 74 5 78 22 66 68 83 12 29 84 59 55 25 11 3 85 94 50 68 91 42 59 79 11 81 71 32 64 56 92 81 39 10 58 8 70 90 35 24 39 39 30 42 73 58 45 92 88 51 74 21 2 93 75 35 3 76 17 76 42 40 42 43 63 8 4 83 79 94 34 5 26 54 34 57 60 58 33 2 10 47 60 37 43 20 33 24 97 27 63 36 93 29 48 83 6 40 37 1 85 84 3 35 74 52 76 5 22 14 19 93 35 47 54 46 76 62 34 42 82 1 93 45 69 40 38 57 25 85 10 4 23 41 26 39 84 85 17 59 69 49 59 76 19 87 12 61 38 16 6 7 83 65 52 93 70 48 18 15 29 6 90 89 20 80 49 64 89 23 13 40 10 52 73 81 44 16 86 52 58 37 69 10 37 57 19 77 27 61 5 34 56 42 79 32 12 34 44 58 57 69 47 68 40 74 22 41 2 29 47 26 99 20 32 73 39 98 38 16 54 8 27 68 93 36 34 87 60 62 81 68 33 88 90 84 90 3 33 92 20 70 29 42 78 69 75 2 83 99 42 67 88 72 13 54 71 47 38 74 64 46 66 6 90 94 77 60 28 12 74 72 7 35 8 63 95 88 92 35 65 12 59 7 20 13 17 2 98 65 57 29 26 98 92 78 85 90 63 16 2 43 83 72 76 81 99 60 44 71 56 71 11 80 36 75 7 79 86 30 52 31 18 15 5 93 90 66 7 36 25 84 39 60 80 33 12 78 38 3 18 86 34 2 1 24 24
91 89 98 94 85 24 55 56 94 47 91 80 58 76 87 65 58 45 4 65 20 85 93 47 97 96 88 59 17 65 37 97 40 90 98 85 77 62 66 69 57 2 17 97 40 82 70 99 72 82 83 92 93 64 48 12 62 53 64 62 23 83 71 80 46 22 27 48 60 87 47 40 90 98 50 74 29 57 63 94 77 66 20 54 47 64 76 17 32 94 69 58 78 95 75 24 30 54 66 21 61 32 5 87 70 80 51 18 34 78 79 55 34 64 48 67 21 58 20 54 95 42 40 44 63 49 43 80 12 95 28 37 66 54 22 70 72 98 47 84 2 27 92 56 48 49 29 6 18 84 7 61 84 95 17 84 92 23 29 84 61 44 40 1 63 37 42 10 73 9 89 7 96 51 16 25 22 61 14 77 8 84 92 62 21 23 41 20 17 86 92 65 28 20 55 3 92 39 13 32 47 32 16 51 30 54 2 77 18 17 38 95 15 9 22 53 59 71 57 28 97 22 89 9 36 96 92 93 19 47 26 39 41 77 25 91 70 72 49 50 38 38 19 34 93 89 35 23 16 48 27 56 30 43 52 5 5 71 45 35 27 2 12 50 87 37 26 29 57 8 11 95 59 37 97 15 54 63 41 11 41 7 68 75 24 45 45 35 7 38 41 63 33 73 5 85 96 74 12 12 5 83 20 66 71 82 78 79 54 49 11 41 75 85 12 24 37 58 38 74 70 27 16 7 59 59 26 9 67 3 18 52 39 60 90 59 56 19 68 73 37 82 59 71 84 66 88 53 29 11 83 16 98 39 62 42 95 45 38 45 33 19 27 1 69 55 34 43 76 44 96 64 62 9 35 64 79 14 70 74 17 59 19 11 48 85 71 56 73 91 28 97 8 16 16 93 79 90 48 18 10 46 12 47 81 71 35 69 2 98 3 77 32 92 75 70 15 84 87 45 47 29 20 49 6 77 68 77 59 54 96 38 14 29 60 28 29 95 45 50 43 47 13 87 81 6 76 72 96 77 12 87 93 80 38 41 12 42 35 10 44 17 20 24 88 56 47 48 65 69 42 11 52 64 68 6 80 80 14 83 70 30 39 32 47 34 25 86 74 4 75 59 22 15 28 57 45 13 91 65
63 88 85 86 12 85 29 68 67 8 51 83 66 15 75 75 68 20 98 40 90 26 76 42 77 86 89 10 88 69 70 93 87 39 36 52 93 11 82 81 24 91 33 77 92 99 13 72 17 22 59 66 23 25 50 70 65 10 40 76 69 60 19 98 63 56 96 54 47 41 11 19 8 41 56 31 65 99 95 11 38 64 68 8 50 1 47 33 96 30 85 78 36 93 60 92 89 48 90 76 54 92 70 91 20 46 46 30 79 29 83 97 32 27 44 67 68 80 78 36 84 67 78 24 19 12 32 89 6 73 96 93 55 22 41 68 63 76 5 25 67 9 98 17 64 58 36 56 29 96 20 98 17 12 9 87 19 54 92 50 6 75 53 47 3 33 97 18 23 12 54 66 97 51 8 63 74 43 9 61 73 90 3 55 45 4 14 27 54 1 21 17 46 46 97 94 20 97 38 20 89 14 61 11 91 45 82 35 81 58 73 63 44 73 77 36 63 54 17 27 39 38 55 26 47 85 82 57 91 2 96 44 44 53 27 38 84 35 15 13 23 68 17 67 94 98 12 49 41 18 18 68 23 35 64 77 71 26 5 24 9 75 38 82 70 53 13 88 3 25 58 19 33 41 26 10 8 16 8 96 65 51 38 78 48 81 4 76 84 22 29 79 82 74 79 6 57 71 37 49 47 40 52 10 10 10 78 57 12 11 7 83 16 22 82 19 57 89 97 29 55 62 73 81 73 12 58 42 4 39 90 72 17 36 41 68 15 43 2 9 38 78 61 51 98 51 76 55 9 35 94 38 1 2 59 83 64 35 51 5 98 95 48 64 74 53 2 29 51 33 90 28 47 58 14 23 10 80 73 83 71 9 64 5 1 25 15 86 63 60 17 18 57 42 84 3 63 66 1 78 95 73 75 30 93 91 82 18 59 93 4 8 18 68 8 43 13 32 67 31 2 29 8 60 89 76 71 48 99 17 88 92 51 93 35 92 74 61 48 65 88 96 4 10 94 27 64 17 89 61 76 26 22 19 67 67 74 54 60 32 94 45 58 82 8 92 91 26 33 50 43 96 77 36 10 35 32 63 83 30 18 95 82 70 3 40 14 24 53 72 66 65 79 38 30 4 46 86 85 40
25 85 23 69 52 53 97 56 67 32 54 75 92 64 59 85 36 56 75 81 20 40 70 68 1 55 66 19 40 56 37 21 86 75 80 3 93 39 6 86 84 9 45 64 97 51 47 90 16 70 12 54 41 75 87 55 98 48 75 32 92 3 73 91 7 78 6 34 28 62 48 60 5 84 54 63 92 4 70 63 63 83 91 30 17 53 40 10 36 65 66 81 30 78 91 61 13 4 63 9 97 59 70 36 47 92 67 89 5 78 63 2 10 62 61 37 20 49 36 60 5 95 87 1 65 74 96 22 49 51 74 83 82 62 84 53 30 50 16 4 11 95 13 37 99 26 36 99 27 65 89 86 27 70 8 66 9 88 95 63 17 52 32 45 71 80 12 57 27 62 33 41 70 1 14 29 85 28 51 30 92 99 57 78 27 49 64 11 73 44 1 95 49 64 24 60 42 84 27 25 80 88 91 21 35 2 66 92 35 75 56 10 23 16 93 47 34 3 91 34 44 66 47 41 20 16 66 70 40 80 74 33 34 48 23 37 6 43 35 24 63 34 26 73 85 97 10 12 97 56 78 68 64 54 58 71 83 61 60 9 5 31 55 90 31 56 80 34 2 71 34 8 2 97 79 15 95 22 78 80 8 92 29 8 72 9 79 15 35 37 26 21 75 20 12 48 2 50 73 68 15 60 58 67 13 75 24 74 22 69 9 64 84 12 16 18 59 97 25 83 25 37 42 84 68 88 78 80 2 11 48 38 22 9 44 6 53 43 80 72 2 82 55 66 27 31 47 19 49 4 62 39 89 75 43 24 77 25 50 85 31 15 21 31 16 43 57 66 45 80 77 81 41 53 48 57 48 68 67 4 67 15 51 51 29 42 73 82 56 72 18 49 99 27 1 74 2 11 78 96 25 10 4 35 18 53 38 50 73 91 53 85 4 65 73 92 81 87 83 34 80 50 47 79 86 93 58 47 79 74 73 18 98 71 15 97 21 9 90 62 55 52 63 27 72 18 86 71 59 28 73 55 74 10 45 92 81 53 95 98 32 91 49 60 74 24 24 84 55 26 55 13 60 38 29 40 24 96 17 93 58 34 74 7 98 41 6 16 55 31 10 52 6 58 71 20 22 46 7 81
