20 500 42090 140.10
9 98 24 1 55 55 87 66 39 34 66 93 50 80 99 87 57 38 69 48 39 11 92 64 18 40 41 19 36 77 52 68 11 26 24 68 95 79 81 73 61 85 39 20 32 68 19 38 26 15 49 95 58 38 22 43 69 92 8 6 4 56 47 75 32 19 53 57 95 96 52 94 81 4 68 87 40 36 23 77 25 78 73 6 66 54 62 35 42 23 28 57 48 64 86 24 38 65 14 37 44 2 28 43 83 87 99 40 89 85 41 43 26 86 25 85 88 26 26 71 27 90 17 88 83 11 43 97 39 15 10 7 17 98 88 85 2 54 93 75 21 49 27 43 56 48 70 56 80 60 51 88 79 38 89 58 76 67 20 14 74 14 43 64 3 57 84 78 29 45 93 10 41 43 75 37 52 50 41 45 75 96 64 64 59 62 65 45 42 54 48 88 19 38 80 21 45 34 45 20 5 50 71 72 74 39 48 16 12 41 98 92 59 36 77 29 19 44 16 26 82 8 18 39 59 89 53 84 44 48 46 40 54 67 25 44 51 71 67 33 72 79 74 9 43 67 36 58 6 42 51 30 53 4 77 14 54 43 28 14 32 60 75 31 87 80 81 34 76 63 39 83 49 11 85 83 48 27 95 15 32 42 63 95 28 91 35 98 28 58 90 39 75 50 50 25 76 56 39 7 1 65 80 89 55 16 83 81 31 96 84 15 18 19 21 28 81 47 8 72 87 89 73 30 59 4 86 5 62 44 47 84 73 37 33 39 20 45 92 18 97 43 48 45 58 66 70 15 2 20 53 95 20 36 15 84 12 9 67 98 16 41 64 43 84 42 28 12 75 57 98 64 44 79 9 85 43 64 35 15 88 82 28 24 99 39 50 39 47 22 13 95 72 12 75 30 22 18 56 14 96 18 10 21 6 71 48 38 81 91 28 44 14 79 44 51 91 54 44 4 90 21 23 70 88 57 23 13 23 97 38 95 51 49 57 1 53 73 93 99 32 32 92 66 20 24 52 36 89 25 78 19 99 64 15 32 50 88 37 3 31 41 17 25 19 97 67 83 50 62 55 10 39 22 82 31 49 51 4 36 23 41 69 30 84 3 2 49 23 13 41 78 86 18 11 70 84 23 94 48
42 34 19 35 74 51 34 54 41 72 97 55 83 56 86 86 82 93 66 40 80 89 19 78 9 79 97 83 68 36 82 91 15 25 57 62 33 16 36 2 82 42 78 92 52 14 19 71 80 33 90 26 32 90 48 58 57 3 2 38 18 10 91 55 90 87 46 76 97 21 46 44 46 62 13 10 85 84 86 82 60 56 89 92 82 9 54 99 24 78 68 65 88 52 78 32 63 41 67 41 7 71 49 63 82 64 42 68 26 1 76 7 55 52 38 55 91 4 30 35 83 34 59 29 57 4 93 6 11 18 31 7 37 56 64 71 91 85 12 27 42 42 34 60 65 75 47 45 54 91 26 39 55 54 49 53 98 97 73 51 36 92 76 50 97 3 92 24 80 35 17 7 78 78 84 11 1 71 13 2 63 21 30 49 96 8 97 94 64 48 48 80 71 78 62 95 2 46 43 55 11 77 63 74 28 2 10 86 98 6 77 68 83 27 59 33 26 79 80 15 19 42 22 43 23 62 23 58 45 44 55 40 91 15 54 1 73 21 12 23 75 98 69 88 71 85 38 91 75 66 61 90 34 41 52 76 55 7 96 72 37 87 53 34 54 74 35 90 51 26 32 36 21 34 29 39 78 17 41 52 21 94 44 90 23 13 34 90 51 80 69 16 73 90 62 48 6 7 2 1 31 35 11 68 14 3 46 84 45 65 69 66 55 87 83 4 93 17 40 28 60 35 33 39 42 79 51 39 96 71 17 10 46 25 1 79 1 17 52 67 72 95 6 49 77 48 78 93 49 40 10 16 69 27 59 41 81 99 54 51 66 27 26 51 11 63 13 86 36 78 35 4 20 85 31 38 54 57 96 71 19 53 95 73 23 48 26 43 43 47 39 96 90 8 71 71 50 26 10 12 88 44 42 37 28 72 7 86 67 94 73 77 55 89 26 1 84 63 14 28 87 72 11 56 42 88 2 55 35 74 26 78 62 24 18 32 57 35 41 4 49 2 30 63 33 13 35 35 33 53 78 48 23 98 98 28 74 21 53 7 20 14 29 63 66 83 96 20 79 18 88 75 14 11 36 29 14 76 13 26 93 79 41 40 77 53 75 49 54 31 70 31 62 70 39 44 57 42 85 40
69 96 2 85 65 86 71 31 49 92 18 53 69 43 44 30 83 94 88 88 48 59 94 82 48 95 61 78 62 34 17 84 60 74 64 68 71 56 4 55 82 72 32 76 35 63 86 82 97 66 63 48 77 94 31 86 28 37 91 26 37 57 93 98 78 20 71 93 52 19 15 75 87 89 39 96 26 44 81 76 26 11 73 55 65 36 83 30 13 8 67 26 35 49 98 89 6 2 77 46 83 53 39 89 98 88 4 79 55 70 30 47 65 35 66 19 54 91 99 1 93 32 57 62 32 89 14 84 34 55 39 79 27 58 52 66 15 79 27 23 47 29 23 64 86 47 33 4 39 33 11 98 28 17 19 16 24 39 27 14 80 8 93 98 6 83 41 73 34 58 78 25 38 8 55 17 33 60 12 87 38 14 33 74 44 35 90 80 26 95 78 85 23 25 82 45 19 14 78 83 39 15 58 49 71 59 65 81 91 75 2 70 83 57 86 55 1 55 14 65 61 39 2 4 37 63 90 97 17 52 56 44 26 75 41 28 39 30 22 25 3 23 96 79 40 50 10 32 20 60 67 95 27 90 61 3 10 83 76 33 74 60 88 34 8 59 90 79 20 93 6 76 46 23 1 51 74 89 22 76 9 32 95 38 91 15 29 42 3 18 9 59 51 16 9 74 26 36 89 20 29 73 55 69 9 5 81 26 14 53 44 5 24 62 90 70 64 73 72 74 15 37 11 15 51 77 18 32 3 82 73 32 57 38 65 66 17 4 1 21 42 28 90 9 88 63 92 83 94 89 23 90 80 69 56 2 52 52 52 48 15 42 2 94 6 16 81 56 44 33 87 56 72 49 19 50 3 64 4 91 62 79 93 55 65 51 20 55 52 75 23 34 21 94 70 74 52 62 16 21 20 56 86 37 26 90 44 39 88 9 45 64 44 41 47 46 93 80 2 21 38 62 82 42 21 54 25 23 71 24 78 18 71 38 37 94 27 64 52 60 52 40 97 51 82 67 17 81 29 80 55 59 16 65 47 57 85 13 56 19 25 46 8 80 15 23 12 26 41 24 81 81 4 56 43 64 25 20 59 76 1 52 8 23 54 86 96 96 86 27 28 88 68 43 95 38 12 4 43 88
82 40 74 90 48 26 87 71 78 82 31 3 35 64 44 25 55 10 48 94 62 92 36 37 75 40 39 2 88 87 77 97 33 22 72 70 11 24 48 26 87 51 96 45 61 19 4 48 23 77 35 72 59 61 80 84 21 74 67 31 16 86 97 79 42 90 83 17 14 90 61 6 90 74 73 37 43 93 80 92 23 18 47 71 4 86 12 60 27 5 99 41 11 18 7 5 86 88 62 76 62 83 38 97 66 65 35 91 64 90 72 92 20 62 38 95 34 77 96 32 46 67 58 50 71 7 52 85 59 26 50 37 51 51 54 4 17 82 74 79 85 53 42 67 69 25 88 47 43 11 93 37 54 72 62 24 50 32 61 25 6 99 39 82 97 80 79 71 80 79 56 88 72 32 48 25 8 94 96 98 64 84 81 79 39 39 17 64 22 68 45 91 79 47 54 70 69 20 14 79 8 34 41 41 48 31 28 67 13 2 16 3 66 49 70 49 56 19 65 82 64 28 72 44 42 64 17 38 11 76 72 36 30 62 88 81 44 8 8 63 50 64 62 72 72 25 73 80 16 10 25 74 40 21 65 52 15 17 67 15 42 6 24 3 4 10 78 53 92 60 40 75 56 26 58 23 36 11 7 9 9 35 94 99 84 5 8 9 88 53 38 34 6 58 96 78 8 72 34 31 7 81 63 37 25 65 31 45 36 46 14 56 27 80 99 8 78 55 90 51 59 92 17 35 10 90 65 39 70 3 55 61 86 28 38 18 61 94 18 39 88 43 8 5 14 40 48 91 89 21 60 78 38 99 18 5 71 56 12 28 17 67 61 42 3 8 44 3 64 64 20 28 15 58 75 52 57 18 3 55 7 78 27 54 7 27 26 42 12 79 2 75 64 35 92 16 81 10 6 41 32 60 96 9 69 18 28 53 8 54 82 55 24 86 25 30 82 44 95 34 47 69 26 45 10 55 22 58 13 69 68 87 42 61 10 89 76 39 17 27 95 92 92 88 16 41 10 65 38 86 65 79 34 10 21 90 30 23 94 31 4 1 97 57 84 57 21 57 2 93 36 82 54 71 95 55 8 92 23 42 92 19 84 58 39 32 91 38 18 19 35 93 84 21 94 96 20 37 96 94
44 48 70 51 55 39 85 97 97 9 48 72 79 98 33 60 72 67 77 91 51 92 53 57 33 30 22 73 76 71 97 3 62 5 83 92 77 43 35 93 19 94 68 17 96 44 87 81 34 93 13 14 87 59 28 93 65 84 43 71 68 55 25 41 58 58 68 71 28 95 22 7 72 57 27 65 93 3 35 77 87 11 71 73 16 46 32 40 64 44 88 43 76 35 48 90 90 48 23 87 27 77 85 12 91 44 30 21 58 35 86 63 12 95 81 53 84 71 15 93 61 59 62 58 39 98 48 83 43 29 28 13 8 41 94 33 55 12 82 98 29 55 49 23 71 84 95 62 1 40 20 49 61 82 51 70 97 13 18 74 44 84 75 53 50 64 10 78 78 81 22 58 21 11 38 96 51 96 88 36 20 50 22 82 88 58 82 27 18 12 90 7 23 36 26 55 50 15 13 27 58 91 49 31 77 61 88 53 85 73 11 7 37 56 18 34 71 82 15 76 52 20 27 83 33 67 46 25 80 92 69 74 46 48 95 35 39 46 6 93 84 26 38 68 80 67 93 1 30 74 51 31 67 55 76 21 3 71 66 75 92 37 13 81 96 27 3 69 74 57 97 16 73 28 43 55 46 29 49 76 89 65 47 5 51 43 86 1 88 5 5 10 85 49 19 28 76 91 43 66 8 81 48 21 34 64 45 37 48 92 56 45 14 27 47 18 61 8 28 77 69 3 47 51 77 72 12 87 38 40 8 12 23 61 58 9 14 13 22 15 9 91 52 33 80 58 27 61 22 79 39 31 3 43 45 80 46 14 47 37 28 16 23 47 57 55 49 26 27 52 32 40 80 57 65 54 21 8 44 1 76 74 41 2 6 90 25 39 68 33 3 6 16 34 47 70 4 71 34 40 53 30 60 39 61 37 36 45 8 46 61 97 43 18 53 39 8 25 60 95 3 67 52 92 92 93 26 38 52 71 53 97 89 31 95 49 39 14 53 28 64 58 79 8 61 20 80 63 59 21 5 79 79 36 75 1 67 12 53 30 88 21 21 11 19 22 95 73 22 6 2 39 99 56 98 18 5 31 46 16 25 81 56 43 47 52 86 42 77 19 11 25 12 31 97 56 14 40 5 91
55 70 60 90 98 12 21 58 49 52 40 83 9 40 4 98 1 38 30 93 13 20 28 72 42 36 59 92 94 69 97 79 53 74 54 93 26 8 45 9 53 72 47 52 85 89 78 95 43 77 14 92 62 61 26 31 83 85 37 22 10 38 28 90 46 98 76 68 44 20 63 35 46 61 25 14 69 35 23 92 86 33 54 40 41 82 83 52 34 6 7 56 81 82 65 2 18 94 38 46 69 80 91 89 84 78 90 9 34 28 19 72 31 35 91 74 33 36 17 74 58 92 90 25 57 43 6 67 12 55 98 89 86 17 77 32 46 62 7 79 50 46 57 6 23 36 55 21 57 48 68 24 8 31 11 40 42 66 13 79 88 10 44 77 19 17 72 12 81 93 17 13 27 21 87 66 40 99 13 81 55 47 33 86 23 24 95 55 17 11 9 22 71 64 9 5 78 94 20 17 84 25 62 26 90 35 48 65 19 2 8 6 77 66 11 79 12 5 13 83 80 74 72 82 56 72 40 86 16 64 63 78 6 53 96 89 29 92 46 17 41 59 51 15 60 13 9 26 92 40 78 79 21 24 30 47 99 25 6 81 21 34 7 67 8 48 87 39 28 68 70 92 54 5 85 39 70 51 76 8 5 33 58 29 58 86 96 76 81 47 13 11 36 13 44 94 86 13 18 29 31 32 3 36 15 79 74 71 29 20 73 37 70 28 29 67 99 64 85 7 20 47 27 48 3 59 63 57 63 1 64 36 87 87 96 23 40 17 54 25 53 95 33 24 5 6 1 76 53 65 9 8 51 70 44 90 55 1 74 89 12 98 26 53 67 64 90 25 16 72 56 26 71 21 28 24 38 19 91 53 12 19 13 23 44 89 32 18 41 21 22 25 14 48 32 92 18 49 85 2 44 20 35 64 79 93 77 74 31 33 76 68 4 92 61 59 74 24 43 19 76 68 71 60 81 16 71 1 57 90 56 78 43 74 95 81 23 19 63 46 14 79 10 50 12 35 5 37 68 5 92 76 16 13 33 7 15 14 36 61 7 26 73 20 41 89 65 11 52 70 45 46 7 15 91 99 70 14 92 84 68 64 29 30 54 75 22 97 86 97 67 19 40 56 18 55 42 74 40 93
23 67 91 53 44 27 90 91 87 60 62 59 69 64 24 6 43 54 87 77 66 90 19 40 12 72 34 36 97 61 80 5 86 77 35 97 21 52 40 72 39 95 48 78 11 78 54 5 42 26 50 53 99 55 93 1 36 94 78 55 79 60 97 58 34 63 5 43 2 39 46 55 55 84 75 86 97 76 75 47 86 21 99 61 66 94 20 77 2 76 71 78 14 51 72 59 54 24 43 63 14 61 73 28 77 9 26 21 62 85 6 92 80 45 50 21 90 28 49 4 82 44 97 75 26 93 58 76 85 32 63 30 51 89 83 67 77 44 81 25 18 8 17 38 57 6 46 68 7 36 32 83 60 89 62 48 36 2 80 99 1 79 78 13 7 61 48 98 31 52 33 42 40 44 50 45 27 39 10 26 56 18 36 20 4 2 43 7 27 33 90 64 51 24 91 96 34 90 27 66 20 54 14 74 69 22 27 76 79 47 49 12 91 80 26 51 48 71 30 81 9 72 15 19 87 67 65 57 72 69 27 7 1 38 1 17 84 8 20 3 49 67 85 68 15 96 83 48 3 52 2 10 89 26 4 82 70 34 50 90 12 79 57 3 25 51 3 93 82 47 21 42 43 1 99 64 61 42 9 94 59 46 7 68 52 95 55 23 12 9 3 93 95 3 84 26 78 51 14 51 76 66 15 86 2 61 75 59 74 2 38 78 62 11 92 23 90 60 86 85 11 77 7 22 57 12 80 36 67 76 60 37 65 76 65 72 51 94 25 72 95 79 99 26 43 22 5 26 18 21 81 68 37 34 54 99 36 14 85 20 73 50 77 78 20 64 46 58 48 58 1 53 7 6 57 43 71 30 42 39 84 65 4 72 13 66 16 92 41 61 30 71 24 35 62 38 28 34 43 79 52 1 2 78 36 23 6 11 90 11 75 30 93 45 91 85 42 7 36 82 36 55 9 93 26 28 86 34 85 60 6 21 26 72 28 91 97 30 73 5 14 40 13 96 8 93 60 41 3 8 60 38 63 95 87 32 15 48 47 17 31 42 14 97 21 42 46 56 25 12 59 22 51 64 2 97 50 47 14 35 41 38 78 38 93 66 8 51 44 78 60 14 69 76 43 65 86 67 52 77
92 62 97 50 36 77 49 31 96 21 78 1 76 85 42 97 83 99 48 10 64 20 62 51 78 62 81 7 16 23 5 98 82 28 21 52 37 76 55 60 42 37 92 96 18 52 4 16 97 99 14 95 89 13 67 94 71 58 5 36 74 46 74 38 54 68 78 92 58 79 56 77 15 53 67 38 43 57 60 11 22 78 2 9 27 27 87 27 82 93 75 7 41 29 44 1 55 76 69 28 22 54 34 61 31 95 36 14 23 64 42 86 98 61 27 85 17 3 16 82 70 38 87 11 27 82 34 60 46 25 98 24 63 64 50 82 41 5 59 72 99 6 55 81 65 17 8 64 15 56 46 37 5 23 25 38 81 5 64 13 25 94 51 97 73 64 64 41 88 22 10 66 93 28 42 14 39 8 61 95 4 74 12 3 18 87 75 96 43 18 93 64 98 89 64 64 47 28 74 20 22 48 31 81 93 14 42 23 65 55 33 79 9 43 41 64 40 70 77 45 24 34 48 45 2 69 78 48 33 2 35 97 13 91 99 27 67 96 32 20 84 5 91 38 56 58 92 83 84 73 46 83 4 45 20 64 2 37 19 84 34 9 81 22 96 94 11 24 48 24 55 43 74 3 47 27 68 1 46 68 49 31 1 78 48 83 5 43 93 67 7 27 1 46 87 9 73 4 73 17 36 86 65 92 99 28 11 51 15 64 2 39 68 27 37 29 85 2 59 18 5 51 89 2 78 11 47 83 92 51 2 65 81 23 33 94 42 80 94 22 78 80 52 30 4 87 12 13 1 25 91 85 36 35 33 28 70 79 93 13 68 40 44 11 21 22 10 34 94 7 6 71 7 15 10 50 17 6 35 68 46 88 34 53 92 49 58 90 3 60 73 96 54 55 22 30 36 67 9 22 31 71 66 57 68 35 42 24 73 31 35 20 71 33 63 64 37 14 1 58 8 49 33 27 69 87 69 46 31 85 11 4 57 98 9 68 1 46 9 94 53 63 70 92 72 25 15 75 2 97 6 11 11 87 19 29 54 30 39 74 28 90 32 24 3 30 82 76 91 73 58 24 54 87 15 5 34 40 33 98 49 75 36 98 56 5 27 65 28 53 21 37 61 99 4 27 1 8 41 10
75 64 64 21 80 99 62 99 97 29 94 3 40 14 90 91 48 74 79 24 67 61 45 99 96 62 68 99 50 44 28 16 88 39 22 81 81 4 13 38 75 30 52 45 63 28 9 49 21 51 76 96 15 79 76 12 55 23 10 53 26 64 73 23 90 93 31 78 43 8 40 35 51 30 5 2 35 56 9 46 90 99 14 96 63 27 68 94 29 96 63 37 93 43 57 4 63 3 56 11 83 29 51 61 26 40 96 42 78 6 97 88 25 8 42 2 59 43 44 72 62 26 1 49 4 42 87 38 88 68 62 83 30 71 24 87 69 29 97 92 37 55 83 13 73 32 76 22 51 87 46 17 64 30 4 62 48 17 99 13 14 35 97 80 95 65 42 90 52 63 91 80 13 17 81 91 85 18 70 3 86 63 25 50 96 36 40 63 6 48 62 99 7 61 55 80 26 23 34 83 77 53 56 87 83 52 70 88 6 30 65 90 27 11 1 23 39 12 97 64 72 19 16 73 64 2 56 96 34 97 10 10 90 33 63 81 18 51 95 88 90 70 67 40 38 6 7 71 86 24 18 67 89 75 57 35 35 44 16 5 52 26 66 39 72 34 25 32 28 15 46 76 75 14 22 84 12 14 21 32 75 10 22 5 34 56 35 1 99 52 47 90 9 1 50 95 96 86 54 52 81 97 54 85 29 64 28 8 74 83 20 93 98 51 91 58 56 21 4 57 76 60 3 78 31 47 69 45 7 84 21 56 82 8 96 71 55 87 70 22 60 9 45 98 88 80 62 66 2 2 55 31 55 9 1 93 71 22 57 58 31 36 63 3 12 14 3 88 7 72 95 33 14 55 91 97 47 89 77 43 7 99 81 29 77 74 43 78 67 56 60 15 78 61 5 29 12 23 36 92 98 20 36 72 37 48 99 85 18 17 73 25 14 22 11 23 3 17 10 66 61 53 63 41 56 8 90 6 13 46 11 80 89 84 59 3 83 72 70 61 62 34 31 73 9 27 4 82 42 48 31 74 72 22 87 47 16 79 33 83 87 32 30 90 72 53 9 27 64 88 21 46 78 3 16 39 13 59 50 59 91 40 68 36 32 70 84 21 14 38 61 27 16 4 91 46 61 61 38 24
86 7 57 32 68 74 53 61 58 46 31 9 19 74 19 71 60 1 88 80 27 5 38 74 83 29 63 14 32 60 26 46 48 40 22 63 44 45 69 93 11 55 81 71 41 94 31 83 32 66 35 28 45 38 14 1 21 64 15 60 68 42 17 97 91 58 34 63 54 25 95 84 68 79 48 30 80 27 74 41 46 6 89 2 13 93 58 75 56 79 72 19 82 41 7 13 83 17 62 77 85 44 74 56 22 15 48 93 91 4 26 6 24 71 7 77 85 20 25 14 69 20 12 67 95 75 40 66 4 34 41 43 40 33 35 23 47 26 5 65 3 39 34 89 57 72 1 36 50 12 83 19 41 89 87 44 47 14 61 20 40 76 43 19 10 1 76 16 85 66 95 2 71 40 56 9 21 77 65 38 13 48 19 55 45 11 86 53 86 65 71 87 53 33 64 28 11 42 69 31 76 53 40 2 36 76 69 25 3 97 95 70 94 23 79 14 2 52 77 54 41 34 74 72 70 31 62 84 19 19 1 3 47 96 41 16 15 25 77 30 39 76 34 59 33 83 79 96 88 44 98 84 59 2 37 23 64 61 17 18 55 41 93 84 60 54 55 47 79 65 17 36 93 93 27 42 17 11 79 47 24 67 37 82 39 31 1 81 13 52 19 67 97 39 74 69 58 86 11 31 85 25 17 56 75 83 36 32 64 18 69 34 43 58 85 78 37 12 9 94 42 28 29 38 89 8 39 42 28 34 12 10 54 12 15 47 85 31 7 58 29 72 98 65 76 15 47 6 46 90 35 12 52 79 45 20 22 10 72 25 60 92 91 25 73 1 21 39 78 97 72 76 20 46 25 29 93 61 12 62 35 30 17 33 73 65 42 76 22 1 55 64 71 90 17 23 98 93 8 52 61 90 83 90 70 37 57 88 47 6 29 1 30 40 97 52 97 14 91 63 26 30 31 6 97 20 50 77 73 43 54 42 80 10 2 48 97 73 82 79 45 70 55 36 83 28 56 13 77 12 53 49 3 42 85 28 56 61 5 69 62 51 34 45 89 40 75 48 69 93 13 75 9 32 70 80 3 57 73 69 74 73 54 40 44 43 16 29 13 86 86 44 68 64 8 60 44 27 4 80
63 48 56 5 89 79 80 7 85 55 35 65 66 45 5 96 72 71 70 97 85 93 11 75 65 77 79 79 18 29 94 94 98 3 67 45 51 87 23 93 64 52 84 88 65 80 92 77 7 61 60 3 7 10 90 68 28 42 12 34 96 73 32 23 80 73 57 84 7 5 96 61 29 69 75 93 64 67 43 47 95 55 90 50 96 91 54 89 52 40 31 29 8 42 30 58 1 17 69 66 18 67 41 93 22 43 96 73 71 63 17 2 5 61 30 82 24 78 90 20 64 21 17 76 11 76 83 32 81 75 11 55 51 3 59 74 64 21 95 40 98 7 5 28 78 93 64 68 74 59 47 11 68 8 67 40 93 18 14 75 2 62 83 94 95 77 6 12 88 18 49 21 79 68 51 95 40 39 46 56 89 88 13 74 60 70 98 91 78 71 21 4 50 81 71 87 69 16 28 51 93 66 3 53 78 44 47 42 26 27 57 35 6 28 1 38 44 51 47 34 81 56 55 21 50 34 6 26 32 66 47 46 54 17 84 90 68 61 34 45 57 7 68 47 20 45 26 1 61 6 9 1 87 6 61 43 30 22 17 13 39 53 6 67 49 41 20 8 32 25 1 93 48 61 51 5 48 28 2 52 28 96 80 74 87 11 24 41 35 85 64 71 44 81 19 7 90 27 23 48 6 32 83 95 78 16 43 47 85 62 25 62 33 88 76 1 34 82 96 38 60 29 84 68 68 98 61 33 62 22 82 11 80 19 28 27 85 20 35 27 37 28 69 73 24 9 55 25 23 75 60 1 32 55 13 53 7 46 14 39 72 87 17 31 94 22 77 69 80 85 71 21 97 65 9 19 64 23 89 55 9 27 22 64 18 96 65 78 47 70 5 91 62 17 62 4 12 20 93 84 31 66 90 51 37 21 49 66 35 69 82 93 79 2 26 12 72 64 57 40 84 43 27 82 47 90 94 56 78 40 79 53 19 1 25 15 48 16 73 68 18 89 25 35 26 4 9 91 41 10 13 39 84 50 8 87 92 45 5 3 7 37 1 1 81 84 83 80 86 18 13 50 58 76 36 51 4 25 38 42 2 53 29 37 6 62 22 77 24 63 52 47 50 53 25 44 11 56 30 97
44 65 73 95 80 52 41 85 45 25 33 6 96 67 75 16 77 5 97 79 47 99 38 39 2 73 91 50 79 6 80 29 53 88 86 59 31 22 65 61 36 37 56 81 37 18 85 25 2 63 33 87 76 59 11 45 26 81 77 79 84 30 34 24 16 83 2 39 7 50 99 76 78 13 55 3 62 69 91 58 14 45 9 82 74 16 34 6 84 66 24 20 88 50 35 84 94 56 28 67 80 44 37 17 13 47 19 61 7 89 39 21 83 94 45 57 67 69 47 54 79 21 29 23 64 33 39 11 2 64 91 11 71 48 66 58 82 8 86 56 57 55 71 54 89 40 27 40 87 23 96 78 70 23 54 63 38 63 13 98 47 71 2 84 47 65 79 74 58 60 56 85 78 25 82 83 94 43 35 94 17 25 63 92 84 96 40 75 99 14 21 33 80 47 6 26 5 53 8 62 93 73 35 65 94 32 26 66 49 5 20 72 10 87 18 22 13 34 92 72 18 32 11 12 71 39 15 41 76 51 77 47 53 27 47 21 91 91 71 18 13 85 28 51 33 3 67 34 29 40 55 60 77 27 68 82 82 87 72 88 12 48 61 71 87 67 66 93 17 2 32 60 2 55 68 22 78 8 90 43 2 53 69 54 62 98 97 28 22 62 82 26 50 44 80 49 30 22 2 21 13 25 78 34 86 40 91 93 82 37 93 4 27 69 47 27 28 39 35 96 5 96 15 18 83 19 74 21 13 17 39 31 2 99 35 44 69 13 23 29 71 44 14 68 20 4 5 74 42 59 80 24 11 23 62 45 4 38 16 10 51 54 12 13 12 99 26 96 81 37 23 99 40 54 95 93 64 38 98 50 35 15 89 60 71 46 9 72 83 62 96 91 77 11 48 45 67 80 12 94 79 41 5 33 79 4 24 30 94 47 14 30 29 78 60 54 64 20 8 64 26 91 75 12 88 20 76 10 21 59 45 77 53 11 41 81 53 54 92 63 43 41 29 42 14 47 76 32 89 24 49 78 23 78 97 24 35 48 79 17 82 1 48 60 76 19 51 29 50 7 93 85 68 32 18 51 90 96 88 30 22 17 90 33 20 39 76 27 47 52 21 95 72 18 46 10 20 72 21 79
99 80 3 55 87 47 79 91 71 89 90 23 91 88 4 75 16 15 40 64 68 19 78 95 86 33 47 91 27 5 2 16 96 91 66 44 74 34 93 9 14 12 45 60 45 90 25 4 17 35 68 95 7 45 82 57 39 47 63 90 90 83 33 83 34 42 21 82 87 65 92 20 61 70 93 58 73 87 51 12 80 80 37 82 35 22 38 16 86 34 53 97 49 56 6 33 80 12 88 68 5 66 44 37 10 50 61 31 78 22 79 78 53 90 68 64 29 56 54 83 19 66 17 6 89 4 11 74 82 47 93 91 94 1 46 31 72 92 42 54 63 76 91 48 46 76 82 26 93 16 33 8 46 10 88 63 15 90 55 70 78 62 86 47 54 4 18 39 88 54 58 30 80 82 55 64 36 79 48 1 69 77 75 2 59 80 48 19 30 90 60 59 95 72 39 48 34 87 16 49 15 39 41 88 4 78 7 10 58 73 64 44 61 60 96 61 55 58 52 49 69 75 72 82 94 45 76 20 19 9 45 49 47 41 44 71 80 75 76 40 60 13 85 89 84 70 42 59 44 62 79 31 6 83 60 51 47 47 95 94 76 1 89 29 1 39 48 18 25 11 37 81 85 87 40 19 32 52 36 75 28 27 34 70 2 8 34 29 85 56 20 87 7 51 1 76 3 9 8 23 5 72 81 29 33 64 72 16 20 72 6 4 38 67 70 70 67 66 63 7 91 12 24 34 99 41 76 46 21 93 66 11 96 23 44 66 61 39 2 94 89 72 92 10 52 27 51 75 25 74 44 13 35 52 1 84 53 3 94 76 40 57 23 61 74 87 65 1 91 55 47 64 70 71 71 6 24 10 97 58 42 74 18 28 32 7 79 91 35 32 43 70 1 54 40 40 11 65 76 88 77 89 2 79 53 43 41 25 9 5 53 97 68 9 11 4 6 83 22 18 57 39 78 99 2 89 32 10 21 44 19 43 23 30 55 95 2 15 47 89 65 26 69 13 79 46 62 11 32 94 3 93 4 92 86 46 57 56 68 30 57 48 47 75 9 94 87 31 48 11 77 9 83 67 5 16 44 15 48 17 55 12 66 46 10 56 35 54 62 4 46 70 88 51 74 54 31 36 68 64
87 70 18 50 97 43 52 50 18 84 89 52 57 83 43 62 7 22 10 53 72 46 90 97 95 57 28 47 62 51 41 70 11 41 97 76 99 14 9 98 89 77 28 36 95 98 97 71 94 71 77 75 28 45 64 14 51 25 33 95 40 82 99 21 96 8 72 97 86 1 73 54 62 13 23 43 50 9 41 9 10 84 59 41 59 46 28 76 82 73 95 65 82 45 29 87 38 25 80 33 22 81 68 81 99 91 53 26 4 27 50 22 76 88 63 26 7 94 7 69 18 25 72 86 70 84 81 30 95 93 46 27 10 18 84 57 77 71 9 31 36 53 43 87 41 63 5 93 27 78 77 30 61 84 52 45 16 52 40 55 93 63 82 40 24 48 46 42 62 20 14 10 87 24 24 9 5 46 75 93 17 28 56 31 70 85 46 37 82 19 31 61 58 60 70 79 61 32 67 32 73 78 66 36 84 13 28 27 28 93 42 6 33 4 5 8 86 34 10 31 27 52 59 14 3 42 4 60 96 12 2 23 33 65 29 96 86 21 66 60 57 20 60 27 76 21 76 3 36 37 51 19 65 25 39 97 96 25 78 55 12 79 28 82 46 52 68 54 34 69 6 1 6 69 38 22 60 82 48 5 93 74 39 42 97 68 34 83 47 21 78 8 73 30 18 73 16 93 88 62 23 38 65 91 5 68 20 82 70 53 17 44 48 33 5 4 8 25 83 21 90 70 37 63 62 24 14 65 85 70 25 5 58 84 12 61 6 32 24 99 49 33 57 74 93 47 85 60 81 48 49 52 65 5 74 62 7 72 10 54 87 9 88 58 94 44 35 3 36 4 95 93 15 19 52 20 7 27 7 58 61 54 12 24 2 34 85 55 45 97 78 85 84 17 71 93 34 86 80 53 97 1 38 70 53 16 92 33 16 31 92 11 67 4 13 58 90 14 22 86 26 52 91 14 71 61 14 71 61 79 19 11 69 69 80 19 33 61 51 49 19 85 3 65 54 67 12 12 51 13 11 11 35 21 35 6 58 66 27 99 97 94 64 57 10 92 97 77 61 41 48 29 69 66 23 47 74 11 33 59 77 22 26 58 15 80 11 98 12 50 52 98 3 35 4 55 15 3 3 53
62 64 6 89 89 85 93 97 31 92 63 93 12 72 81 60 12 88 1 14 94 54 63 77 78 29 46 71 36 68 12 84 4 71 94 8 19 86 74 11 15 76 72 28 50 8 9 19 26 34 66 50 6 90 24 65 47 86 74 95 50 67 87 92 87 50 60 91 67 48 71 36 74 67 13 96 1 37 74 59 92 41 84 52 17 86 81 9 90 76 28 67 58 74 24 49 68 5 42 47 88 75 68 44 82 94 43 80 92 95 48 85 27 52 74 38 90 45 81 54 18 37 78 58 68 88 22 38 81 68 5 53 73 54 18 76 15 91 5 94 58 85 27 76 49 7 65 93 94 33 45 18 80 44 44 43 10 34 34 66 39 61 51 5 75 52 52 76 17 45 90 34 79 35 15 59 67 3 52 23 50 58 57 5 80 34 83 38 28 78 93 73 47 44 18 10 46 58 67 14 63 88 84 4 6 81 43 6 33 45 95 74 33 26 99 50 97 89 23 29 47 55 21 11 38 29 22 3 82 38 3 96 46 62 73 94 69 32 18 25 57 64 77 41 81 41 63 14 51 39 34 99 17 47 91 55 66 21 23 86 67 57 20 62 18 64 43 70 64 37 67 53 93 58 33 58 35 43 22 30 19 42 15 13 91 45 82 17 1 8 73 19 83 99 5 6 82 3 34 55 1 41 1 4 82 1 84 77 16 23 63 56 67 95 46 17 23 18 8 69 76 55 68 14 50 14 6 52 39 81 18 52 2 68 89 6 9 50 31 41 42 91 9 97 49 35 95 67 5 11 22 35 86 54 6 26 72 80 32 73 70 92 33 16 57 9 16 46 66 19 38 43 11 20 10 90 81 18 83 39 48 75 23 97 16 93 34 12 63 7 93 93 4 39 45 8 13 2 80 24 98 97 41 33 49 35 30 26 73 9 77 90 4 27 34 22 81 66 37 44 75 78 38 48 66 65 63 47 14 60 4 8 22 70 34 69 61 64 26 30 71 7 72 52 66 19 75 12 54 17 48 90 39 40 96 25 20 98 29 27 75 30 19 95 67 52 52 62 59 81 46 19 8 18 15 65 48 39 15 52 64 2 49 3 91 24 90 69 55 24 19 27 70 83 83 47 81 33 36 14
83 48 56 98 18 77 90 49 70 48 57 90 52 87 59 80 72 46 94 63 69 13 54 45 98 64 26 88 27 86 74 25 17 62 34 46 82 72 45 92 58 10 60 75 82 65 14 4 27 27 98 38 87 57 53 70 58 41 29 75 26 8 99 46 42 59 87 15 20 53 78 41 87 99 11 63 83 22 99 36 12 93 54 89 8 9 30 92 23 34 48 2 71 94 14 45 50 85 50 62 97 57 27 43 83 71 13 52 75 94 94 32 22 69 41 12 9 39 26 37 72 93 27 95 81 24 61 81 72 65 42 44 46 89 6 91 36 21 28 68 21 53 64 58 37 87 8 41 56 5 87 13 67 2 56 14 34 94 57 33 91 37 8 70 13 57 30 27 51 42 39 41 53 59 61 8 49 26 22 97 13 43 94 75 6 5 53 21 45 75 79 1 10 15 29 84 20 35 11 56 33 63 68 13 59 17 67 5 88 93 26 92 78 75 86 10 61 64 6 32 29 92 93 37 40 65 95 38 56 6 83 28 1 23 66 96 61 29 49 63 89 36 30 4 39 76 52 8 6 80 6 42 36 3 69 67 41 79 88 97 89 27 74 89 74 91 46 26 27 86 73 33 44 17 2 83 66 91 61 99 21 62 55 25 89 21 31 14 13 89 39 99 79 38 97 87 23 72 87 37 45 76 49 39 44 39 12 55 50 76 13 24 70 40 84 63 73 75 62 1 38 98 78 18 6 24 51 12 35 66 75 25 32 36 53 10 32 69 45 41 94 50 89 12 11 25 35 4 74 49 82 8 33 60 18 66 27 20 16 4 56 63 17 56 41 81 89 40 16 74 85 27 27 52 76 90 16 6 42 41 5 1 23 31 24 16 42 81 84 13 15 48 2 13 87 84 8 93 32 44 6 58 39 68 71 25 43 70 1 21 27 54 37 38 98 14 53 16 54 50 19 68 93 90 74 4 14 81 79 87 62 74 64 40 74 32 2 26 72 13 16 5 96 39 26 43 8 49 68 41 15 39 71 66 84 46 64 97 61 16 76 81 61 15 60 14 4 35 52 84 41 38 34 34 54 15 4 83 94 95 71 38 63 90 64 90 36 86 31 65 73 11 3 84 8 3 19 83 56 63
93 26 37 94 85 75 45 31 28 71 27 70 93 65 89 37 39 45 76 34 34 14 81 43 64 92 85 73 87 23 42 76 29 24 56 86 96 87 41 80 98 72 74 19 60 1 52 93 83 56 70 36 53 20 99 91 31 45 81 35 98 2 84 58 53 65 66 70 72 98 1 84 76 49 72 4 33 76 94 22 87 94 55 80 56 58 43 48 52 21 65 92 92 57 58 98 47 82 18 36 36 63 24 48 39 79 5 27 28 97 5 48 11 77 80 23 59 42 75 44 61 95 40 58 54 80 28 74 17 76 87 9 33 93 63 40 20 14 2 3 72 43 61 85 6 53 43 26 85 22 9 72 14 81 31 84 31 52 91 35 29 43 76 28 92 69 27 5 19 87 77 90 51 29 12 88 6 3 80 92 83 47 68 26 24 22 25 37 52 41 23 32 11 40 76 78 17 91 86 72 42 1 17 19 20 64 47 76 46 4 37 10 2 31 23 93 47 48 85 78 73 26 96 52 92 40 56 28 39 17 68 55 78 35 58 21 34 89 93 21 99 43 30 4 52 37 21 14 29 19 63 71 22 95 98 5 84 6 47 87 20 20 87 56 47 58 12 77 12 58 41 26 32 5 91 4 72 13 92 18 3 38 92 43 39 90 47 95 9 61 75 28 73 30 82 74 41 99 12 22 94 73 29 26 40 87 76 41 48 33 44 77 8 61 38 71 55 12 33 14 60 63 32 51 43 18 6 51 54 28 12 17 3 31 45 35 20 50 58 63 22 9 18 13 43 30 45 10 45 96 1 94 2 35 21 5 36 12 83 11 48 39 33 50 50 85 15 28 45 16 58 81 66 78 78 90 45 49 69 13 7 65 51 4 33 83 76 43 91 4 30 66 71 91 47 73 99 41 94 95 19 58 16 64 1 42 85 17 76 6 25 67 57 31 44 60 41 7 79 67 82 75 97 5 94 73 5 19 71 98 15 66 67 69 27 35 80 68 81 23 72 82 33 68 56 94 4 86 67 22 64 37 36 38 9 11 95 27 48 81 28 75 21 4 1 59 22 46 95 30 18 71 12 22 90 48 78 43 74 16 21 55 12 34 87 51 94 58 50 51 32 7 65 6 13 89 36 98 71 34
68 13 66 48 67 81 96 43 64 73 93 70 80 16 77 99 71 51 47 13 35 73 7 44 88 61 50 17 79 87 76 89 75 90 58 14 7 92 83 94 90 52 48 44 79 69 90 64 94 8 44 44 79 65 5 1 68 87 53 28 51 91 42 89 1 21 20 88 90 34 61 64 4 22 64 62 9 10 49 30 60 7 17 66 88 93 21 34 64 63 33 74 10 28 35 66 83 70 83 73 77 9 15 19 11 86 3 10 58 93 2 42 37 79 72 99 15 97 42 14 30 83 23 83 22 52 70 45 28 42 29 94 13 58 29 96 80 36 84 24 91 7 32 3 75 58 3 33 2 13 33 89 61 8 99 16 22 31 78 65 25 47 5 59 46 35 35 23 45 48 27 14 85 62 14 50 66 10 76 13 64 19 30 99 77 62 18 63 85 81 34 75 58 11 17 50 27 66 14 60 36 4 15 39 59 39 34 40 34 62 88 4 30 20 96 99 75 62 95 74 28 67 15 14 85 59 47 3 15 36 75 7 45 56 34 3 90 4 73 67 41 54 50 24 75 46 59 48 3 77 3 98 6 7 43 46 35 86 39 15 72 89 89 13 18 87 98 64 21 28 21 40 72 34 6 80 97 26 9 71 89 50 11 34 42 32 57 70 83 64 41 15 1 2 53 76 43 51 24 14 31 68 15 18 53 54 93 64 74 6 76 13 37 50 33 80 73 19 34 34 10 25 94 60 96 53 7 66 86 48 19 54 77 52 77 73 74 87 44 32 56 33 69 42 32 21 10 26 93 10 29 1 51 51 25 19 33 58 43 22 15 69 85 81 60 83 5 61 62 70 76 32 17 4 47 1 16 61 98 76 41 44 62 74 60 35 61 28 21 56 29 28 16 83 39 62 33 98 44 26 72 15 79 47 84 28 84 83 8 51 91 18 62 41 16 8 23 84 4 64 49 2 29 62 54 60 16 61 65 7 32 69 66 63 56 31 85 36 63 76 9 71 21 14 59 33 2 21 26 61 35 40 33 32 66 99 87 86 38 74 64 35 9 15 24 16 14 6 42 3 2 74 11 17 67 47 97 13 99 8 85 88 64 5 1 15 3 12 63 33 89 62 26 89 72 31 82 43 25 13
90 50 49 81 16 66 26 90 18 40 61 69 97 13 57 34 82 84 2 58 33 59 93 96 25 75 19 7 33 13 79 26 17 7 77 6 98 67 50 55 13 66 43 67 81 13 48 68 11 3 76 70 26 65 91 53 72 98 84 72 30 68 85 95 98 57 89 5 94 69 59 67 77 46 25 34 30 78 13 83 88 82 72 66 13 8 9 69 41 27 64 21 38 29 59 87 19 60 76 27 39 4 19 50 57 59 48 72 32 24 60 83 50 52 22 9 91 60 25 35 93 43 79 71 84 13 83 3 82 73 82 69 74 36 39 30 99 78 93 76 22 12 81 6 48 51 65 10 57 99 28 87 67 81 67 38 43 14 83 15 93 60 21 2 97 94 88 48 41 65 7 99 72 70 41 88 63 62 52 24 20 37 27 53 47 30 25 97 27 42 77 91 4 57 10 64 82 41 61 88 62 19 50 11 59 75 62 5 60 68 16 13 16 61 83 14 57 55 76 23 19 49 86 60 33 3 86 58 10 5 77 46 82 68 82 50 50 79 36 49 1 56 84 3 20 2 48 74 79 90 54 53 65 13 62 21 73 13 62 2 97 20 1 64 28 3 13 18 30 38 58 41 22 43 24 2 61 66 3 67 94 88 1 5 51 29 86 19 18 33 20 37 37 15 50 60 41 31 86 58 91 10 16 9 15 14 79 94 63 91 41 5 31 23 50 17 73 19 67 1 14 35 18 79 82 10 41 64 53 26 19 89 30 88 81 63 16 3 83 24 33 37 70 76 34 7 24 71 99 30 80 10 50 18 85 16 48 61 77 92 2 55 19 2 86 59 94 40 64 80 63 75 84 47 41 40 38 27 38 37 54 49 7 71 74 87 78 37 39 84 35 81 63 36 83 4 28 45 5 60 99 5 5 39 49 3 45 35 58 24 76 94 67 72 48 9 69 13 98 40 73 61 52 61 45 95 86 82 37 56 62 42 62 1 45 96 6 49 81 3 34 69 20 78 19 84 9 38 53 41 16 78 1 40 12 43 13 93 83 70 56 49 8 9 86 54 38 29 11 79 24 41 63 35 46 99 75 69 36 38 25 41 66 48 51 93 50 93 66 11 26 82 15 41 66 46 91 63 21 58
72 60 81 74 35 76 1 23 99 73 35 94 46 65 83 31 31 93 85 73 92 68 99 28 91 42 85 95 85 59 70 13 24 19 19 3 94 95 99 20 88 7 10 10 93 91 76 62 67 96 70 61 63 32 66 97 86 2 89 22 80 48 29 50 48 78 58 81 82 9 94 96 53 77 72 6 3 61 56 53 50 56 16 61 70 38 79 53 55 57 39 67 29 12 38 88 71 84 37 81 74 86 97 41 45 62 41 32 53 55 15 79 65 32 12 70 22 26 20 1 37 30 58 26 51 32 70 44 31 79 32 37 23 27 15 90 94 39 2 61 66 53 25 53 35 50 82 84 15 42 59 29 12 69 11 46 62 93 87 19 45 35 66 40 43 64 46 81 64 44 73 75 40 26 15 36 62 41 14 2 42 47 45 6 72 11 24 14 16 73 11 90 36 28 2 14 98 28 41 6 36 98 78 4 82 91 56 73 11 3 12 48 18 38 29 88 34 9 86 5 51 17 92 78 44 87 18 76 90 46 22 88 57 31 26 50 63 73 9 7 6 28 12 28 23 48 83 67 98 97 65 99 6 82 10 76 76 88 61 15 57 28 40 44 20 7 84 55 3 3 18 6 73 73 6 69 84 95 10 67 66 5 90 67 10 46 82 51 39 31 57 72 71 42 59 18 15 6 32 94 86 11 15 10 58 7 16 87 49 44 92 47 89 16 81 1 15 62 1 48 86 29 95 17 42 3 14 51 48 13 62 90 14 10 13 29 82 76 72 28 55 52 39 4 92 89 97 91 25 13 59 16 42 93 5 86 52 20 23 48 20 71 53 36 45 83 60 64 49 73 44 55 90 97 89 30 84 22 88 35 87 93 6 51 2 90 92 33 96 57 43 44 30 96 82 36 58 55 74 52 58 33 8 1 15 4 59 6 96 15 64 87 4 13 97 79 60 41 82 30 81 36 2 26 57 2 97 51 71 81 17 97 44 61 82 11 31 55 76 29 4 50 43 72 96 3 65 2 29 53 47 21 36 80 97 58 4 92 22 92 84 1 82 5 50 93 21 12 86 90 79 79 59 36 38 39 4 33 36 17 72 65 79 10 97 27 85 58 64 42 11 65 31 89 4 10 64 27 7 73
