10 20 2032 0.60
17 93 82 68 80 43 80 25 4 77 30 21 14 78 72 67 13 4 64 77
70 77 2 69 57 71 59 46 76 85 82 33 59 35 46 3 83 76 85 85
65 84 77 96 57 66 59 3 86 10 32 98 70 19 21 50 70 86 76 10
32 96 98 45 31 1 31 60 95 9 77 22 73 58 25 87 64 95 11 9
93 34 10 5 79 39 30 43 7 22 10 77 11 48 14 30 88 7 14 22
88 29 34 39 26 72 53 79 72 62 95 36 57 93 42 9 19 72 99 62
94 14 74 62 98 48 93 77 46 77 30 45 98 39 17 43 79 46 88 77
75 98 80 54 77 38 90 67 67 13 36 96 15 55 3 25 92 67 35 13
61 51 97 73 3 96 65 21 61 25 31 26 56 24 75 29 97 61 27 25
66 67 48 90 36 69 64 63 27 46 72 81 81 31 82 85 38 27 44 46
