20 500 42470 140.48
9 93 93 90 88 97 98 88 96 50 69 44 78 71 81 22 26 83 96 66 97 69 92 96 63 88 31 80 22 45 47 83 93 53 86 72 55 38 57 28 47 5 74 72 63 90 33 88 6 66 89 84 6 73 73 41 66 33 59 11 34 80 35 80 49 84 20 14 40 14 86 50 77 87 66 58 40 64 50 41 12 53 77 22 24 6 96 38 74 33 17 74 29 68 59 65 77 51 50 74 70 93 88 69 58 85 38 37 8 8 9 27 28 19 25 45 48 13 39 37 9 19 9 16 20 6 77 58 48 86 34 43 14 77 26 60 33 59 65 16 80 12 93 54 69 14 92 68 99 78 12 8 26 98 70 40 22 34 76 60 99 63 46 20 11 99 29 11 42 53 38 69 68 45 88 44 73 28 81 61 83 44 58 94 18 77 49 42 62 30 83 55 87 24 30 11 67 18 5 22 15 19 86 73 55 38 16 65 3 49 13 77 15 2 76 35 37 68 83 13 74 1 39 24 54 74 36 94 87 5 58 44 39 59 52 20 72 88 93 70 89 35 86 33 83 47 12 33 54 75 29 27 22 34 97 51 57 32 17 4 26 68 81 41 57 53 10 21 6 61 37 32 5 74 10 48 50 50 69 19 95 7 13 76 99 76 11 11 60 40 29 55 45 93 92 14 37 9 15 11 12 27 64 50 94 91 84 1 18 11 3 16 15 8 36 51 82 22 84 97 39 6 70 55 84 20 20 61 5 40 37 1 84 11 31 71 79 36 41 35 44 53 20 95 41 89 73 63 82 59 28 72 71 70 77 79 90 63 33 23 41 70 9 24 8 8 17 65 92 5 85 3 38 65 15 26 97 28 78 69 10 20 45 81 45 48 62 4 86 64 65 22 29 40 53 53 67 34 56 17 27 22 78 90 30 42 17 53 3 14 54 34 63 37 49 43 88 56 49 22 12 4 81 90 95 97 55 10 54 68 73 79 93 44 65 93 50 61 16 32 85 98 53 35 41 15 33 77 36 26 77 97 39 93 86 76 42 35 18 70 95 95 4 30 45 52 58 22 17 5 13 55 94 60 47 3 21 12 92 81 58 68 8 69 32 55 9 92 65 11 82 30 12 46 5 27 72 92 84 66
97 84 79 33 80 34 7 70 25 89 40 79 87 11 34 88 83 93 86 95 13 46 15 61 99 79 93 90 69 41 64 2 98 48 80 70 80 37 7 26 79 26 15 60 94 92 38 15 16 58 19 86 92 12 67 74 46 85 85 95 75 36 3 70 26 81 97 42 81 38 14 58 22 69 10 27 82 51 87 28 98 82 22 39 61 18 67 56 58 65 96 78 87 75 54 20 17 90 78 16 23 15 79 80 19 64 63 86 43 61 26 72 8 57 93 74 5 69 99 92 31 40 58 59 23 77 18 5 70 34 43 9 54 58 59 87 96 71 96 22 72 48 77 27 63 24 26 58 74 56 30 13 19 49 11 21 75 26 20 62 6 27 51 99 47 51 52 81 60 89 91 70 94 44 72 90 60 18 28 48 60 27 36 21 32 47 77 55 1 69 39 29 80 82 46 25 13 81 28 81 36 54 59 74 66 30 83 5 97 43 90 50 14 81 83 43 59 32 23 38 34 74 10 41 51 11 57 84 58 56 2 3 36 27 33 14 39 56 45 81 97 58 26 51 28 33 22 42 70 29 6 53 26 49 20 29 99 42 46 6 28 68 50 93 92 33 84 13 20 12 86 95 70 9 8 85 75 69 37 7 31 43 33 68 40 42 55 37 85 1 92 18 84 29 63 33 4 58 14 98 65 23 33 10 96 88 78 42 90 33 63 29 18 67 99 32 44 12 80 27 8 29 65 23 31 25 20 70 59 48 60 17 34 89 16 27 5 29 49 2 70 40 24 53 51 23 2 57 74 96 24 15 86 16 72 92 24 90 76 16 48 21 7 5 70 20 4 13 48 41 55 91 31 73 46 15 3 81 11 30 83 33 90 75 73 26 4 98 16 69 56 94 3 46 25 45 4 24 9 26 41 17 58 88 39 18 10 95 17 9 83 74 1 61 41 85 6 17 47 96 29 71 13 87 90 64 65 30 74 33 12 60 1 8 6 80 1 36 84 64 65 15 82 24 88 98 15 28 9 27 35 41 96 56 55 55 58 71 53 4 34 98 8 18 63 93 2 5 4 30 13 10 80 65 15 47 4 51 38 63 7 41 42 35 61 35 49 28 51 41 87 24 19 13 38 93 34 23 91 95
16 69 93 94 64 39 67 26 93 90 72 88 98 30 86 83 42 38 86 41 51 93 43 25 63 23 23 22 28 92 30 72 21 12 46 30 25 60 55 72 95 95 77 25 56 88 64 6 65 59 31 86 14 4 92 99 22 9 90 16 18 94 85 26 94 30 42 86 28 60 57 22 11 5 86 59 53 27 60 87 53 50 69 97 6 95 21 37 87 23 69 1 96 63 71 81 5 24 3 70 13 18 31 76 72 62 73 22 23 93 95 61 81 56 25 69 69 85 68 18 67 29 82 17 99 12 89 74 49 52 6 97 8 86 16 22 34 52 3 41 50 11 81 77 11 10 98 35 50 90 51 25 37 27 66 69 8 80 39 87 30 70 1 13 88 87 63 80 61 94 57 2 2 71 31 44 43 86 62 73 56 72 83 96 12 42 5 50 26 72 35 24 18 18 94 47 83 85 96 68 40 49 47 52 38 72 13 97 83 20 89 57 92 75 49 23 53 24 45 39 44 63 95 60 65 91 24 61 61 30 17 79 86 81 34 88 10 50 26 53 51 39 38 26 25 27 3 35 37 40 62 61 19 39 59 98 85 94 7 31 83 19 65 26 69 65 33 8 13 3 78 77 25 10 85 18 60 75 61 82 80 39 89 45 21 39 58 16 96 21 93 10 6 25 46 52 31 48 84 97 57 14 87 70 34 59 49 35 99 70 43 38 47 32 7 71 57 16 89 12 51 71 45 62 30 56 53 49 44 52 49 83 81 90 82 92 74 39 58 81 2 83 91 16 59 44 79 66 72 85 64 16 80 10 45 11 86 27 60 59 28 60 78 10 18 3 35 89 83 36 53 20 26 38 63 11 14 18 34 23 15 40 74 44 5 98 47 16 66 20 33 46 11 81 59 39 55 92 9 72 53 77 91 15 64 69 87 23 65 8 16 15 19 57 7 48 48 30 21 2 89 86 93 27 27 4 98 8 76 83 19 23 19 57 90 98 12 40 94 8 37 74 91 32 15 59 46 45 70 25 3 85 19 77 74 21 80 60 57 7 40 51 39 84 61 95 17 33 92 77 5 95 91 73 71 97 77 71 15 34 84 72 88 81 8 51 78 31 74 74 94 42 44 34 73 44 14 14 93 41
55 84 85 42 88 77 85 15 56 98 69 85 66 66 57 93 79 92 75 73 90 38 59 20 46 3 52 41 66 78 88 56 44 55 79 68 10 45 60 75 56 11 51 79 13 75 42 56 86 1 97 35 77 59 61 70 6 67 50 26 27 15 53 98 72 12 13 57 35 10 84 77 95 61 45 39 39 87 50 95 81 3 17 14 49 36 16 30 40 82 91 46 54 28 63 73 30 91 7 54 57 14 46 46 75 21 92 65 2 52 13 65 62 74 49 14 8 59 49 74 86 82 36 19 56 30 37 60 6 46 99 1 53 35 91 31 50 96 73 79 21 81 95 33 80 34 40 41 23 68 70 38 57 28 78 90 71 31 78 72 81 47 2 9 62 65 67 58 14 56 5 73 75 53 79 12 52 30 41 85 93 64 63 74 34 91 88 89 55 30 79 13 1 1 6 31 25 10 7 34 17 12 65 72 69 51 43 46 48 78 31 69 8 88 14 33 21 80 36 37 44 4 31 91 49 52 47 79 66 2 66 84 60 66 46 55 41 85 11 49 16 17 58 32 27 10 90 42 9 10 7 27 80 84 69 66 98 66 96 87 53 59 37 86 46 69 37 21 30 81 16 62 73 14 44 41 81 4 38 5 32 8 13 43 66 6 2 81 38 6 83 62 97 84 5 43 33 45 99 60 75 39 91 23 99 45 36 23 35 29 16 54 1 20 33 71 51 15 61 22 38 59 1 67 75 2 54 60 5 69 97 53 32 63 48 37 37 95 71 39 35 65 99 43 26 12 22 3 83 49 85 35 26 19 59 60 12 59 70 26 77 42 11 37 81 48 87 16 37 20 43 28 44 15 87 12 69 87 14 15 1 14 50 10 33 34 14 22 98 26 11 34 45 66 51 47 89 73 62 28 11 13 17 23 83 42 9 5 22 65 97 5 69 37 41 8 38 95 60 20 20 29 47 45 5 9 39 52 18 36 27 32 26 34 93 67 91 28 10 91 27 3 58 69 67 96 33 98 70 97 14 55 37 82 59 44 71 68 7 27 62 80 3 65 31 37 66 57 37 61 63 94 34 56 16 56 46 45 25 54 56 84 36 60 51 24 74 71 43 27 58 17 80 49 14 27 78 41 57 73
66 74 84 73 54 7 41 12 10 49 99 93 70 79 28 95 91 96 15 82 26 26 43 95 71 82 6 35 38 6 55 88 79 55 95 55 97 62 99 89 33 62 27 82 23 3 66 94 91 21 88 45 14 41 80 79 97 94 67 66 92 28 76 32 79 60 51 64 19 82 3 53 89 27 37 84 66 16 34 61 64 49 47 70 76 37 65 92 16 93 28 33 53 32 18 58 68 42 4 80 47 62 84 7 68 86 44 11 91 49 13 71 46 12 96 58 32 51 20 85 15 50 96 47 55 2 23 33 99 1 75 71 22 43 79 47 25 2 2 99 11 98 28 33 68 87 81 86 19 46 51 72 57 64 9 63 92 96 72 30 60 35 12 63 69 66 59 49 39 65 88 51 76 3 38 86 69 80 54 97 38 4 75 12 10 53 1 54 14 63 40 4 17 92 89 96 92 64 30 99 72 68 28 79 29 11 66 79 55 6 69 30 43 82 24 52 90 1 18 59 56 89 37 96 40 24 4 80 34 70 29 23 3 34 65 52 10 43 41 36 95 9 31 46 13 81 89 69 94 79 8 78 58 47 61 39 80 16 82 25 90 83 71 99 90 58 66 46 83 31 28 77 32 49 13 93 74 39 2 17 65 80 51 16 14 92 91 45 97 23 31 7 27 43 38 41 14 7 61 16 63 70 15 14 9 14 44 8 66 79 87 11 45 44 27 39 68 71 76 96 49 10 15 18 43 63 57 56 94 84 90 33 72 31 27 39 84 92 45 80 2 23 34 20 83 15 14 43 4 28 3 17 90 38 20 43 34 3 8 71 53 66 33 69 74 54 3 47 74 85 78 23 96 34 79 54 98 70 47 20 61 2 63 13 74 87 64 57 53 73 66 54 16 54 73 75 32 88 42 17 53 13 69 50 43 9 24 72 90 44 97 37 6 21 26 2 64 24 68 75 19 68 5 1 14 81 13 13 43 81 63 17 31 23 13 36 9 19 76 81 40 89 27 32 76 55 44 73 18 84 70 62 6 49 89 92 73 23 26 8 97 66 49 4 2 34 29 83 70 94 63 90 65 19 65 97 33 54 23 36 50 79 9 47 84 20 32 15 40 50 68 77 9 69 14 45 32 81 30 82
79 56 77 88 27 89 50 95 8 20 54 60 81 91 99 62 77 80 79 75 86 64 61 42 87 48 49 91 87 95 69 52 14 97 60 73 12 98 82 75 23 92 44 40 44 57 86 67 23 50 29 92 97 83 15 20 79 75 1 83 84 98 74 54 12 22 68 38 21 89 47 17 72 21 63 42 30 93 34 50 31 80 18 26 35 62 96 62 40 77 84 46 32 11 88 43 40 53 20 75 90 96 84 64 78 83 61 75 39 21 36 28 1 94 11 71 60 42 33 68 26 47 80 73 56 46 77 56 39 52 69 97 60 84 47 12 78 75 49 77 95 78 55 76 69 22 98 63 61 46 85 27 43 13 66 14 59 27 4 7 22 76 33 88 25 2 30 48 18 60 73 92 53 95 57 12 56 76 77 81 58 1 73 99 12 19 97 32 18 42 61 98 37 97 8 5 68 79 18 27 85 51 78 11 93 33 37 24 51 45 29 22 43 63 5 48 4 41 54 64 25 38 76 8 65 20 89 84 76 56 71 10 97 55 26 94 3 87 65 95 14 79 57 13 32 39 7 3 90 92 51 55 2 38 74 2 44 24 10 33 1 89 95 79 74 78 73 29 85 26 86 76 32 66 73 21 37 70 80 27 19 79 18 23 20 95 62 81 70 66 7 75 89 43 41 71 3 41 22 62 10 17 81 7 89 12 55 74 2 91 18 31 54 36 80 40 14 9 59 38 42 69 7 26 74 1 32 95 19 75 31 51 84 19 63 20 26 21 98 70 2 98 26 1 46 17 99 58 32 72 31 24 49 2 39 79 26 84 16 7 79 67 34 71 24 93 43 19 9 44 19 75 36 25 94 70 30 34 89 29 5 94 71 62 94 39 65 9 99 28 96 82 27 83 14 30 88 3 85 89 34 84 73 52 52 94 61 40 57 34 59 15 93 83 59 11 54 9 66 41 99 1 57 69 62 79 50 34 76 27 13 69 17 83 63 94 26 73 65 53 99 39 72 10 6 92 10 63 2 19 49 23 6 65 64 28 88 92 73 6 82 30 83 55 9 82 71 60 59 9 77 49 13 51 21 56 92 25 1 82 20 39 61 88 69 36 24 31 1 11 18 15 70 72 45 52 70 65 53 75
94 32 62 40 92 69 70 49 86 80 71 56 78 93 5 79 12 33 54 22 73 9 50 90 21 25 54 67 76 24 89 89 63 48 94 41 41 74 98 45 87 31 49 87 77 40 84 83 12 70 1 55 40 7 90 75 63 23 64 7 89 94 46 83 93 37 63 29 20 68 47 46 23 5 37 71 9 94 86 75 7 40 29 94 11 83 35 90 4 77 34 31 35 70 86 24 10 33 49 40 20 60 97 20 9 73 54 47 19 80 82 30 17 56 45 74 1 27 35 14 50 55 78 62 74 13 57 83 96 82 5 14 19 46 52 39 33 48 96 71 86 86 39 98 4 19 6 91 62 96 38 6 69 46 90 14 75 47 19 67 26 65 39 66 91 27 22 32 15 75 79 50 48 9 39 19 56 50 73 89 54 24 34 20 34 46 27 51 24 76 99 89 8 42 18 20 27 63 71 19 64 99 15 20 10 36 91 54 25 64 53 29 23 22 17 32 80 83 78 30 19 96 97 42 83 72 19 54 36 90 69 60 54 77 53 78 51 72 23 5 52 6 63 20 86 4 8 34 17 26 89 67 18 28 28 47 61 80 95 85 59 17 30 3 60 31 6 29 36 79 42 93 61 24 26 37 70 31 97 33 63 18 74 95 21 93 14 9 58 76 91 40 85 4 49 43 61 29 23 5 93 40 73 71 72 15 48 63 59 19 73 10 24 44 61 52 11 98 37 13 20 46 20 6 62 72 5 32 93 25 50 93 73 58 25 94 49 44 14 18 41 48 40 77 96 4 40 99 5 96 95 56 20 43 71 74 63 72 73 98 8 98 58 6 37 94 54 50 89 15 84 34 7 29 7 57 27 32 77 21 85 9 72 12 98 36 60 2 47 19 47 53 21 53 89 38 84 56 81 26 74 83 71 75 99 34 63 97 14 21 8 91 81 72 63 47 75 69 63 52 31 56 63 59 87 85 3 14 87 5 86 26 44 99 6 17 39 55 29 23 50 74 41 73 25 17 98 26 29 74 84 55 18 14 72 56 93 60 63 60 10 26 3 15 41 67 69 61 90 83 56 70 84 16 68 93 34 28 76 91 27 37 59 48 90 9 70 19 42 24 32 62 97 62 88 46 97 35 21 22
48 89 8 25 82 46 28 93 34 36 62 24 78 74 58 22 65 92 61 61 65 63 40 20 81 79 9 53 89 93 30 32 44 13 73 52 61 33 35 19 97 56 22 69 60 77 4 4 94 98 64 2 52 73 86 40 41 38 68 1 12 68 99 71 32 70 96 4 82 71 15 73 1 81 20 9 82 91 69 30 85 5 93 25 63 18 36 18 63 99 68 52 33 93 38 16 41 50 63 67 89 53 54 17 94 64 70 37 59 10 54 56 84 49 36 19 69 53 84 58 78 71 16 11 60 91 99 94 6 25 62 63 31 34 4 93 43 34 21 65 18 23 68 7 68 12 75 19 25 33 18 68 19 25 63 13 87 49 77 9 61 2 53 91 18 83 14 13 1 89 33 57 52 76 6 49 77 95 49 45 35 64 12 11 69 4 23 19 74 49 98 81 71 96 60 53 2 88 69 13 48 48 9 79 89 20 86 95 58 2 97 49 82 10 51 77 58 50 17 99 74 8 84 64 33 11 17 69 8 2 2 49 5 15 42 87 41 33 49 74 2 49 20 79 66 58 52 60 54 68 87 88 59 35 55 52 69 94 2 51 39 59 62 90 75 11 65 93 45 38 95 72 12 63 22 3 25 42 32 46 7 6 96 27 10 92 19 32 70 62 27 91 34 61 41 12 94 23 39 75 81 60 38 15 78 9 5 48 61 7 77 65 84 67 45 93 43 76 25 50 27 8 38 73 36 45 33 88 67 10 11 93 99 9 23 20 84 67 10 37 5 71 53 49 1 71 59 58 80 22 30 51 74 75 35 38 24 73 62 39 52 23 7 91 42 7 89 96 31 68 25 31 12 6 59 48 26 60 8 53 3 3 22 37 29 46 51 89 47 64 29 83 94 72 54 79 53 3 47 43 89 59 69 72 83 87 39 40 15 13 62 4 52 69 4 93 78 45 83 34 28 75 36 97 40 29 35 12 80 76 52 36 1 6 38 74 21 50 95 96 57 29 79 38 31 17 24 45 44 39 98 77 18 75 12 51 62 54 98 90 55 87 64 2 58 77 2 71 6 34 60 75 7 91 78 69 94 98 62 69 91 85 55 68 62 57 45 2 8 47 18 56 50 11 51 23 84 94 70 61
95 30 22 54 96 70 89 91 31 64 35 52 30 94 94 31 57 49 38 78 59 25 69 42 1 96 2 35 97 58 21 83 94 48 90 38 84 28 53 61 98 36 94 89 68 17 3 31 52 91 62 39 51 73 29 59 39 55 93 54 92 10 85 88 63 81 45 93 99 85 52 92 19 23 20 72 84 31 99 91 25 69 63 85 75 8 20 26 96 11 36 65 66 66 22 9 66 24 82 42 93 72 69 8 79 70 61 81 52 36 61 57 49 63 66 87 57 91 80 92 13 93 39 27 97 99 32 98 97 9 35 59 53 31 33 93 58 22 94 74 96 74 69 64 80 97 3 17 6 28 50 78 84 3 16 39 23 17 21 69 36 30 63 57 4 93 52 50 18 99 51 36 34 70 92 69 85 84 5 82 82 63 61 60 9 23 52 3 2 16 12 21 26 44 18 28 36 9 98 37 8 23 28 5 3 35 82 23 21 76 61 22 73 30 62 46 43 53 15 96 85 17 14 40 85 62 24 81 90 88 24 4 70 86 57 45 56 38 11 10 17 12 33 46 95 53 28 64 3 58 18 60 10 63 83 16 63 35 53 42 39 90 28 41 63 42 91 15 21 74 9 70 67 66 20 15 73 10 42 80 64 43 39 62 80 18 9 55 26 82 40 17 59 28 44 6 4 48 16 97 99 49 93 15 23 15 66 1 7 75 19 91 99 92 14 18 9 57 63 92 84 84 23 83 1 65 28 21 36 73 81 1 4 91 65 40 14 22 89 62 9 1 98 27 71 76 16 15 89 65 59 5 29 54 84 70 13 66 53 7 46 14 39 4 5 92 39 26 20 22 40 99 84 59 56 37 86 32 51 51 12 60 69 88 88 17 90 69 1 45 85 85 89 80 46 48 79 48 27 99 67 50 58 87 5 99 98 19 84 15 86 64 54 32 93 71 91 57 38 69 82 52 50 13 90 83 70 36 67 74 95 37 19 11 10 36 78 44 21 31 38 41 42 10 72 87 45 29 37 92 45 57 68 46 82 68 83 9 25 88 55 80 43 94 55 82 24 50 21 56 31 5 14 84 60 56 4 47 9 83 87 62 43 70 27 47 58 51 69 29 43 73 80 96 6 27 75 19 49 78
71 71 91 30 69 75 23 19 80 72 72 72 53 60 97 55 74 9 84 50 17 47 8 91 19 77 76 98 34 52 77 96 59 57 70 9 84 85 91 91 87 15 93 41 33 72 57 81 93 82 23 48 82 20 51 10 3 20 17 75 78 58 69 64 94 75 64 24 32 66 12 50 31 13 90 82 8 65 79 15 65 82 58 91 77 15 25 23 35 13 34 8 11 86 48 77 22 85 62 16 93 14 48 29 76 81 45 26 18 85 41 42 70 18 69 75 68 78 24 7 68 97 42 16 22 74 27 40 82 91 62 28 10 15 85 88 81 90 63 14 54 3 82 54 47 84 48 93 48 48 90 66 44 27 46 3 55 48 61 66 58 21 68 16 72 68 53 7 38 31 6 35 63 14 71 1 76 11 52 53 14 98 50 54 5 36 95 99 6 30 7 72 91 71 33 8 97 11 67 24 67 98 14 6 49 93 7 12 58 73 66 14 40 17 47 2 18 22 99 23 72 29 18 56 59 21 22 94 83 38 9 61 7 42 39 49 36 76 34 13 99 41 45 5 79 63 6 11 23 35 77 45 57 67 68 43 18 18 22 4 31 18 2 35 56 15 83 69 42 43 71 1 61 19 59 63 40 18 52 85 39 68 4 97 28 90 51 49 76 51 27 34 60 3 66 68 40 32 70 47 97 2 41 40 55 98 46 46 31 74 76 96 83 99 41 12 46 11 40 57 27 88 15 46 61 16 93 32 30 46 76 28 59 29 23 68 65 17 49 33 69 11 88 50 21 90 92 33 13 80 93 62 88 87 79 83 12 33 46 73 55 12 35 8 70 53 96 49 87 11 52 6 54 11 8 38 23 97 10 11 99 21 99 67 14 90 57 44 75 68 3 87 79 66 84 33 62 82 36 71 39 26 4 20 13 75 31 38 32 60 69 26 37 59 63 78 84 5 67 38 70 39 23 19 67 29 46 64 75 88 41 35 58 18 36 76 33 77 34 22 67 53 10 62 3 94 9 17 43 89 98 20 22 94 46 38 43 14 30 25 60 61 63 56 36 66 9 58 97 54 29 39 40 77 45 8 25 37 52 6 10 25 25 72 36 5 71 55 45 60 28 73 51 58 82 30 96 56 89 50
11 44 79 45 34 78 76 70 15 77 45 75 35 99 84 63 38 36 70 70 11 65 86 83 68 55 19 60 73 11 70 76 45 25 43 48 90 95 99 78 5 51 67 30 73 84 3 68 36 56 12 16 17 55 10 32 37 74 22 91 76 20 27 13 62 9 27 73 80 36 44 37 37 30 56 73 93 78 52 3 85 57 52 37 49 95 72 42 23 16 28 86 57 37 64 80 85 75 49 96 91 92 63 48 6 33 91 21 92 28 99 20 40 34 65 78 6 4 50 26 89 15 33 92 45 57 86 86 41 54 59 18 66 56 63 54 3 97 29 22 64 15 39 34 67 66 11 70 26 36 51 96 35 47 21 99 74 97 88 83 19 78 66 62 65 33 39 73 84 58 89 40 34 79 54 65 88 51 19 15 69 52 82 47 40 30 93 51 91 87 30 69 80 58 7 71 58 71 62 53 67 27 64 49 70 24 98 84 87 71 33 65 12 51 94 68 22 75 46 2 18 23 63 48 80 12 53 89 42 52 39 29 14 63 45 72 94 13 34 71 61 56 55 40 45 80 1 81 53 29 12 24 85 63 7 36 43 87 6 35 8 67 61 43 73 10 12 31 22 26 84 77 1 52 20 88 36 34 82 1 14 21 89 7 61 68 66 47 26 83 75 2 5 12 77 35 51 23 5 65 61 9 54 67 66 57 43 19 58 48 64 80 46 71 46 29 15 10 38 45 92 39 14 55 95 33 14 30 33 98 80 49 72 74 43 72 78 29 10 32 93 28 91 43 96 80 37 79 28 4 95 96 74 76 27 55 23 68 43 33 67 38 10 78 79 19 58 67 97 97 68 30 88 58 61 23 96 1 86 11 30 41 41 39 7 51 98 11 16 97 41 7 77 16 91 35 76 35 5 24 31 43 48 57 61 14 86 47 25 89 64 90 44 94 93 78 64 46 83 29 19 16 18 83 57 61 73 96 97 41 16 29 29 92 44 69 54 46 19 97 25 97 93 86 48 33 27 79 59 7 51 25 97 17 75 1 52 55 34 76 2 49 28 84 28 32 39 65 67 8 50 10 88 23 83 31 89 3 31 97 59 74 89 1 60 99 49 77 15 66 30 50 86 61 68 19 59 95 82 70
24 14 44 58 93 90 79 92 96 67 71 38 88 13 38 45 32 49 70 71 57 93 89 58 98 83 87 25 75 46 9 71 20 38 58 45 52 48 82 14 70 80 12 98 40 6 68 47 49 59 75 45 45 3 65 29 55 20 13 68 71 92 13 36 21 69 97 50 81 99 58 56 66 93 87 82 95 49 2 34 49 58 77 15 76 81 40 89 71 3 18 37 87 99 31 83 59 15 73 51 26 53 97 55 68 77 56 3 21 74 40 24 83 74 54 1 94 67 3 56 66 21 36 99 77 9 47 98 94 45 20 91 35 74 25 85 53 18 60 4 38 30 27 46 98 19 61 96 17 95 84 28 30 7 80 26 45 37 63 25 50 60 70 36 25 84 18 66 94 59 9 33 46 68 18 63 67 52 87 68 71 95 84 14 19 59 50 93 20 12 22 93 70 51 85 66 8 54 57 57 88 70 7 94 54 55 14 40 32 23 37 55 58 56 62 78 87 3 1 10 65 64 87 16 90 86 74 99 84 79 4 7 20 5 61 46 77 27 90 88 23 59 52 10 13 36 73 42 49 34 29 27 19 18 43 35 5 58 86 50 29 29 81 58 53 63 98 69 84 27 37 25 48 88 84 86 73 26 84 99 56 9 92 98 6 99 5 32 76 18 31 54 13 43 28 93 54 51 36 1 36 15 38 2 69 91 78 23 88 13 72 61 62 71 67 34 15 16 70 90 53 8 20 95 6 34 37 58 89 86 81 86 54 7 20 13 98 14 83 55 30 93 79 83 44 89 10 76 46 66 18 22 38 47 49 18 52 94 22 23 59 90 60 11 36 12 8 15 22 49 16 92 23 19 54 98 58 25 71 77 39 12 90 11 61 96 93 74 13 47 97 52 15 88 82 20 66 1 99 56 22 98 76 32 55 28 28 5 66 54 1 67 15 52 29 88 63 26 4 46 89 68 22 39 93 84 66 62 59 72 96 42 94 80 14 50 48 6 96 27 48 94 42 91 62 2 7 54 5 29 90 41 74 92 41 9 72 73 52 10 82 13 37 60 6 82 4 54 8 66 11 57 61 48 58 13 85 37 14 33 20 4 8 17 94 97 34 58 56 84 76 63 99 78 50 52 24 86 14 71
2 95 21 50 78 80 36 7 56 48 56 24 13 36 28 74 72 65 7 4 40 53 82 75 73 95 71 89 53 65 12 2 68 11 28 82 51 35 65 86 50 40 84 16 43 11 57 20 24 43 70 32 79 94 60 93 55 99 90 58 18 75 97 6 58 8 61 92 83 95 35 41 17 20 39 32 66 36 87 45 12 42 56 54 87 25 79 80 56 63 67 48 63 15 34 36 52 71 15 92 37 68 14 12 74 47 82 7 10 59 66 69 89 61 23 10 34 7 57 26 24 74 23 38 90 70 47 16 32 24 94 72 21 12 81 79 73 60 20 65 31 90 70 18 50 34 79 10 93 14 64 98 56 1 89 67 37 19 86 53 47 19 69 25 70 41 97 27 97 80 23 45 38 88 28 63 35 7 43 4 47 20 35 23 97 43 70 30 58 28 24 71 79 48 32 11 43 44 14 76 54 87 82 31 32 74 43 16 7 57 29 23 54 28 45 78 51 86 51 17 19 55 61 87 5 77 21 32 49 63 33 43 74 16 53 14 9 14 70 77 18 61 34 41 8 56 80 66 46 61 6 75 24 8 63 73 4 41 2 42 54 49 77 46 9 71 10 85 9 19 41 55 99 47 3 47 94 19 33 51 80 83 82 35 96 44 86 18 39 22 51 2 8 88 12 38 4 28 7 43 28 7 88 98 32 84 4 77 60 28 67 68 28 1 45 36 84 31 26 90 18 52 26 72 80 22 97 26 47 84 44 33 99 53 32 8 32 6 75 80 88 99 46 77 80 59 68 51 16 56 19 6 25 96 4 31 99 47 69 80 38 26 82 64 11 11 66 86 15 12 54 67 96 56 78 64 88 62 7 89 61 96 15 41 1 98 56 9 79 42 5 48 24 59 53 57 80 1 63 38 88 55 82 62 73 36 58 77 22 29 6 92 7 19 79 91 13 15 92 93 66 2 26 56 40 7 26 97 21 91 24 93 58 25 54 18 8 81 16 11 99 34 84 52 70 96 55 33 28 34 75 16 47 7 99 93 62 7 53 91 21 58 41 80 28 63 33 34 47 14 22 59 80 43 68 45 18 97 23 92 76 89 32 96 82 32 86 21 27 5 92 34 16 91 68 20 74 38 75 4
99 67 19 58 15 36 94 30 80 84 99 91 71 43 3 47 88 96 97 3 35 11 20 69 88 78 87 1 36 85 63 13 37 99 6 63 55 92 13 28 65 76 55 5 64 87 90 40 38 97 99 76 99 66 52 50 52 75 4 62 63 60 36 73 99 53 54 73 19 54 78 47 26 33 44 15 94 67 95 47 92 95 83 64 63 23 29 62 75 14 64 75 49 40 91 7 4 83 45 76 6 51 90 31 38 39 21 86 92 60 24 64 11 56 91 24 89 86 87 34 79 92 85 75 31 30 23 23 98 67 76 88 11 32 91 90 60 28 65 61 36 63 76 37 59 46 37 5 84 27 38 36 87 95 47 41 37 80 10 4 70 41 24 5 60 78 19 59 48 2 34 38 46 97 72 40 53 48 2 32 6 65 11 42 31 2 40 88 81 5 9 79 58 22 10 31 29 17 96 23 71 8 39 11 89 48 7 86 42 45 78 89 17 50 81 53 39 8 72 16 92 93 8 50 81 16 65 47 51 33 75 86 26 79 61 29 94 20 26 39 11 62 7 39 64 36 89 92 44 92 53 25 95 44 81 5 41 48 27 49 77 69 82 97 79 91 34 28 33 82 35 15 91 70 78 5 45 87 62 89 79 14 50 50 26 30 13 11 4 53 4 34 52 5 42 48 53 95 53 36 9 9 91 11 25 11 12 12 93 72 63 59 59 77 46 92 31 39 45 82 4 2 60 26 25 8 90 77 16 94 41 98 45 63 38 30 9 98 81 11 61 47 2 85 97 65 76 62 15 21 12 10 45 39 66 30 49 37 70 46 84 28 24 15 82 36 4 87 19 73 43 28 33 10 32 49 81 68 75 25 98 78 33 79 94 99 56 55 18 30 12 62 58 40 64 31 33 24 93 99 29 67 94 21 88 42 7 30 97 70 91 22 62 51 6 48 91 79 78 77 60 35 87 89 6 49 5 16 46 86 57 56 35 78 28 23 81 24 9 75 72 53 57 56 33 59 10 44 89 54 83 76 1 17 84 64 31 2 25 8 76 80 22 91 33 18 75 21 69 54 12 78 52 4 7 76 51 41 81 20 18 29 22 19 75 26 3 57 87 33 5 63 64 18 3 36 41 66 11 3
74 91 54 61 70 60 86 78 91 77 91 63 90 91 29 47 61 53 63 35 15 84 88 98 75 25 60 64 48 74 88 12 73 37 52 65 77 30 25 38 76 92 65 49 65 26 80 69 94 46 95 71 44 21 77 98 88 77 73 82 8 53 29 11 57 22 99 82 99 95 39 46 80 70 53 81 69 28 2 87 11 73 10 97 45 94 25 80 15 15 96 95 7 75 66 50 65 65 78 51 64 83 7 17 22 70 14 70 73 24 29 72 68 9 12 1 87 21 74 75 93 19 9 33 67 69 51 73 49 67 12 10 73 89 95 18 84 97 67 48 94 58 68 46 8 86 20 12 91 15 29 46 27 38 32 48 32 64 5 90 86 48 12 31 40 46 94 17 41 40 99 30 89 20 5 69 66 71 20 75 10 34 3 11 92 26 51 33 52 94 48 68 49 24 83 54 70 2 31 43 99 21 59 70 26 34 11 47 31 52 48 20 92 71 77 38 40 46 16 42 63 80 74 37 75 39 88 14 54 27 92 44 91 5 91 84 10 85 14 22 26 79 64 3 46 71 69 31 92 32 81 28 58 77 70 80 64 15 50 24 8 60 44 3 38 40 11 63 11 35 30 23 81 21 21 19 6 3 2 83 69 35 68 74 73 51 90 28 82 1 29 70 26 38 21 84 69 27 21 77 40 92 88 76 80 53 43 27 15 95 31 31 36 5 71 48 36 94 37 73 9 73 41 80 8 27 55 53 75 60 31 80 22 78 33 16 40 74 95 86 17 50 88 48 23 39 36 18 88 31 18 47 85 97 54 14 1 80 64 88 55 42 80 81 16 64 94 37 73 25 18 71 54 59 27 40 42 57 25 26 15 52 79 16 99 72 60 96 33 1 30 17 18 16 97 76 49 31 56 16 11 22 41 10 61 36 89 11 95 4 64 64 48 26 7 55 20 77 91 61 94 74 48 45 86 7 97 81 98 9 79 93 51 70 6 60 97 76 27 26 48 15 25 50 73 94 6 79 7 62 62 28 29 36 78 17 19 9 77 92 9 57 54 20 30 12 92 15 19 67 26 41 48 17 68 28 87 49 85 7 9 31 16 45 7 50 50 71 5 33 39 95 40 85 74 56 45 36 19 35
81 1 92 98 94 55 31 87 97 56 15 47 73 59 27 47 77 46 4 40 50 93 86 40 94 21 98 7 11 51 91 84 36 57 53 91 9 43 89 9 69 2 56 79 95 89 95 55 62 55 25 27 70 90 70 46 23 66 78 5 40 8 15 13 53 88 92 93 24 2 78 89 94 78 69 21 46 32 70 75 35 9 83 27 49 15 68 33 93 45 37 63 68 28 36 9 97 3 66 8 21 15 46 69 31 90 18 4 56 54 44 91 1 86 73 55 32 71 60 15 3 41 23 77 63 54 80 93 31 34 84 84 20 27 80 86 55 75 82 44 37 24 42 70 96 33 34 37 24 66 40 30 64 83 59 43 65 39 20 58 87 74 22 68 12 12 69 46 43 21 1 64 92 77 26 65 37 69 3 19 21 72 22 48 27 79 75 97 83 86 56 71 60 54 72 48 22 41 24 15 15 98 39 60 84 50 16 58 86 49 10 53 70 14 89 30 10 86 59 68 33 61 97 23 28 52 90 46 24 93 29 40 88 7 22 9 84 28 61 17 60 43 35 88 37 13 7 13 97 63 22 20 2 73 24 83 56 43 13 18 13 12 65 39 42 50 6 52 72 21 88 27 63 17 53 26 78 43 23 1 80 51 6 72 35 37 92 55 41 95 33 49 15 34 33 12 15 5 28 49 57 45 36 58 87 25 68 39 80 20 58 35 23 5 17 83 29 20 44 58 54 83 2 43 91 95 13 20 49 22 39 62 65 31 76 19 59 34 73 91 34 63 35 98 48 94 12 55 98 18 6 13 32 76 46 95 35 90 61 1 76 84 2 7 69 4 96 18 38 52 64 61 99 42 58 65 68 92 84 51 53 57 80 21 95 81 33 47 29 67 55 18 75 50 17 56 31 56 68 88 47 74 45 6 73 46 41 99 50 1 29 68 3 53 71 35 92 51 66 28 53 94 86 85 79 94 41 32 72 53 99 68 59 31 96 38 83 31 76 73 53 79 96 43 2 24 83 94 60 40 94 12 64 9 53 24 37 42 19 21 80 17 31 2 8 10 29 20 15 82 77 91 5 39 76 19 30 64 80 56 64 15 64 71 84 42 76 86 44 19 24 3 56 20 6 88 10 46 19 40
97 6 77 62 33 80 75 68 75 45 58 35 9 72 55 67 41 4 89 76 11 1 76 34 33 24 80 80 78 39 15 30 36 72 56 97 71 12 37 34 75 37 54 41 15 73 26 69 27 76 82 78 50 82 44 41 68 4 43 55 18 58 91 93 61 75 73 69 36 20 85 81 13 90 63 91 68 82 5 74 52 39 83 23 11 20 66 99 72 88 18 92 48 94 33 18 97 63 29 30 73 83 12 78 87 79 61 80 19 7 46 49 13 22 74 63 62 4 17 71 37 11 80 40 13 57 56 40 25 20 68 58 93 32 21 7 71 61 29 96 48 25 63 3 4 96 94 34 36 67 22 92 91 79 41 38 83 57 50 11 93 38 32 75 95 36 6 17 74 26 55 76 36 19 35 47 25 43 23 76 10 90 2 42 49 69 8 23 96 33 63 43 95 71 33 88 17 11 39 81 95 8 22 17 13 98 9 97 4 34 31 81 13 45 24 25 65 66 93 91 43 64 26 72 62 27 22 23 56 58 1 35 66 33 11 73 86 10 46 25 51 29 59 92 73 66 67 26 93 95 34 38 97 39 21 21 56 8 56 55 37 20 75 52 9 24 82 90 70 15 88 34 42 40 91 84 44 50 71 14 10 76 13 28 64 51 76 52 69 39 74 58 90 94 7 9 41 86 48 72 64 53 16 32 51 16 85 1 22 74 65 9 36 34 4 24 91 14 45 20 87 58 2 37 39 83 26 53 65 79 25 91 70 46 3 86 3 49 87 29 50 28 26 51 52 62 64 56 45 28 76 93 34 25 20 36 10 43 20 18 69 74 77 18 45 60 56 66 42 1 75 36 18 26 63 41 40 35 88 26 33 38 48 36 91 22 57 11 33 3 80 49 37 4 7 1 31 78 73 52 38 83 41 21 41 74 31 39 18 74 20 33 48 25 24 24 87 64 34 2 85 47 80 2 61 82 31 44 42 42 52 51 98 27 50 72 67 76 11 29 12 88 64 60 61 25 80 10 61 23 30 50 53 8 15 82 67 96 97 16 62 9 42 79 2 7 1 89 33 43 99 6 18 21 99 47 52 22 41 36 52 71 85 86 11 77 40 8 79 26 21 44 76 53 22 19 69 22 50 76
95 56 90 1 10 71 3 96 50 82 11 34 35 40 72 28 25 45 3 97 94 6 80 68 94 27 45 46 41 68 83 5 81 7 57 99 1 53 92 62 25 46 26 20 29 15 60 84 77 57 67 29 59 81 13 49 95 52 64 39 85 26 69 89 20 3 63 30 62 61 53 67 12 36 26 14 99 80 3 20 45 96 51 5 24 98 30 69 1 45 34 94 70 25 69 55 66 47 64 50 26 64 42 58 98 72 15 80 50 88 91 75 97 83 92 38 95 81 27 51 50 90 1 65 78 37 32 16 12 62 2 6 95 80 16 87 11 16 86 94 4 67 71 53 7 99 25 8 4 28 17 1 64 67 21 50 93 17 67 35 58 85 95 37 47 77 91 63 93 20 50 64 6 41 49 71 73 5 78 93 57 72 15 60 91 65 73 28 99 77 92 8 17 58 54 28 46 62 4 59 3 3 49 35 34 38 17 75 42 68 73 49 95 16 28 34 62 61 52 11 64 46 76 78 76 54 18 21 98 27 42 89 87 49 24 50 4 13 35 34 4 75 98 53 75 19 4 3 12 1 54 1 38 91 4 15 78 53 8 21 24 6 37 92 24 67 30 29 33 32 44 12 34 40 88 57 70 91 26 7 1 29 94 32 37 13 34 55 69 9 99 83 36 32 61 10 32 99 26 27 24 37 61 4 63 68 80 74 27 85 43 13 14 17 61 22 30 24 59 81 70 58 46 79 15 89 14 40 57 81 98 23 68 80 67 51 61 83 48 27 76 3 88 30 58 93 2 82 45 3 71 21 76 81 87 15 6 75 2 44 73 91 64 68 96 20 72 51 13 29 67 19 12 34 31 11 96 4 68 66 13 71 41 2 54 58 35 80 35 87 18 38 10 89 14 39 28 40 8 23 56 57 75 78 13 96 26 36 92 9 17 53 44 3 83 77 39 85 58 61 43 16 5 21 47 75 3 12 51 30 25 93 18 72 11 40 91 28 45 11 46 34 7 67 92 39 89 7 37 59 31 55 97 29 20 53 83 14 36 14 50 30 1 82 80 11 42 57 33 7 2 55 32 66 41 66 18 96 30 72 61 52 4 28 2 14 39 23 7 63 26 87 56 70 25 2 96 35 16 97
46 6 35 12 18 55 51 6 77 57 31 94 49 25 13 69 80 52 11 17 83 57 83 55 14 72 5 66 1 56 45 76 22 63 12 35 84 83 19 86 6 58 72 91 70 49 83 30 51 52 57 72 12 68 57 8 55 50 57 59 12 70 49 39 23 57 97 54 46 8 97 84 63 64 77 89 81 25 56 95 28 51 47 48 7 59 88 92 24 97 22 43 54 55 43 86 50 91 89 89 91 55 96 57 1 19 43 49 95 48 7 75 86 71 12 2 86 53 37 75 3 65 76 97 99 70 45 80 4 51 49 55 92 56 9 4 67 74 76 41 10 41 12 54 53 11 29 96 7 37 82 32 3 91 68 11 29 93 28 97 14 33 59 9 57 61 84 37 62 12 65 15 47 51 23 54 98 53 63 45 38 32 49 37 71 88 47 53 68 77 54 91 28 94 73 56 57 19 5 71 5 24 84 24 54 44 47 19 60 67 31 1 71 94 35 38 24 15 59 60 13 24 19 33 10 35 81 77 5 21 53 42 67 10 21 79 28 70 86 28 88 47 4 34 69 10 84 93 8 78 16 71 13 64 9 57 43 93 98 84 28 90 3 34 5 33 94 36 35 16 34 47 1 73 7 12 83 96 77 13 15 97 66 14 37 68 50 43 5 15 35 76 1 17 45 20 1 71 94 52 29 1 68 24 51 15 70 60 75 65 4 40 65 98 23 7 90 13 96 9 84 89 69 52 37 15 4 15 93 62 53 20 62 47 17 10 37 87 34 79 1 62 83 69 52 84 1 32 45 77 55 48 89 19 76 63 74 55 25 71 21 17 92 76 6 4 45 97 39 63 37 36 53 40 69 11 73 51 53 7 20 17 33 36 9 72 72 88 4 14 61 88 88 80 60 31 74 49 2 65 36 83 5 50 95 69 83 52 59 79 36 17 98 6 4 85 15 53 70 72 44 48 82 37 39 19 58 3 53 81 53 98 5 5 75 48 21 46 67 73 47 9 46 18 26 9 12 91 91 13 68 30 75 54 19 26 94 70 90 86 75 29 92 43 40 78 53 58 58 14 13 36 70 69 95 75 34 7 15 49 5 77 34 78 69 8 19 77 80 8 41 27 19 84 67 41 20 63 23 17
75 32 65 65 16 17 91 59 54 37 88 35 41 71 92 9 77 29 54 53 70 46 35 4 17 53 97 47 44 85 74 96 57 90 42 63 62 96 23 18 6 88 48 74 77 91 38 19 75 24 53 94 71 68 19 99 66 81 25 60 18 78 67 59 7 64 15 4 58 24 5 10 62 38 1 13 29 13 63 14 40 27 84 54 44 71 39 79 62 78 77 35 27 85 22 98 29 20 70 77 80 49 53 86 70 99 10 76 66 15 27 66 38 77 46 25 39 74 31 50 39 8 62 49 73 57 64 1 94 78 98 54 52 84 97 35 60 85 12 89 51 62 55 36 89 24 36 63 71 15 20 65 5 7 14 54 12 22 13 83 66 13 31 21 83 47 32 89 80 56 30 54 64 72 48 21 22 46 19 35 9 86 97 30 82 57 70 43 46 73 38 51 32 5 78 80 84 20 44 9 92 24 59 10 46 39 92 3 14 7 87 98 44 45 23 90 27 27 95 69 29 11 29 88 2 44 16 27 86 89 58 14 44 86 50 99 27 34 60 20 39 27 54 25 41 95 51 9 62 84 82 61 40 42 75 94 5 89 75 24 68 1 43 34 25 6 76 12 7 56 69 35 5 8 9 54 15 11 5 1 83 43 72 96 6 56 37 86 34 81 5 47 41 70 85 94 39 58 44 62 21 68 10 6 28 21 86 48 68 73 6 8 70 34 99 89 55 88 83 49 90 66 14 69 25 79 3 85 19 86 28 33 45 82 13 25 44 36 52 82 37 49 40 32 8 71 16 62 40 75 44 66 76 48 64 20 67 72 37 85 82 1 66 46 7 16 82 15 50 32 94 13 61 7 61 59 52 40 90 74 66 50 46 36 87 18 11 18 1 47 38 55 33 71 46 17 21 72 52 76 19 18 61 23 72 57 45 62 47 56 46 82 12 34 84 2 47 97 11 19 9 63 86 37 3 70 72 73 35 74 82 57 28 41 47 73 51 12 14 76 73 19 67 40 15 89 85 86 57 6 4 31 4 72 32 32 41 12 39 82 58 63 41 34 75 5 58 58 72 8 17 89 82 35 61 93 68 9 27 74 62 18 43 44 97 26 49 5 4 98 81 86 53 49 65 25 93 47 81 53
