10 20 1901 0.60
21 35 55 37 84 79 49 55 64 80 15 85 46 65 18 93 1 10 49 80
86 44 58 40 74 51 53 58 83 94 59 22 19 65 7 54 24 26 3 94
89 41 16 53 79 55 88 16 17 23 15 2 97 11 26 13 55 81 60 23
1 71 16 89 24 25 47 16 3 58 46 67 1 43 17 55 91 73 12 58
95 71 48 59 94 49 19 48 94 86 60 41 15 27 87 15 72 48 75 86
51 72 69 80 37 98 61 69 38 57 47 66 62 34 32 31 32 1 31 57
96 38 94 42 75 7 78 94 10 80 41 7 47 47 9 63 26 17 70 80
85 97 62 37 16 65 78 62 62 9 38 50 39 64 26 38 11 68 20 9
10 49 7 85 67 99 30 7 70 62 34 4 31 21 33 61 94 73 88 62
84 19 55 30 60 89 41 55 17 65 22 74 2 83 34 90 3 75 9 65
