10 20 1733 0.61
6 7 19 51 75 43 58 36 47 82 94 49 73 31 47 20 54 32 31 82
43 55 18 62 67 18 58 1 41 16 3 75 27 52 41 12 61 21 87 16
28 67 85 19 52 23 4 81 31 45 39 90 85 77 31 7 9 26 21 45
83 79 44 3 8 92 37 66 43 85 1 5 51 38 43 92 31 29 89 85
50 31 27 11 54 96 58 7 12 25 63 7 33 4 12 8 7 51 61 25
19 39 24 77 82 36 39 82 71 85 86 6 8 40 71 48 69 57 22 85
85 42 24 58 79 25 39 55 86 44 44 13 95 50 86 16 58 74 13 44
12 13 40 64 74 82 43 77 70 17 19 4 3 29 70 45 88 22 2 17
68 74 67 74 13 46 68 67 15 3 55 40 42 88 15 95 8 46 36 3
66 42 19 30 18 66 79 29 32 30 67 40 92 13 32 41 27 50 27 30
