10 20 1918 0.60
64 16 19 5 1 35 65 26 96 51 39 9 35 17 54 86 90 13 4 51
48 11 78 93 24 14 92 16 6 24 73 22 14 12 87 10 46 34 16 24
30 55 61 2 6 57 83 87 94 39 13 49 57 32 33 33 42 52 20 39
84 37 22 18 27 33 31 99 24 59 14 16 33 87 87 87 34 84 13 59
9 89 61 90 60 58 98 15 1 81 5 57 58 90 40 38 25 66 16 81
93 21 23 73 51 1 13 92 44 95 77 87 1 93 5 32 69 2 17 95
71 56 78 21 88 40 20 57 34 63 65 57 40 29 40 40 35 40 48 63
72 58 69 81 63 98 41 93 65 97 31 67 98 61 50 68 7 20 89 97
33 86 34 89 97 44 81 39 95 35 58 34 44 6 7 18 8 7 12 35
85 55 83 32 70 84 72 37 47 46 59 31 84 31 49 27 40 54 25 46
