10 20 1776 0.61
28 77 99 29 98 34 77 11 92 5 13 42 28 36 85 20 66 35 47 5
3 46 1 22 1 74 85 67 25 29 86 2 20 39 20 67 37 39 80 29
97 79 17 73 59 35 18 2 12 83 63 71 11 46 23 67 35 27 51 83
62 22 19 35 50 69 72 2 46 27 46 94 39 58 22 16 47 14 63 27
5 20 2 39 28 33 67 40 60 72 64 51 6 36 72 25 13 85 60 72
66 96 76 66 52 28 44 56 83 15 22 98 64 46 27 83 56 26 70 15
95 75 57 90 43 47 56 77 3 9 89 58 6 14 76 42 66 35 39 9
75 1 89 65 12 34 1 47 21 22 85 6 22 23 13 85 59 62 33 22
55 37 97 47 17 41 90 60 12 10 6 46 33 65 93 71 72 3 5 10
70 14 5 27 79 1 14 64 33 91 54 42 78 30 25 53 37 51 9 91
