10 20 1921 0.60
58 73 84 64 46 69 31 12 65 58 5 69 88 65 95 24 4 23 46 58
78 13 49 43 29 54 45 12 66 49 31 52 52 66 46 83 21 98 63 49
50 56 49 9 60 55 82 5 7 3 8 94 76 7 20 65 3 18 75 3
55 98 36 38 72 23 58 28 15 29 19 10 69 15 21 79 11 33 38 29
90 1 52 2 55 10 27 98 81 16 74 84 76 81 20 37 21 19 10 16
42 57 6 79 3 47 9 96 56 99 6 22 61 56 12 53 54 29 49 99
7 41 5 16 85 71 82 50 8 26 38 15 12 8 25 67 9 20 50 26
32 33 94 85 93 38 9 42 51 74 20 68 56 51 28 91 63 15 70 74
76 71 89 89 44 68 30 83 55 41 79 69 64 55 77 46 96 64 25 41
74 83 92 69 50 53 98 8 81 24 58 19 50 81 43 18 21 21 20 24
