10 20 1943 0.61
48 82 33 9 70 9 38 97 69 71 76 22 86 93 28 20 12 29 19 71
36 44 5 91 74 91 36 25 38 13 4 15 71 46 21 23 27 21 54 13
20 38 83 96 5 96 72 80 15 80 24 78 7 73 75 98 17 27 78 80
80 86 84 73 47 73 24 11 58 53 74 5 17 10 49 30 10 69 88 53
98 16 95 37 63 37 1 94 95 9 19 38 51 89 2 2 89 17 94 9
89 97 52 28 61 28 11 82 42 21 46 4 52 5 76 55 49 87 58 21
72 69 17 32 39 32 60 71 26 34 27 70 3 58 93 95 47 60 18 34
52 85 18 27 96 27 76 70 42 97 82 30 59 23 49 49 57 2 63 97
80 37 67 4 3 4 24 18 93 68 26 68 77 49 44 65 28 10 67 68
27 8 69 83 46 83 74 43 13 14 63 3 50 59 28 18 67 53 4 14
