10 20 1969 0.60
16 19 98 36 28 51 37 39 33 82 23 57 37 1 24 37 39 27 84 82
19 23 7 24 17 7 92 9 65 86 37 7 92 75 26 4 87 43 71 86
13 89 21 26 82 37 18 72 58 81 13 37 18 9 66 43 48 4 49 81
77 60 83 38 4 1 94 93 85 61 97 36 94 34 10 28 24 60 20 61
83 77 26 48 13 87 47 8 26 10 44 15 47 30 84 17 85 22 29 10
70 85 32 91 77 72 47 75 49 77 64 94 47 2 74 18 98 46 16 77
98 10 85 58 69 63 34 16 82 34 23 14 34 16 28 99 29 30 85 34
49 63 71 33 92 66 10 98 41 95 43 88 10 51 51 97 54 69 46 95
93 97 32 95 77 73 98 65 91 50 59 17 98 64 74 21 45 45 14 50
98 6 85 68 75 78 20 21 53 84 3 34 20 68 29 29 50 29 61 84
