10 20 1995 0.60
3 74 26 90 72 41 43 39 62 97 84 41 75 95 37 74 46 30 62 97
37 70 92 34 31 70 80 42 29 56 36 32 14 73 71 91 36 75 29 56
69 84 20 86 83 44 12 94 66 92 64 22 62 38 12 25 63 32 66 92
83 63 61 84 80 6 24 78 97 65 46 80 21 95 38 76 49 47 97 65
12 72 91 90 91 70 11 65 47 28 21 14 30 41 84 62 67 5 47 28
36 78 58 91 78 17 51 83 73 26 53 78 37 41 31 74 3 74 73 26
70 33 70 50 43 45 60 92 54 63 10 45 43 53 99 44 2 11 54 63
71 87 20 19 37 95 36 79 41 30 71 42 87 6 87 8 99 52 41 30
57 3 86 88 25 89 93 28 48 47 3 53 3 69 33 58 27 61 48 47
66 28 36 67 42 63 96 18 17 88 39 31 27 81 80 9 44 60 17 88
