20 20 2598 0.64
48 46 39 84 27 93 87 48 90 66 1 50 43 92 78 81 68 34 39 65
38 83 2 13 66 12 1 97 56 84 93 78 65 52 77 73 57 43 9 39
70 82 54 17 85 6 72 91 43 55 85 36 87 82 85 48 39 19 10 4
21 33 41 29 53 43 19 63 88 4 4 85 80 18 45 99 53 98 60 31
15 47 49 84 31 69 88 80 92 51 39 9 93 83 20 8 31 44 98 13
33 68 57 69 26 37 74 81 64 22 80 75 36 28 61 41 9 95 96 96
92 43 63 31 85 76 88 70 94 20 46 46 89 70 36 51 75 19 6 25
98 90 47 83 36 75 22 10 3 80 28 73 61 46 65 82 46 73 56 59
73 80 65 10 76 93 18 6 49 8 73 71 26 33 79 25 6 87 36 42
95 58 9 5 89 6 41 28 40 5 2 7 3 35 74 25 83 64 33 35
79 10 21 84 1 93 35 77 49 65 64 49 85 80 79 55 37 18 15 46
55 26 86 74 24 54 44 89 53 65 83 3 22 94 51 58 40 7 59 19
59 81 89 79 55 13 41 92 88 11 17 60 2 23 55 16 53 26 15 97
94 73 1 24 91 55 71 12 47 43 3 12 67 58 25 16 89 17 46 1
88 48 95 94 72 15 71 74 19 27 94 75 41 86 49 48 59 87 60 15
1 1 51 37 32 31 72 19 61 34 38 31 66 57 98 69 80 32 47 62
65 17 96 75 26 63 38 59 78 47 10 70 7 80 7 94 42 9 41 47
38 68 85 16 11 38 97 74 78 64 62 20 50 9 65 62 37 26 38 39
10 73 10 67 94 61 49 82 30 21 70 88 4 62 99 7 85 33 34 31
8 75 84 60 3 90 19 57 41 83 17 9 74 65 89 55 30 34 22 2
