20 20 2501 0.65
47 51 6 31 58 19 32 54 73 94 82 5 75 7 20 36 49 43 31 45
41 62 43 87 58 18 21 61 27 3 16 72 67 55 12 1 75 18 52 83
31 19 28 21 4 85 26 9 85 39 45 77 52 67 7 81 90 23 77 86
43 3 83 89 37 44 29 31 51 1 85 42 8 79 92 66 5 92 38 3
12 11 50 61 58 27 51 7 33 63 25 94 54 31 8 7 7 96 4 15
71 77 19 22 39 24 57 69 8 86 85 52 82 39 48 82 6 36 40 8
86 58 85 13 39 24 74 58 95 44 44 98 79 42 16 55 13 25 50 73
70 64 12 2 43 40 22 88 3 19 17 13 74 13 45 77 4 82 29 6
15 74 68 36 68 67 46 8 42 55 3 47 13 74 95 67 40 46 88 55
32 30 66 27 79 19 50 27 92 67 30 86 18 42 41 29 40 66 13 8
90 72 44 51 72 98 82 14 84 98 41 1 6 70 60 12 42 79 46 22
79 54 88 2 89 84 52 4 12 30 20 70 32 60 43 23 15 63 3 44
59 29 98 64 49 71 53 22 42 21 60 46 84 50 31 25 19 18 17 17
12 75 70 26 77 16 32 47 72 63 35 67 67 45 55 60 79 20 48 1
52 78 87 40 35 1 29 52 93 75 8 61 94 10 79 15 65 56 21 77
68 64 37 45 15 19 51 63 15 20 94 94 69 15 54 92 10 50 20 23
51 95 27 71 42 31 63 14 94 57 32 86 75 6 92 26 35 28 26 42
53 40 38 24 54 78 74 53 56 73 67 64 39 50 15 78 60 11 25 79
74 86 93 56 80 96 81 95 50 71 13 29 17 98 64 10 12 18 6 30
98 8 40 58 91 95 26 38 31 38 27 87 93 62 33 83 41 4 25 22
