20 20 2632 0.65
11 84 47 97 85 10 79 45 19 19 24 46 66 49 95 13 75 61 52 44
58 26 8 7 12 73 85 44 63 88 69 98 85 23 53 42 73 16 2 19
94 28 93 24 32 76 44 38 59 73 61 7 61 87 51 90 90 25 2 85
7 66 71 53 85 40 16 35 15 55 26 64 4 10 63 94 4 96 2 81
25 93 30 56 67 69 37 50 87 40 56 11 96 74 4 36 63 42 99 22
61 64 53 33 64 71 58 85 36 82 56 3 48 69 96 11 43 35 1 58
83 39 32 32 90 38 88 10 69 17 24 53 11 49 2 9 7 76 87 25
21 50 51 91 41 71 88 23 19 69 26 67 51 24 21 51 96 57 28 3
49 62 12 31 57 63 11 6 54 10 39 63 56 65 59 43 47 4 91 36
91 24 67 75 15 39 2 18 31 92 69 87 68 37 22 87 78 41 29 77
44 11 99 94 72 14 42 47 77 94 34 37 88 51 41 97 36 71 16 94
78 31 82 87 86 7 38 25 33 37 54 69 3 48 44 59 49 93 91 66
76 34 44 98 24 6 58 10 62 37 62 36 79 93 68 39 94 75 3 44
52 11 66 98 6 83 78 43 8 99 27 74 60 44 43 35 82 76 28 91
15 36 90 30 16 1 25 24 3 60 27 40 33 11 99 62 91 2 62 73
85 77 8 86 97 67 38 38 29 67 19 83 66 67 7 71 78 23 87 23
46 46 95 95 82 48 94 76 52 27 37 49 61 6 97 92 57 5 3 4
33 80 55 72 87 57 7 54 68 98 22 8 22 29 99 82 65 25 11 85
55 26 69 95 72 55 26 61 98 75 42 47 8 98 90 24 14 36 74 11
59 74 57 66 41 47 92 94 5 47 41 86 89 28 39 38 47 80 30 3
