20 20 2662 0.64
25 65 61 15 81 84 22 74 48 36 19 3 4 70 82 83 55 74 18 51
53 81 61 62 67 55 52 60 80 28 61 17 59 77 91 2 86 11 19 9
50 81 38 79 59 39 36 98 46 57 4 5 25 19 98 90 49 62 14 24
32 57 24 41 63 29 97 54 55 75 62 95 98 8 91 56 56 19 52 7
95 82 39 65 41 87 36 85 98 61 87 26 43 58 5 31 94 39 64 90
64 44 25 73 26 58 2 31 94 29 79 36 29 92 72 91 85 53 23 51
16 72 64 32 10 42 10 14 29 92 61 72 30 91 64 80 38 28 61 43
66 32 84 39 3 63 44 92 79 20 40 34 47 79 29 40 85 51 83 99
55 92 55 70 8 92 36 28 79 60 61 32 4 81 52 31 49 84 19 27
62 22 34 6 57 79 14 51 28 35 49 19 81 65 6 76 90 17 8 75
1 52 19 96 26 65 16 64 51 17 35 39 9 86 18 5 54 4 90 13
24 87 78 6 16 92 11 48 24 12 14 73 22 10 68 93 87 16 46 34
6 30 61 94 87 83 55 30 39 32 57 13 49 33 9 2 33 20 42 52
27 51 22 24 99 31 37 84 59 87 33 14 16 87 17 18 87 13 34 84
60 90 61 1 15 98 89 9 81 90 58 5 57 38 28 90 40 16 25 66
51 92 23 44 92 13 21 93 95 93 1 77 87 32 47 73 5 17 69 2
88 99 78 34 57 20 56 71 63 29 40 65 57 40 24 21 40 48 35 40
63 19 69 65 93 41 58 72 97 61 98 31 67 68 5 81 50 89 7 20
97 62 34 95 39 81 86 33 35 6 44 58 34 18 50 89 7 12 8 7
70 28 83 47 37 72 55 85 46 31 84 59 31 27 34 32 49 25 40 54
