20 20 2642 0.64
47 52 97 72 86 29 41 96 61 40 55 74 36 75 37 26 49 55 34 86
45 73 79 72 1 7 93 75 46 94 71 23 46 58 65 98 76 61 77 28
55 95 26 79 95 51 65 41 75 46 7 5 18 16 28 40 59 14 80 89
67 93 34 95 50 26 57 80 20 90 99 4 48 25 7 36 73 12 86 63
83 17 30 1 47 99 36 84 61 69 62 38 76 67 89 83 72 68 5 61
30 88 55 90 78 90 23 68 22 69 44 14 31 26 1 5 51 91 40 7
32 42 69 37 23 96 73 19 5 3 19 24 24 33 56 79 5 25 57 79
82 95 31 92 61 46 50 4 80 18 34 25 58 92 68 77 85 94 57 27
82 24 5 94 34 99 21 12 22 98 37 61 55 93 25 80 74 71 19 98
50 27 80 15 51 54 12 93 86 12 28 20 95 38 84 83 59 66 79 97
35 46 77 8 81 16 38 9 43 25 65 96 82 24 1 46 41 26 65 50
44 89 95 62 46 10 70 66 19 20 40 57 42 96 34 73 21 33 99 72
99 23 11 89 60 97 86 21 98 34 77 2 25 31 77 14 68 56 11 23
47 39 82 96 24 71 38 3 72 43 25 94 22 95 27 89 45 76 43 13
93 74 60 89 93 70 99 8 14 2 43 38 35 57 65 21 54 9 27 60
68 26 60 54 45 52 46 45 70 47 6 8 3 21 61 34 51 68 73 44
88 61 71 46 86 4 19 72 94 6 72 61 10 21 57 27 33 39 14 17
91 88 58 94 11 74 36 74 46 56 48 39 27 33 27 68 94 51 81 13
58 85 87 40 9 20 10 4 61 69 90 35 70 6 65 24 67 98 12 41
23 59 19 28 50 76 66 88 25 85 77 64 58 53 70 14 4 29 41 14
