20 20 2618 0.65
54 30 22 23 97 66 43 51 20 41 55 70 11 32 74 66 65 1 62 99
12 6 48 54 75 70 32 97 63 63 2 41 33 28 45 21 50 16 70 34
30 11 22 95 35 66 74 28 48 2 22 46 59 93 39 45 3 71 4 82
46 52 33 11 22 17 85 15 24 14 59 4 95 12 88 56 16 71 41 53
78 52 4 78 9 31 68 17 87 44 51 45 66 99 76 49 87 45 88 45
15 71 83 78 1 53 61 93 13 12 31 11 28 61 45 39 93 49 34 20
22 65 67 89 59 87 51 96 69 36 26 44 50 48 6 13 29 83 22 70
75 35 19 79 15 86 88 49 25 18 45 58 34 42 4 34 54 18 65 80
88 82 71 59 13 92 32 45 22 56 82 79 19 11 63 22 82 14 56 8
60 20 24 93 98 62 60 81 8 71 87 54 18 1 98 53 11 92 99 11
36 40 86 94 70 27 70 41 25 62 87 87 44 10 8 40 37 10 13 76
82 97 58 92 70 80 59 67 7 92 60 19 28 9 90 17 60 19 58 74
98 82 86 34 50 46 69 37 69 33 8 94 78 7 71 72 58 18 68 77
5 65 36 30 4 92 70 47 7 82 52 68 37 66 16 50 86 37 17 29
61 50 77 85 96 62 88 21 62 53 92 8 14 7 52 99 47 10 9 37
59 22 72 39 56 56 34 59 59 4 2 58 92 17 20 50 70 7 19 90
92 60 12 73 23 80 25 51 46 50 42 60 38 97 4 26 65 82 8 34
15 89 67 60 94 42 25 61 79 48 65 76 90 27 41 99 80 50 40 70
69 27 25 61 31 13 75 38 37 55 2 78 20 23 2 61 44 43 55 12
99 27 85 29 4 55 77 77 91 54 27 91 74 81 94 1 30 20 63 5
