20 20 2623 0.65
33 39 17 90 77 44 77 92 45 66 60 93 21 63 38 92 14 3 20 37
19 20 9 6 29 6 52 37 68 25 50 64 24 64 48 2 59 83 57 92
12 36 43 24 95 38 47 41 90 90 85 12 19 98 56 2 99 86 55 15
57 65 98 38 39 20 40 32 49 73 42 19 29 28 74 73 71 56 48 12
43 34 8 43 67 78 72 63 33 82 83 22 61 64 20 38 33 88 44 58
80 25 50 90 52 54 90 69 42 87 23 41 51 22 33 28 37 70 36 34
65 44 83 97 72 77 89 85 40 15 43 55 5 46 36 77 78 59 60 49
7 29 56 81 10 50 91 74 66 23 79 11 91 87 13 6 7 42 21 36
9 20 64 23 50 88 15 34 98 46 46 4 71 50 19 51 10 91 54 90
84 91 34 18 31 71 34 5 71 55 67 1 49 44 64 15 38 18 82 4
12 95 81 67 53 41 87 82 57 9 48 39 33 17 59 1 62 36 49 90
13 57 3 59 80 74 47 40 4 3 49 3 28 39 84 23 90 40 36 66
99 39 85 31 75 97 56 55 40 5 58 30 33 68 64 99 38 33 58 2
96 1 91 11 94 36 68 77 25 83 7 57 77 41 39 21 65 87 58 4
81 81 4 79 69 78 94 55 20 74 45 68 93 63 37 26 82 36 15 14
20 40 69 60 82 81 57 76 41 26 74 28 25 25 39 21 7 79 84 93
5 63 30 72 39 16 57 76 92 82 15 45 15 70 82 51 18 56 36 51
93 99 75 18 96 61 12 23 20 74 17 54 40 85 60 91 41 72 83 10
44 97 71 68 95 7 22 24 34 1 89 98 77 54 43 4 40 35 39 61
41 45 54 77 27 65 99 83 54 14 42 96 17 54 50 88 80 78 36 45
