20 20 2560 0.65
54 30 47 45 71 42 45 20 21 88 70 23 83 23 92 96 6 13 74 42
59 49 60 68 47 77 31 47 8 16 38 79 14 40 66 62 21 41 63 64
2 10 19 33 4 31 75 34 61 83 37 17 55 82 28 57 68 84 8 47
2 91 76 43 83 67 7 24 62 60 4 12 23 73 62 82 59 13 21 35
11 68 68 34 15 57 7 49 67 18 75 33 86 95 57 19 23 69 14 75
85 40 44 53 45 23 41 6 28 56 81 16 68 6 53 62 44 3 19 29
99 54 35 25 66 58 1 44 30 96 95 24 70 99 46 2 47 14 71 29
77 78 88 53 37 94 4 12 70 56 78 63 76 96 58 78 57 47 50 4
88 53 45 86 41 30 63 99 92 46 94 65 34 60 69 72 84 58 24 85
74 20 31 55 27 51 6 98 31 80 50 34 12 15 26 64 88 7 54 48
13 64 59 56 57 12 22 46 26 50 60 79 45 15 86 35 51 78 77 24
53 82 13 80 89 34 98 47 65 2 41 40 58 98 10 98 65 77 67 33
68 57 31 83 1 3 6 67 13 49 18 30 60 45 64 9 22 19 20 72
44 68 86 58 97 65 90 90 6 62 55 48 28 94 37 70 36 44 72 20
80 58 34 3 39 56 85 99 24 44 88 27 55 40 83 46 97 37 34 60
89 28 75 63 97 75 92 54 49 25 50 34 97 35 8 59 5 28 17 15
82 83 62 33 29 2 21 20 73 84 77 31 92 26 41 71 52 50 23 53
93 90 58 58 88 65 75 59 68 26 79 52 30 53 13 28 6 38 91 12
92 50 71 4 17 61 6 16 31 86 55 96 32 71 53 55 97 15 1 14
62 13 16 41 76 70 83 61 25 67 31 7 62 66 36 44 54 30 26 30
