20 20 2643 0.65
59 28 80 96 34 95 57 51 66 12 72 30 12 99 15 80 19 21 1 7
75 93 68 36 68 10 53 22 71 42 37 75 15 74 54 39 60 74 6 25
25 92 75 65 39 43 99 83 68 14 50 20 77 28 70 74 6 39 10 77
77 13 89 13 11 96 18 41 2 27 17 97 66 14 70 40 13 74 28 71
58 73 55 34 60 5 91 30 4 86 3 24 39 95 22 65 67 10 69 98
22 54 28 75 67 51 3 37 57 75 88 34 94 65 17 65 98 24 95 83
72 44 93 38 37 24 85 76 21 84 29 18 61 99 40 39 98 20 90 49
72 70 33 32 43 7 17 95 16 65 3 19 66 36 76 18 34 8 87 54
79 59 28 10 65 96 14 88 57 44 43 70 92 39 24 91 1 63 80 89
95 33 43 70 30 50 94 80 3 17 50 48 23 28 81 48 86 38 60 94
17 53 88 74 28 39 39 67 69 49 12 1 99 91 55 40 35 87 17 14
54 67 25 98 68 65 20 33 56 27 17 34 31 36 47 73 79 79 13 57
98 78 94 30 91 28 45 77 98 67 18 15 26 41 55 27 28 89 66 44
91 46 27 12 28 78 78 62 51 52 14 97 67 51 38 98 89 96 79 29
85 79 35 93 20 89 61 24 40 1 92 72 79 97 76 37 7 25 79 59
94 76 38 73 99 23 30 87 62 26 61 51 63 46 39 65 71 64 6 30
25 32 7 45 42 42 9 38 13 46 43 4 24 15 73 80 98 46 43 10
31 31 5 69 54 52 61 62 8 3 90 36 78 25 35 38 13 38 3 8
61 85 63 98 82 58 3 26 21 2 41 25 99 56 98 85 16 7 36 5
50 33 73 96 45 44 89 55 39 79 38 84 16 99 79 1 39 70 67 5
