20 20 2579 0.65
27 82 27 56 83 64 11 21 96 82 9 77 43 67 65 55 63 31 37 59
88 46 65 41 69 72 21 10 88 13 97 36 1 39 89 74 71 90 54 37
29 28 34 82 63 46 16 14 69 43 9 14 67 70 62 99 7 62 91 28
26 39 41 67 64 67 43 16 31 71 3 83 32 98 73 34 11 21 79 37
24 76 83 33 22 14 68 71 30 30 94 49 6 47 28 59 53 74 17 36
91 42 14 35 19 58 42 25 73 11 44 81 4 51 47 20 13 55 19 18
27 24 52 43 42 85 17 68 30 74 89 77 75 22 11 94 54 86 83 54
42 78 32 8 75 15 29 15 38 23 13 21 84 68 39 12 10 28 83 26
80 20 59 4 23 20 3 45 29 11 14 25 77 70 25 76 94 17 35 49
75 37 81 78 22 7 92 58 8 98 5 13 53 57 96 12 24 85 94 62
12 85 86 44 74 95 60 93 37 87 61 11 69 39 6 97 68 19 97 83
28 82 64 71 24 12 20 27 34 37 43 86 58 2 10 50 94 13 57 61
8 35 75 87 2 16 43 66 17 76 31 33 32 34 73 5 62 30 22 96
14 5 76 5 16 1 3 59 19 7 13 52 14 99 11 76 67 7 47 24
90 94 81 21 72 96 17 4 13 62 12 37 86 94 81 84 57 87 43 38
32 99 88 24 7 45 45 88 58 87 52 53 35 24 22 4 99 47 31 43
84 98 16 39 26 15 83 38 94 95 28 72 50 93 65 75 17 65 13 71
98 19 13 35 93 14 94 97 35 40 51 68 29 61 53 79 49 11 29 84
83 63 97 85 93 95 50 7 44 72 13 2 20 75 47 18 7 49 30 3
70 57 47 52 69 83 80 21 59 73 92 41 88 15 19 99 11 31 99 4
