10 50 4348 2.33
42 63 76 66 24 85 52 7 49 79 44 8 95 2 10 19 88 38 53 46 85 32 73 7 13 73 84 98 23 44 24 16 69 11 12 75 61 46 85 47 44 2 85 19 97 90 26 45 61 79
56 63 30 64 90 63 87 55 2 51 4 69 16 10 93 4 56 42 37 61 11 25 15 96 26 71 81 4 99 96 40 50 94 85 7 59 35 61 93 40 28 74 94 66 73 87 22 25 36 51
9 69 71 48 56 88 1 32 69 58 88 32 96 87 71 36 17 23 2 3 11 41 7 67 11 38 64 53 49 10 91 76 24 61 90 43 35 3 3 53 58 28 64 25 33 96 39 85 26 58
69 78 67 63 51 59 24 10 91 21 22 39 11 65 51 47 75 41 2 51 87 91 54 68 39 12 36 56 29 4 92 18 43 57 49 19 6 51 24 63 50 37 21 62 69 31 77 57 87 21
59 33 6 88 34 38 16 87 51 42 58 82 41 91 14 77 37 10 44 37 3 24 49 36 97 7 11 69 48 25 98 93 54 44 86 36 71 37 44 99 94 3 72 66 94 94 31 47 62 42
27 91 90 74 39 43 93 99 28 68 99 1 78 44 44 82 30 2 25 79 40 15 8 33 27 66 91 60 62 76 60 24 35 6 52 62 43 79 36 83 34 11 76 11 37 3 73 75 62 68
92 52 57 66 19 94 87 95 67 38 7 95 7 3 67 29 27 54 97 83 61 87 57 8 71 48 77 49 6 76 72 5 37 85 82 78 23 83 85 8 23 11 97 4 86 65 46 38 22 38
41 47 57 47 82 90 29 75 74 99 39 47 26 98 55 14 66 80 92 22 86 59 98 89 42 69 11 8 30 36 47 94 24 72 55 68 61 22 74 55 80 28 33 26 98 5 3 25 38 99
94 93 34 2 58 66 92 15 39 75 62 41 91 23 41 65 78 53 16 27 59 54 40 22 22 51 88 79 32 5 30 87 81 36 12 20 81 27 27 14 37 93 56 2 18 77 43 94 30 75
81 40 81 93 23 26 47 12 22 39 90 93 64 32 46 91 11 34 62 24 38 39 2 62 82 23 54 23 84 22 11 10 87 11 59 50 81 24 51 97 24 49 68 34 41 27 57 66 21 39
