10 50 4116 2.33
1 61 19 51 59 12 92 13 66 79 68 8 33 60 62 85 52 94 93 72 18 42 18 22 19 35 85 82 67 64 76 18 72 25 56 76 10 43 66 95 12 67 11 33 40 27 76 20 12 79
2 91 18 9 31 28 36 63 55 72 72 70 73 19 17 60 1 75 20 64 7 75 72 59 66 93 61 99 3 30 5 72 56 39 11 75 21 99 42 12 92 51 66 22 78 27 60 57 13 72
36 9 32 73 35 9 51 10 67 8 68 55 46 96 34 81 56 39 44 52 72 61 49 68 1 11 98 10 65 95 42 49 22 9 86 36 98 69 19 24 10 82 58 36 75 29 10 65 82 8
63 16 30 39 78 70 58 96 66 79 9 70 26 24 9 28 92 40 18 77 63 77 46 26 9 20 10 98 32 36 4 46 72 37 15 34 83 13 77 88 74 45 29 58 96 60 2 39 20 79
7 19 55 16 97 54 93 26 37 81 24 30 40 77 3 51 62 9 33 33 5 30 2 27 58 91 99 17 62 32 52 2 19 23 79 20 99 75 1 20 17 94 31 68 68 47 41 7 91 81
42 86 78 55 43 65 30 64 68 7 60 90 3 57 45 52 96 55 26 61 58 81 23 43 82 67 4 92 9 79 32 23 26 27 73 33 54 23 78 80 19 17 55 63 57 90 38 47 25 7
98 42 61 73 43 20 48 45 37 93 67 17 70 44 59 57 56 61 15 77 47 2 23 29 24 19 80 82 18 16 97 23 23 28 51 77 41 98 85 80 34 18 67 88 23 6 36 45 47 93
94 90 76 84 38 41 84 50 58 62 19 54 7 2 20 36 3 33 74 21 8 49 72 43 40 26 24 10 90 68 11 72 89 85 82 86 59 85 59 81 10 67 9 39 14 31 40 48 77 62
43 58 96 26 51 20 85 22 84 1 52 85 33 46 82 63 85 52 43 63 56 75 13 79 32 29 2 87 75 60 46 13 6 46 54 56 1 3 73 91 82 16 19 18 74 22 8 19 6 1
5 22 90 14 31 95 28 16 78 66 80 10 92 44 86 71 6 49 75 11 27 4 96 52 95 85 94 64 57 15 57 96 78 30 80 73 94 11 50 49 70 45 18 31 92 32 6 22 6 66
