10 50 4281 2.32
25 54 56 52 5 66 18 45 77 17 5 8 46 28 23 73 40 1 20 78 43 66 98 93 71 57 3 72 1 34 54 81 48 30 14 50 58 88 17 8 46 88 57 23 2 38 60 19 23 17
71 85 95 35 73 87 85 90 53 74 22 23 65 43 36 12 65 37 91 77 56 55 35 29 46 2 26 45 33 30 10 30 94 21 2 7 12 5 52 58 63 54 20 4 27 3 12 10 4 74
49 33 70 54 56 57 65 79 23 95 25 11 88 87 18 62 14 23 8 31 89 65 65 46 10 50 40 15 61 75 96 72 5 2 7 74 5 87 67 89 35 16 33 85 1 18 2 54 85 95
48 93 75 83 95 31 70 74 73 10 28 70 87 72 74 19 98 36 71 57 24 57 21 18 62 16 79 93 24 11 67 4 71 6 89 54 12 16 55 35 72 16 2 94 7 81 31 82 94 10
5 51 15 93 96 85 58 92 40 38 96 83 60 51 19 26 93 88 56 65 66 58 60 3 71 55 18 23 78 93 85 12 36 69 53 9 56 84 59 84 66 7 38 6 17 4 60 84 6 38
13 98 93 87 76 94 49 81 33 10 43 5 7 35 94 81 76 60 2 33 65 38 5 6 56 9 71 90 40 44 67 26 27 1 5 76 27 27 49 88 23 63 21 25 6 62 51 9 25 10
36 80 44 45 36 31 93 81 68 76 48 1 29 98 25 35 40 59 31 34 25 5 95 62 6 88 41 97 74 95 22 15 77 54 88 67 24 61 67 18 13 41 79 70 42 1 85 21 70 76
84 92 64 89 1 17 56 79 70 74 92 44 88 2 79 71 39 4 15 47 79 26 60 29 23 42 27 93 41 2 10 55 55 84 72 29 44 94 65 51 40 99 25 6 98 26 44 12 6 74
74 4 39 48 97 16 66 2 75 70 43 70 97 63 11 51 30 34 11 45 12 66 32 50 22 46 23 74 41 1 45 54 65 62 33 28 55 59 66 21 41 54 99 2 70 28 32 63 2 70
48 45 87 66 85 88 87 78 68 30 35 16 53 76 51 82 22 17 22 24 45 93 22 31 95 78 14 9 46 41 99 4 17 71 33 49 52 4 3 12 95 44 15 52 71 45 56 11 52 30
