10 50 4350 2.32
10 38 71 31 55 78 23 90 19 73 24 85 91 72 2 33 19 73 53 50 18 97 33 15 55 49 37 69 53 95 93 53 98 2 30 34 39 60 7 58 56 30 53 49 5 25 14 51 78 73
91 59 45 36 90 16 26 98 37 89 83 55 69 19 36 13 59 37 85 89 51 3 26 56 90 42 71 95 8 57 21 85 44 35 65 26 21 32 32 27 37 51 53 76 58 52 50 38 65 89
39 48 97 80 41 95 52 46 77 88 5 82 12 63 58 95 75 55 1 92 36 91 4 64 72 22 45 21 61 8 19 1 88 6 29 52 75 56 28 35 87 94 53 60 58 44 85 25 28 88
56 78 18 51 85 47 38 67 25 62 73 53 97 48 26 15 35 20 47 65 43 79 37 1 63 29 41 46 16 7 3 47 88 19 44 4 52 29 26 80 15 89 46 40 75 28 23 97 86 62
5 56 78 76 16 86 97 50 87 43 18 51 31 38 78 5 86 47 48 80 66 29 64 62 63 96 13 8 69 40 48 48 9 13 27 65 18 51 33 97 74 49 46 32 9 38 60 91 71 43
43 95 80 76 35 93 94 49 68 62 79 20 46 82 32 36 97 36 11 19 74 98 80 80 75 22 78 95 91 52 28 11 3 91 35 71 33 39 41 16 18 13 19 17 8 90 93 6 42 62
98 19 10 47 1 14 72 86 77 87 69 81 60 36 97 94 3 70 7 61 91 75 38 21 18 53 48 12 42 18 66 7 64 6 15 36 6 53 43 75 32 67 90 33 97 1 58 40 67 87
90 8 30 28 88 30 76 92 80 74 7 39 83 97 17 70 67 21 34 16 53 27 92 74 4 43 7 60 6 59 77 34 21 11 39 2 88 39 79 44 53 4 35 98 10 62 55 47 31 74
93 90 87 88 90 83 10 84 3 42 73 65 29 61 58 60 74 48 38 15 28 94 61 55 42 81 59 62 14 9 81 38 30 55 10 49 58 76 66 83 48 35 43 90 27 60 15 80 73 42
68 70 10 95 57 32 43 1 20 50 99 71 84 56 74 27 10 75 98 21 27 19 54 8 93 53 22 53 13 73 32 98 18 81 81 56 18 51 31 9 5 39 83 75 6 23 13 28 72 50
