10 50 4377 2.33
33 42 73 76 94 57 74 77 24 94 57 75 11 96 41 74 96 2 52 63 94 47 5 44 7 38 52 47 47 82 63 16 57 34 90 17 45 39 58 43 16 71 13 29 96 35 22 16 2 94
4 4 9 72 96 88 32 51 61 39 85 6 44 76 40 9 94 79 94 85 58 15 67 59 61 36 57 15 84 96 27 96 73 2 27 3 10 76 73 37 16 88 21 29 41 24 23 13 71 39
81 6 90 86 72 54 39 57 16 1 93 83 81 63 23 58 18 98 92 21 56 36 20 47 77 98 10 36 80 37 21 93 15 41 21 64 7 7 41 77 77 5 68 55 14 31 97 42 7 1
76 17 77 24 78 39 85 30 38 35 77 20 94 53 82 66 87 28 75 72 66 2 97 73 46 82 63 2 3 22 87 66 33 8 43 35 32 73 16 34 38 67 50 49 8 65 59 37 6 35
84 64 57 82 65 49 81 64 88 13 67 61 38 53 48 5 32 82 30 50 55 5 41 89 85 78 29 5 11 3 58 13 47 99 3 13 87 38 12 80 5 85 25 72 16 79 38 68 38 13
64 29 86 14 13 35 80 33 39 93 46 59 85 69 9 3 50 84 74 25 96 11 80 19 37 92 66 11 86 68 57 8 17 90 1 9 76 10 4 38 4 75 11 55 16 93 45 24 73 93
7 56 47 56 71 82 72 86 22 88 39 18 16 38 46 44 87 58 41 61 7 79 78 82 48 73 37 79 41 44 82 57 21 66 57 14 27 72 54 27 64 6 42 79 32 70 50 51 95 88
80 59 47 85 43 73 62 2 83 45 87 96 71 44 68 90 68 59 54 47 54 75 95 30 75 36 28 75 60 25 15 35 82 60 54 33 16 12 4 23 14 13 70 73 49 17 65 8 1 45
52 99 87 83 21 87 19 53 66 59 23 79 89 18 73 78 51 61 85 11 64 73 13 33 88 8 69 73 8 52 73 57 28 58 85 89 17 95 41 78 77 63 43 48 61 65 8 59 13 59
97 20 47 83 60 93 97 36 95 28 55 37 2 73 98 23 79 18 32 48 50 75 97 39 53 9 22 75 40 38 57 77 45 55 99 35 86 15 29 23 47 66 66 32 52 82 17 67 10 28
