10 50 4268 2.33
40 89 65 26 71 97 4 94 75 62 52 2 78 28 40 35 31 84 63 59 65 87 46 26 34 45 54 28 79 64 74 57 8 10 89 47 62 74 27 18 38 24 38 28 83 85 27 70 64 62
73 75 55 77 7 56 99 65 11 87 8 16 90 71 57 14 7 34 65 32 67 40 24 43 38 63 81 4 42 46 22 4 49 12 68 50 47 23 54 19 21 27 59 29 3 31 54 14 74 87
37 49 87 59 13 52 72 39 80 76 83 99 13 51 45 89 77 33 35 15 43 50 53 19 48 93 4 26 59 36 46 15 50 33 90 83 28 88 51 11 43 8 64 56 98 76 51 59 79 76
63 15 38 53 80 51 19 89 23 2 63 84 51 97 1 91 8 93 93 72 18 75 15 14 90 25 49 92 56 33 33 99 29 37 38 5 78 3 54 96 24 19 83 46 33 42 54 11 56 2
30 45 38 86 72 20 90 60 10 93 72 50 70 29 92 63 15 20 74 75 50 59 17 70 36 12 42 94 5 91 72 17 66 23 48 32 9 99 92 40 57 63 87 10 25 14 92 33 32 93
70 79 22 84 65 50 63 84 19 65 73 97 88 37 36 37 53 26 28 28 23 38 73 27 42 10 30 38 43 21 19 34 85 63 68 81 61 25 82 48 66 74 56 15 82 98 82 40 66 65
78 15 34 90 89 14 88 11 44 39 76 29 38 84 98 89 83 35 28 34 99 98 53 33 1 70 4 23 13 25 69 51 48 4 22 16 37 20 13 72 13 69 3 46 52 68 13 79 4 39
79 85 99 49 41 11 59 65 89 71 27 56 41 24 77 31 6 12 80 53 51 45 58 47 81 94 43 91 85 4 42 46 4 6 95 99 80 70 17 26 34 21 94 98 33 98 17 9 7 71
77 83 81 72 94 76 51 75 8 52 64 23 90 45 28 2 52 41 99 70 60 55 22 38 15 11 50 88 13 71 38 5 58 80 59 60 25 62 17 1 51 68 96 51 5 53 17 43 51 52
96 91 50 48 73 34 99 58 96 21 58 9 3 37 54 1 73 92 85 48 5 1 83 80 25 97 13 41 51 49 28 96 88 94 8 3 45 58 24 12 72 67 16 58 88 6 24 62 59 21
