10 50 4370 2.32
45 61 28 10 72 77 52 49 59 87 73 22 29 61 5 78 54 98 32 26 73 57 71 91 81 65 28 36 82 45 41 76 72 73 92 2 63 79 29 7 63 55 10 91 45 42 63 44 91 87
91 25 16 43 54 70 99 75 77 62 49 10 39 87 91 82 28 25 6 51 83 48 98 65 83 7 38 38 48 35 88 98 10 52 6 59 12 37 66 89 26 31 60 96 28 7 27 17 96 62
7 13 46 95 78 12 33 96 44 84 15 3 19 90 77 56 45 23 22 89 73 11 68 56 12 70 6 30 34 23 29 98 9 99 75 28 72 47 23 43 94 3 95 17 32 64 2 88 17 84
85 9 43 67 76 77 36 23 78 22 83 83 98 76 71 32 75 16 45 22 84 38 7 25 31 31 38 40 67 68 93 79 83 50 36 78 80 46 8 13 79 15 51 16 39 7 6 65 16 22
32 31 18 56 94 9 48 86 73 84 81 26 20 88 42 97 8 10 48 94 67 2 62 1 61 75 79 70 23 2 45 95 90 23 75 85 35 30 11 34 66 20 19 39 55 46 47 49 39 84
63 42 66 87 59 73 86 27 60 97 74 97 58 23 46 33 72 4 47 9 11 41 29 69 12 41 44 72 57 83 16 43 20 52 72 14 53 37 28 3 63 50 61 19 64 77 45 3 19 97
93 27 83 67 87 59 15 71 90 65 1 95 59 57 16 53 16 93 94 33 61 32 12 58 43 18 66 17 40 8 11 17 1 51 47 46 35 98 86 13 53 17 64 22 88 41 6 86 22 65
28 92 76 12 97 61 33 87 73 91 49 98 59 81 24 84 7 98 62 55 54 12 3 9 48 34 60 27 92 78 97 49 36 34 70 71 72 43 20 16 2 71 84 3 53 12 83 4 3 91
47 9 85 27 22 80 91 46 79 59 96 2 76 58 46 46 20 51 90 17 74 50 88 25 72 47 72 1 27 95 90 73 29 69 12 81 23 71 4 82 53 74 10 65 75 69 29 54 65 59
40 85 93 80 24 68 14 27 87 37 7 92 77 51 98 9 85 1 31 32 3 57 36 52 74 64 34 53 89 27 8 21 43 25 69 78 66 51 37 16 58 3 87 37 62 10 67 11 37 37
