10 50 4203 2.34
69 17 40 98 34 50 80 62 26 61 48 41 77 59 15 92 48 78 43 86 19 91 16 13 85 28 48 33 66 74 23 88 56 50 21 30 11 56 88 54 69 54 22 63 72 7 30 74 32 61
28 51 85 97 60 73 31 69 11 39 21 48 36 50 34 8 89 78 78 20 53 13 70 99 32 52 12 48 69 39 37 50 76 50 69 53 43 13 29 2 52 2 91 76 68 89 42 10 3 39
46 84 60 32 93 35 19 2 36 5 48 85 13 55 35 83 97 79 13 79 58 4 61 13 69 82 89 72 40 30 26 17 10 72 68 24 45 24 37 75 24 75 75 40 80 38 97 80 6 5
94 92 60 81 9 19 34 71 86 83 78 15 71 66 47 87 98 31 10 28 77 58 70 90 73 11 90 42 52 7 45 63 35 14 34 99 7 36 65 56 54 56 68 79 71 85 20 72 5 83
51 29 80 53 96 79 15 9 61 94 76 1 95 41 88 9 40 33 75 24 26 3 17 25 63 15 28 12 67 69 69 23 41 78 42 31 25 39 23 25 9 25 52 59 12 6 41 15 32 94
86 88 12 80 72 94 73 96 26 6 62 38 81 34 38 18 13 37 19 7 57 54 30 43 33 80 91 62 42 9 31 7 94 16 22 41 14 26 56 14 5 14 38 36 58 40 47 66 49 6
50 78 63 73 68 10 89 45 57 94 52 58 1 71 9 73 5 44 73 82 5 29 60 55 42 91 3 21 89 1 37 30 20 4 44 42 51 67 31 42 54 42 12 89 31 46 53 6 94 94
84 88 32 6 90 77 96 45 87 33 72 55 22 12 26 89 1 48 68 67 24 87 89 25 81 52 59 41 44 50 2 78 17 92 39 67 23 73 99 97 36 97 40 67 38 81 56 25 11 33
65 67 95 20 28 72 67 80 76 68 8 40 78 4 87 50 16 81 6 93 17 15 10 97 46 63 60 82 4 97 14 44 52 8 32 17 19 53 76 3 28 3 31 38 80 50 36 10 39 68
89 77 63 84 3 65 28 69 64 43 44 94 19 72 91 16 75 80 55 23 77 61 36 5 23 14 81 60 40 35 44 57 45 51 68 98 6 97 28 66 61 66 54 13 12 94 45 26 9 43
