10 50 4266 2.33
7 41 14 89 59 57 24 33 90 60 7 78 35 64 60 15 69 65 40 9 92 29 47 39 68 23 11 43 87 42 70 97 52 74 72 56 97 5 20 67 83 85 54 24 99 16 84 3 72 60
88 31 87 88 19 6 49 40 49 51 54 42 84 81 95 3 94 67 96 83 18 27 52 22 69 69 66 95 35 49 20 28 70 80 37 78 28 18 86 10 2 32 11 37 15 43 61 18 64 51
86 14 38 37 44 21 76 97 79 98 57 31 76 94 92 66 15 57 37 71 19 71 58 20 1 41 26 20 2 11 31 49 46 80 59 57 49 11 79 29 82 30 93 72 5 76 30 35 26 98
9 52 17 19 15 43 73 89 29 63 48 8 47 18 91 92 99 46 65 40 92 76 86 72 19 47 77 63 41 44 70 7 63 55 89 38 7 24 80 99 31 77 17 19 66 76 74 7 41 63
42 74 58 26 86 91 32 85 2 51 83 24 79 46 64 55 7 57 76 93 89 84 42 95 10 62 98 62 10 1 60 99 11 41 29 4 99 85 96 62 23 37 63 31 28 23 1 31 71 51
44 55 73 72 90 41 95 93 98 25 66 45 25 46 12 59 3 34 40 56 64 11 11 30 76 36 62 38 91 5 48 3 59 68 54 19 3 67 20 41 1 64 1 17 27 66 37 10 12 25
50 76 86 84 75 97 14 40 73 72 26 77 24 4 87 86 95 40 87 59 52 26 78 40 50 75 10 27 80 50 35 52 46 48 88 34 52 24 23 41 54 62 16 26 8 2 24 4 49 72
80 92 87 6 22 70 84 61 1 66 25 17 81 7 20 42 82 2 11 73 70 74 86 25 39 8 33 83 22 27 28 65 73 23 74 23 65 84 94 50 17 13 40 23 15 51 95 25 40 66
85 72 63 95 12 81 10 56 82 85 96 60 76 57 18 65 3 52 30 46 66 20 12 83 77 45 73 20 29 95 7 22 71 55 21 82 22 75 4 2 4 20 3 77 66 94 24 38 79 85
79 10 64 50 31 68 34 35 34 8 87 59 18 97 6 36 10 7 71 9 82 49 70 7 30 5 29 7 34 8 42 3 67 25 83 60 3 42 62 11 22 44 24 33 60 67 22 8 54 8
