10 50 4237 2.33
12 42 73 18 80 37 79 96 46 58 96 47 49 53 39 11 47 30 63 33 51 91 73 92 57 5 52 11 5 78 4 37 82 10 77 70 88 47 70 58 21 61 90 27 14 84 91 78 94 58
70 54 76 97 71 92 49 65 8 66 68 34 27 61 81 95 40 35 70 19 41 48 33 23 65 81 28 7 81 51 54 67 32 36 49 8 35 17 6 6 16 65 38 71 31 98 64 18 17 66
14 40 92 14 42 46 72 23 99 7 85 73 63 63 54 93 66 78 40 19 76 37 31 96 62 56 40 97 56 63 54 16 4 84 17 10 44 30 54 31 95 34 86 95 10 2 4 46 53 7
81 4 76 74 44 59 94 68 66 48 30 82 24 32 57 46 24 27 20 99 12 14 77 87 68 29 76 54 29 79 8 52 68 14 29 33 30 49 1 57 71 60 67 8 5 69 42 43 17 48
90 29 62 75 14 16 73 97 13 94 64 43 85 49 70 59 40 22 31 37 69 11 70 45 70 11 2 90 11 22 93 2 46 88 43 71 78 52 9 83 58 22 71 10 3 99 63 34 45 94
50 77 45 27 82 99 73 27 66 94 35 33 90 41 96 65 65 1 3 78 59 17 62 43 26 20 27 61 20 71 27 70 11 71 98 16 41 97 58 96 29 15 18 18 82 23 47 2 7 94
28 70 92 69 93 48 33 66 75 6 89 36 38 90 61 39 67 38 97 2 30 38 95 44 75 81 96 81 81 7 71 13 24 19 28 13 1 43 52 53 4 56 54 28 58 74 36 30 35 6
61 71 94 65 45 32 58 76 80 47 4 90 3 82 2 18 29 36 84 60 2 72 60 5 30 14 6 73 14 87 67 23 72 85 21 66 36 73 80 37 26 78 38 29 51 34 38 13 77 47
35 40 59 89 86 58 98 55 92 56 84 82 69 63 26 36 98 46 24 38 84 7 16 74 44 39 87 33 39 82 49 37 55 53 41 2 3 70 71 49 17 57 52 3 43 75 51 76 61 56
28 30 81 83 59 82 47 52 32 75 60 93 33 72 53 53 2 22 21 21 87 87 99 67 11 73 29 95 73 69 36 45 74 92 3 78 85 31 53 76 59 65 79 39 87 4 63 21 3 75
