20 50 5182 2.46
71 89 2 33 41 97 55 83 75 37 96 4 57 95 89 68 44 62 46 91 80 4 40 84 95 86 53 51 53 44 59 12 60 21 37 73 20 28 28 8 2 85 34 52 4 33 95 98 14 91
58 10 4 78 97 49 6 50 70 42 91 75 21 93 71 52 24 18 99 5 46 17 68 80 99 93 15 57 31 53 82 60 47 91 74 33 7 24 55 75 14 98 82 63 90 78 17 33 18 5
11 40 13 2 78 6 76 20 95 48 35 93 23 67 62 65 34 37 74 24 12 80 53 87 21 63 32 67 95 46 73 81 9 48 66 5 59 35 16 90 66 30 24 82 19 2 65 85 24 24
41 36 71 47 61 56 62 69 66 93 59 53 31 72 5 95 68 21 21 3 27 86 26 37 26 66 96 26 8 76 36 29 55 86 53 36 49 71 28 56 66 76 17 16 47 47 67 52 76 3
10 78 92 10 29 72 97 14 35 9 56 23 59 76 44 85 83 38 26 78 86 27 33 30 55 24 84 84 25 21 75 20 8 66 61 75 8 39 74 67 70 20 7 63 38 10 58 60 79 78
81 76 55 91 41 92 67 93 62 56 8 60 66 96 10 77 65 54 15 24 77 19 76 18 34 17 65 14 15 47 10 85 76 27 18 23 6 28 88 30 53 85 55 94 12 91 96 39 55 24
97 37 32 38 29 89 89 89 32 57 33 22 45 24 28 60 75 98 37 17 19 7 74 26 21 34 14 90 78 8 84 14 12 47 56 9 64 32 12 1 62 99 43 79 68 38 21 14 25 17
96 78 84 93 77 86 27 53 55 65 78 45 57 50 58 29 56 83 68 70 52 2 22 50 6 38 49 49 5 48 98 39 88 24 82 62 30 67 46 89 31 44 33 22 36 93 71 85 21 70
70 82 71 59 77 33 19 49 77 75 86 76 78 93 80 14 3 93 57 68 59 76 46 72 13 35 77 83 4 17 46 69 10 82 21 2 30 33 59 85 21 70 65 80 43 59 67 72 25 68
43 98 93 45 48 95 34 7 57 10 81 95 84 58 9 25 14 32 22 31 5 30 73 70 3 96 77 60 55 66 88 30 79 91 11 22 4 10 14 31 98 1 39 96 32 45 11 77 64 31
92 34 48 93 14 48 55 25 62 93 67 46 93 29 26 57 43 65 98 39 90 35 17 42 19 39 80 79 72 88 77 62 13 30 3 74 95 45 98 77 36 94 75 53 72 93 9 30 79 39
63 96 66 73 31 61 67 27 77 72 18 44 98 24 25 75 44 36 46 65 90 85 56 15 67 51 81 21 20 38 38 64 36 51 81 26 92 48 82 3 97 96 69 54 61 73 27 31 97 65
19 35 98 55 14 1 63 95 82 94 96 81 88 26 3 4 84 69 59 76 68 57 48 78 90 98 26 43 49 22 27 81 65 13 53 78 16 32 30 35 44 76 13 71 22 55 14 25 2 76
75 10 82 42 17 76 73 69 63 51 19 63 34 85 50 30 39 97 95 52 66 52 65 51 93 91 56 88 56 65 8 71 59 24 39 14 90 38 17 43 61 88 4 27 96 42 16 74 46 52
47 2 96 19 10 90 14 53 22 53 69 30 54 29 90 83 89 66 38 25 65 76 82 84 53 23 11 95 80 84 56 42 22 11 91 44 83 3 97 12 29 34 17 95 51 19 79 83 16 25
11 85 40 52 68 77 65 35 32 63 80 3 43 59 51 19 85 49 6 66 11 6 52 48 80 22 23 9 19 53 21 11 59 31 75 37 32 30 58 23 88 64 64 3 82 52 37 44 22 66
52 98 31 68 21 42 36 63 83 21 30 13 66 97 64 81 71 45 64 52 64 8 49 23 62 13 82 46 42 87 94 50 94 36 17 23 92 2 58 88 83 50 51 92 55 68 3 18 6 52
98 47 77 13 76 74 45 92 34 23 90 48 44 71 82 27 68 66 88 61 66 40 13 19 38 49 98 9 66 85 77 96 31 87 4 83 33 73 72 51 28 16 75 80 79 13 98 78 60 61
93 67 59 27 95 66 95 37 42 21 12 39 92 59 95 42 14 41 74 78 42 32 2 46 86 6 58 92 77 14 32 85 30 4 95 42 63 48 59 65 34 34 16 61 53 27 72 7 3 78
87 97 22 62 51 1 64 50 31 16 53 35 39 97 70 57 56 54 84 13 10 99 91 9 38 89 62 14 57 62 48 55 40 61 33 37 60 43 62 76 41 12 91 74 19 62 6 69 47 13
