20 50 5007 2.45
2 77 47 20 99 18 36 86 59 80 85 85 13 65 20 98 35 35 74 3 29 51 28 22 1 73 37 11 66 67 39 67 28 35 1 29 77 5 67 79 42 2 20 92 23 39 46 63 25 3
39 12 46 62 47 33 63 82 72 58 97 69 87 46 27 83 2 2 67 72 71 36 2 94 13 51 19 11 17 14 25 39 22 16 27 28 35 50 85 60 35 6 40 22 5 60 46 8 20 72
58 96 70 76 76 1 46 89 12 39 27 56 22 25 83 52 59 59 47 95 66 33 64 90 57 65 66 56 56 42 35 77 66 26 43 9 44 15 85 1 98 47 6 83 13 14 75 85 3 95
27 21 23 55 72 1 5 29 91 65 75 41 51 6 62 22 5 5 14 25 6 30 60 46 37 42 97 22 89 3 53 33 93 71 10 79 34 17 51 33 47 78 64 37 70 9 12 96 14 25
38 66 53 18 42 66 16 2 26 3 42 64 79 80 57 66 59 59 81 92 17 31 65 85 2 15 11 66 41 77 94 12 70 48 75 77 58 45 92 65 62 50 56 19 39 83 98 89 2 92
64 18 61 47 71 86 23 18 61 71 30 94 96 60 7 84 58 58 4 7 65 46 65 53 6 39 59 95 82 55 38 58 78 76 65 2 68 37 9 30 37 18 47 75 22 29 60 77 26 7
45 74 77 39 49 80 72 94 39 52 10 44 8 47 81 60 3 3 74 5 37 80 87 88 92 38 77 26 69 80 77 94 10 90 75 33 84 34 10 31 6 86 70 89 51 35 72 27 35 5
96 96 25 71 22 96 85 78 37 43 55 9 37 30 42 92 37 37 56 36 86 72 1 35 58 66 42 49 32 56 93 96 16 83 97 81 19 75 11 33 95 64 56 94 27 53 80 90 51 36
86 71 15 8 40 9 1 24 73 67 66 12 98 94 50 41 35 35 64 82 39 27 45 26 79 13 4 14 11 63 10 27 38 5 7 25 77 20 80 41 44 79 84 9 58 33 57 44 21 82
77 1 54 95 54 18 90 27 83 93 91 13 10 43 27 64 95 95 50 42 57 56 81 88 57 63 63 90 54 43 34 61 40 13 39 35 35 66 31 53 27 96 19 59 11 44 61 78 4 42
86 79 72 70 74 98 30 56 18 42 26 25 84 42 84 74 10 10 33 19 62 12 84 84 45 77 50 47 76 70 16 73 22 89 17 5 35 60 45 94 19 30 67 14 87 3 7 55 96 19
34 4 57 69 35 27 76 84 56 58 99 1 86 18 63 22 29 29 58 35 17 86 43 20 17 51 12 11 35 41 2 78 79 96 76 35 50 39 60 26 7 13 28 98 19 16 32 49 68 35
89 89 65 60 72 48 48 88 66 42 79 78 14 41 78 15 43 43 27 5 56 2 80 19 22 12 57 3 18 62 48 60 16 27 58 59 60 34 4 14 73 19 31 9 28 29 65 47 40 5
78 71 55 46 48 94 95 70 52 66 76 85 34 15 18 19 26 26 28 32 84 68 37 32 48 15 70 39 5 51 65 35 59 70 80 61 24 61 4 98 7 94 77 98 19 11 26 12 23 32
40 76 99 47 23 44 84 27 44 50 13 30 99 52 1 38 44 44 28 60 14 49 83 55 14 81 65 15 88 98 11 91 40 4 32 17 82 32 40 12 98 75 9 53 55 61 75 56 63 60
70 97 26 62 20 73 1 19 26 57 66 78 27 95 43 38 70 70 93 21 4 13 2 98 71 72 49 77 65 44 18 55 5 13 27 48 77 36 42 53 9 89 5 48 1 86 21 42 4 21
79 47 72 65 96 59 34 94 51 72 37 76 40 36 86 29 95 95 61 71 75 79 74 58 75 16 73 26 52 28 93 98 55 41 7 46 49 61 89 55 97 40 23 86 28 77 45 46 1 71
67 95 80 99 93 68 95 48 61 86 7 12 18 90 65 75 84 84 72 89 26 5 36 34 17 30 80 5 41 57 61 4 7 63 20 99 14 26 36 47 25 38 83 67 62 1 50 76 83 89
69 30 90 56 68 85 40 3 46 37 1 5 69 31 7 90 95 95 25 19 26 92 14 33 19 92 42 5 88 79 73 79 44 23 96 5 51 22 27 82 55 77 24 78 68 57 32 18 23 19
38 61 57 37 24 66 94 55 86 19 34 71 58 98 50 80 93 93 59 84 31 79 80 5 27 80 12 25 4 21 97 61 25 98 22 54 94 99 12 51 93 20 83 82 28 15 34 95 50 84
