20 50 5018 2.43
1 88 88 28 17 8 46 72 66 23 57 43 54 58 5 52 91 19 5 66 60 54 46 98 34 57 17 30 40 78 17 20 81 56 38 93 25 1 23 73 2 14 50 48 71 78 18 3 8 66
37 5 54 43 74 23 63 45 55 36 2 56 85 12 73 35 97 10 22 87 12 10 65 35 30 20 52 21 65 77 52 91 30 95 3 29 71 33 4 12 27 2 7 94 46 53 85 26 58 87
23 87 16 87 95 11 35 15 65 18 50 89 33 5 56 54 68 54 25 57 2 96 88 65 75 33 67 2 14 31 67 8 72 70 18 46 49 61 85 62 1 7 74 5 10 25 65 40 89 57
36 16 16 72 10 70 72 93 57 74 16 24 93 12 95 83 69 82 28 31 31 67 87 21 11 2 55 6 98 57 55 71 4 75 81 18 48 24 94 19 7 89 54 71 62 62 70 79 35 31
88 84 7 51 38 83 66 23 58 19 55 66 51 56 96 93 74 84 96 85 60 85 60 60 93 38 59 69 93 65 59 56 12 15 4 3 5 78 6 26 17 53 9 36 71 45 58 18 84 85
60 27 63 35 10 5 23 90 38 94 9 65 98 27 76 87 29 9 43 94 51 67 7 5 44 21 49 1 76 33 49 2 26 93 62 6 13 40 25 81 6 5 76 27 56 64 49 71 88 94
59 61 41 98 76 1 13 97 5 25 88 25 80 24 36 45 82 21 48 31 85 22 29 95 95 79 67 54 40 34 67 31 15 44 1 62 36 74 70 35 42 88 67 77 6 46 93 41 18 31
4 94 99 2 74 44 40 93 26 79 42 79 92 44 1 89 93 12 92 17 44 10 88 60 2 25 65 84 39 47 65 15 55 64 26 29 84 41 6 71 98 72 29 55 23 18 56 27 51 17
34 59 54 63 70 70 41 74 66 11 46 12 4 55 97 48 20 63 43 16 32 45 97 32 1 99 66 62 30 45 66 11 54 39 28 50 74 41 2 51 70 33 28 65 22 6 66 23 21 16
17 4 44 76 30 16 95 9 93 51 78 45 45 52 85 66 88 11 35 88 56 99 53 22 41 15 3 71 22 24 3 22 4 87 45 31 48 46 52 82 71 33 49 17 95 59 87 14 12 88
70 34 89 69 11 87 12 88 39 35 58 22 65 31 1 67 13 36 61 83 61 34 96 51 49 20 53 34 71 6 53 28 15 4 49 29 45 44 26 93 22 50 48 93 83 65 86 78 13 83
81 24 71 98 75 82 79 98 42 87 60 54 92 82 32 18 63 59 15 99 22 1 8 13 56 45 54 18 45 22 54 19 79 8 11 62 25 88 20 80 14 71 53 92 19 82 11 56 11 99
74 78 92 7 87 80 62 69 40 82 94 82 68 87 70 58 25 92 70 19 10 72 67 59 10 76 27 13 40 90 27 44 36 71 37 60 8 19 60 41 58 28 9 37 86 97 46 94 17 19
21 77 53 52 98 86 34 96 7 92 61 8 10 65 70 14 16 30 50 9 50 7 29 4 17 47 58 18 8 7 58 86 68 62 37 62 69 5 50 77 37 36 99 92 37 52 47 82 66 9
34 90 73 46 58 80 4 25 50 89 76 92 40 2 56 12 59 50 34 82 17 99 51 25 7 90 56 19 22 4 56 92 59 41 61 65 20 60 42 59 8 38 97 70 72 60 42 39 26 82
77 85 54 94 15 44 60 4 27 27 99 91 20 27 75 74 2 61 94 63 61 81 12 31 55 38 80 50 65 37 80 67 78 91 5 55 79 69 27 70 43 25 1 13 20 2 30 55 23 63
21 94 83 78 69 31 44 18 64 5 55 63 15 65 73 49 58 97 23 52 95 9 29 98 88 4 5 7 12 49 5 69 46 3 60 45 58 54 66 46 2 52 46 31 84 12 8 24 43 52
55 52 74 16 75 58 65 1 20 81 10 10 76 28 33 84 29 79 56 21 38 20 11 98 26 72 82 76 7 55 82 49 23 90 21 74 50 38 98 3 69 36 2 19 10 15 27 85 21 21
9 68 67 7 47 38 18 15 79 42 38 50 17 56 57 5 42 95 29 12 12 85 85 20 61 54 6 75 96 26 6 22 49 74 93 82 99 71 8 3 25 15 25 9 6 50 20 53 16 12
50 92 88 24 70 30 91 83 28 81 20 53 50 83 64 19 41 46 33 41 89 43 96 71 22 44 9 56 51 76 9 94 68 74 21 58 32 25 8 63 64 89 69 79 69 55 98 6 77 41
