20 50 5055 2.45
51 34 82 33 72 46 90 49 92 87 4 40 79 86 6 43 7 73 30 7 26 66 66 64 22 16 87 78 6 18 87 43 48 52 8 28 78 35 27 63 12 71 2 7 69 15 85 80 71 7
54 48 41 10 34 97 69 62 69 40 99 94 34 36 21 21 57 86 29 5 51 30 12 73 24 51 70 28 21 9 48 33 23 98 56 25 91 11 43 44 28 30 84 15 27 36 42 49 3 5
99 92 37 85 59 63 5 4 84 36 72 54 39 21 12 78 19 16 76 86 52 55 24 23 34 24 56 72 12 30 77 28 51 56 29 34 52 63 79 70 49 83 43 92 22 71 27 19 46 86
81 15 64 90 98 95 1 88 46 95 66 57 59 3 68 32 88 82 95 3 53 21 46 49 85 56 2 1 68 62 18 30 26 72 72 93 79 49 42 11 31 20 44 48 94 6 4 74 97 3
38 77 2 55 4 23 90 56 37 76 43 10 16 14 97 91 87 97 15 8 42 5 75 30 25 69 8 81 97 51 97 33 8 39 60 24 81 4 80 57 40 93 88 75 30 29 97 60 86 8
62 82 99 54 22 31 81 37 97 67 75 66 72 17 25 72 79 58 37 86 54 13 56 73 53 46 93 33 25 76 46 3 82 48 73 15 32 46 82 68 34 87 52 72 94 4 26 25 68 86
75 2 59 89 29 48 6 42 77 14 12 8 63 32 38 81 1 58 21 46 67 8 14 38 73 64 79 92 38 21 60 92 1 59 7 25 61 57 96 54 15 79 71 35 23 49 2 89 3 46
75 98 48 74 75 84 32 96 38 7 68 59 10 98 89 27 71 31 30 80 54 9 51 11 30 6 78 8 89 51 81 67 32 7 75 73 59 93 74 63 67 65 41 13 41 8 59 98 97 80
48 18 96 89 95 3 83 35 59 57 26 69 70 56 36 12 12 81 71 10 40 83 46 98 7 66 12 5 36 69 47 53 1 46 52 90 30 22 28 39 13 55 64 25 41 59 94 49 58 10
88 54 8 49 35 65 62 56 21 8 38 76 24 13 11 45 34 12 8 33 19 57 65 30 57 46 22 20 11 82 56 86 2 71 33 5 31 8 96 59 51 89 58 53 43 12 33 39 96 33
97 88 65 50 4 30 98 19 81 77 22 51 30 67 18 18 70 78 9 79 10 97 6 14 51 5 80 69 18 71 93 96 28 87 29 62 9 99 59 46 60 98 17 44 23 44 15 45 51 79
41 84 64 14 85 31 80 35 63 21 51 53 58 55 99 56 54 84 15 82 30 79 81 20 52 42 27 41 99 6 90 67 43 10 6 29 54 22 75 46 26 54 69 34 78 81 69 94 66 82
46 70 27 2 88 89 93 41 40 16 74 35 59 87 75 78 55 29 49 80 24 3 81 15 41 79 92 24 75 66 82 5 4 48 33 81 99 37 48 55 83 10 13 79 67 35 14 91 49 80
44 53 89 86 10 40 42 40 23 10 28 27 41 48 69 14 8 38 9 80 61 3 7 1 55 55 33 10 69 31 5 89 44 84 20 81 61 96 35 88 2 15 82 37 75 38 69 43 10 80
47 58 29 15 57 15 58 87 6 42 61 69 57 81 68 53 60 63 45 77 24 12 17 8 3 3 36 87 68 73 81 18 44 36 84 69 88 51 14 65 6 84 94 89 85 28 27 78 61 77
73 44 64 22 40 36 58 38 73 38 99 18 32 70 51 56 10 93 79 14 46 81 9 81 70 76 73 82 51 38 16 84 82 11 25 64 27 63 83 66 69 67 4 39 33 1 84 29 68 14
51 17 82 73 6 91 30 10 49 97 1 51 77 24 13 6 61 36 97 39 42 68 59 70 9 83 71 68 13 45 51 84 6 49 69 15 12 72 99 86 9 5 59 82 24 46 77 8 2 39
50 71 89 83 82 44 36 30 25 10 45 98 30 25 34 44 20 78 39 56 30 3 62 7 10 66 51 27 34 5 12 46 49 54 23 37 14 37 41 82 70 89 92 56 40 34 9 25 63 56
81 13 30 71 41 53 43 94 88 78 37 71 64 39 77 12 69 54 36 25 20 75 3 2 50 74 85 77 77 90 58 88 57 97 33 74 4 43 2 51 70 97 23 4 37 57 3 28 3 25
50 92 99 49 25 93 12 24 31 93 59 50 63 96 60 52 64 61 73 45 55 38 46 79 70 47 78 64 60 69 49 15 34 28 34 45 34 32 45 18 21 13 41 80 93 22 81 3 58 45
