20 50 5020 2.44
11 53 55 71 69 3 85 86 86 96 36 20 84 89 52 23 5 17 71 42 82 51 22 58 13 47 81 99 41 23 9 28 61 6 36 3 62 75 11 37 42 6 36 80 27 80 7 30 56 42
88 14 97 96 26 41 71 86 59 72 82 82 66 7 71 54 90 10 3 4 70 81 62 82 88 63 68 52 77 12 15 67 59 51 57 14 53 86 3 82 46 83 22 22 16 5 11 15 38 4
15 10 86 22 76 12 87 69 3 73 78 68 14 10 47 2 96 2 99 30 18 81 63 18 61 68 85 97 7 18 5 85 87 97 77 53 67 97 17 37 12 98 84 20 11 50 72 27 31 30
8 85 30 4 76 9 86 82 69 37 61 57 44 98 53 81 7 19 87 30 48 30 94 51 65 12 64 34 48 28 93 73 70 21 45 31 8 24 26 85 84 34 54 32 7 1 33 36 21 30
99 23 71 24 35 73 61 70 52 3 45 60 68 68 10 42 85 12 33 82 49 5 1 58 32 32 29 17 5 34 12 75 71 87 64 2 80 44 98 11 11 82 98 15 56 34 38 81 49 82
20 7 12 44 50 37 56 24 88 59 42 5 41 42 25 63 48 24 74 58 50 16 29 37 24 25 13 23 11 56 68 64 7 82 55 35 15 80 72 91 86 19 21 75 65 11 90 79 35 58
13 15 70 22 39 35 60 36 42 10 62 79 44 20 79 95 63 75 87 95 85 26 15 22 85 25 19 5 1 6 68 51 9 12 10 86 40 94 33 9 39 54 84 45 84 52 55 88 97 95
40 61 50 89 86 31 12 52 92 3 13 37 43 18 70 48 28 61 30 96 96 23 36 45 77 20 45 2 46 14 79 61 5 86 69 25 86 71 62 63 64 89 5 41 97 95 25 12 2 96
74 10 6 75 86 95 18 88 22 97 97 45 13 35 49 55 83 39 44 45 95 38 50 88 85 6 64 13 3 43 27 41 40 6 40 26 81 66 32 44 82 1 77 71 58 45 82 13 27 45
71 21 85 18 95 95 81 2 93 30 32 75 83 43 61 87 69 24 17 6 15 64 62 3 80 26 36 95 62 57 59 73 72 38 67 90 49 56 74 97 26 28 30 35 26 29 89 58 37 6
83 82 88 2 68 89 69 26 92 20 29 42 31 74 61 51 59 52 83 50 11 88 38 56 92 35 79 98 24 3 43 8 38 44 97 77 93 16 2 62 29 49 7 23 33 91 26 54 50 50
55 89 51 4 14 71 35 96 21 62 54 60 54 28 82 18 99 42 68 32 24 19 70 60 46 55 78 50 2 44 93 13 69 33 67 6 76 18 5 12 88 3 43 39 62 8 21 1 42 32
29 31 61 74 81 80 96 34 79 30 29 79 27 67 68 1 76 97 37 90 94 4 78 59 29 26 48 17 8 79 3 34 80 8 48 58 71 18 4 49 24 86 5 46 33 74 21 65 59 90
21 55 92 82 13 3 32 59 48 52 60 85 33 63 21 20 28 98 64 85 27 45 66 20 5 32 49 5 19 58 21 32 82 98 26 74 12 92 6 74 89 72 58 78 37 96 61 22 23 85
73 22 37 21 39 73 45 54 29 3 71 71 22 65 36 79 89 5 37 14 12 69 86 51 17 46 46 57 50 55 26 33 41 93 11 48 37 37 81 99 70 61 12 1 31 77 18 58 22 14
92 49 37 92 89 62 80 75 69 66 82 41 53 25 52 64 85 69 32 14 95 1 97 6 16 57 48 8 21 47 68 59 11 38 82 49 36 37 26 90 19 90 1 64 21 33 42 80 17 14
6 26 68 25 97 53 2 87 41 30 7 56 70 72 65 33 48 24 95 78 6 64 11 63 24 18 50 27 78 81 97 60 52 40 51 69 54 41 27 43 3 40 33 12 71 10 56 21 30 78
73 45 19 51 52 77 68 21 99 36 65 23 39 55 64 34 44 78 98 28 67 57 32 79 41 84 82 50 59 83 20 56 48 45 73 83 85 31 85 65 6 70 43 77 88 26 41 28 31 28
47 58 30 28 12 15 66 99 97 16 42 81 18 80 58 99 56 95 22 74 88 81 53 22 8 14 11 47 75 64 89 97 48 27 9 14 5 25 81 89 72 66 25 62 88 27 25 41 15 74
23 95 81 98 31 99 98 7 8 49 90 64 27 90 26 5 86 79 65 77 9 9 4 80 96 78 14 96 72 80 35 99 69 18 64 55 51 50 35 6 27 44 95 37 2 69 5 84 2 77
