20 50 5013 2.43
65 77 57 39 99 39 53 93 74 10 12 28 50 74 14 10 42 1 22 37 51 15 34 36 25 95 96 7 80 6 71 12 75 28 39 80 19 75 59 68 54 75 72 30 60 15 66 68 75 37
65 5 70 24 22 34 70 69 97 98 17 30 39 41 58 73 77 92 95 66 14 3 6 40 96 71 74 43 68 13 55 25 10 28 67 13 11 10 27 13 91 4 77 74 60 18 89 2 86 66
32 54 3 8 17 39 85 44 20 24 94 36 3 99 65 87 84 95 76 29 37 61 67 38 49 51 75 83 28 90 21 75 18 54 43 65 98 18 22 37 40 33 88 34 98 17 57 93 72 29
48 50 76 48 81 70 24 60 70 94 43 80 23 88 95 33 79 70 28 92 39 50 34 91 96 89 18 7 16 59 43 72 38 80 86 10 65 38 44 1 94 3 66 63 30 14 28 57 17 92
30 44 39 89 45 73 20 67 79 65 99 41 18 36 67 66 27 17 33 17 67 31 28 98 57 39 74 14 88 13 56 49 34 53 91 40 35 34 17 68 47 94 12 1 79 55 69 25 54 17
37 89 55 72 76 93 38 79 97 59 14 24 79 62 85 79 91 78 97 67 51 92 28 98 78 29 27 28 98 46 35 98 25 79 7 12 28 25 52 89 61 40 26 96 20 78 27 51 1 67
69 8 30 38 61 80 9 32 46 42 63 25 90 15 3 3 46 6 38 43 87 24 99 45 10 23 73 30 38 43 13 26 4 76 54 65 71 4 94 42 73 5 61 51 98 39 62 7 25 43
1 44 35 84 79 96 98 67 25 5 41 55 16 26 50 33 61 31 99 99 56 38 13 85 58 5 38 52 8 85 73 31 70 36 39 98 82 70 2 16 89 39 78 7 45 3 63 21 79 99
40 81 58 66 75 24 19 44 64 2 51 85 78 52 86 96 53 24 77 28 55 70 15 3 49 3 83 60 47 20 3 27 40 43 52 11 42 40 11 70 66 44 15 20 89 36 86 96 69 28
92 93 20 77 94 98 5 59 82 94 12 80 75 66 74 68 42 79 92 15 56 56 9 87 23 52 28 16 14 59 81 36 67 70 28 87 86 67 49 6 73 34 80 77 27 44 68 63 96 15
41 2 81 99 98 33 5 5 17 8 8 49 13 84 96 86 55 3 7 95 82 70 71 18 75 66 65 38 6 63 38 40 72 4 51 23 67 72 76 52 52 78 3 23 74 2 58 62 5 95
1 56 51 94 8 84 42 4 45 42 89 84 13 11 39 80 42 59 46 15 63 4 82 34 81 14 42 95 25 80 54 45 25 42 52 66 66 25 35 27 45 62 96 41 61 1 2 80 34 15
49 4 44 93 70 39 5 84 70 50 18 75 60 98 41 9 17 53 87 53 70 87 21 5 4 69 7 36 37 41 41 38 3 34 13 1 30 3 74 65 9 48 53 83 58 64 9 6 54 53
96 92 29 72 95 24 44 19 90 79 15 6 64 63 83 16 80 86 89 50 77 11 24 74 51 31 28 53 32 67 14 66 24 61 34 18 66 24 93 17 35 66 95 99 62 48 64 44 59 50
73 89 16 44 11 6 72 44 88 55 86 28 6 98 10 13 5 71 64 20 90 66 14 51 44 58 54 22 68 54 80 99 44 20 78 7 92 44 45 85 12 44 39 26 14 2 19 10 28 20
7 80 77 27 19 86 6 58 34 22 16 85 40 77 49 77 97 77 19 14 80 28 23 19 65 20 33 90 1 24 54 44 72 58 80 40 34 72 99 11 20 46 10 48 2 94 27 14 16 14
82 63 77 14 14 65 36 88 10 13 27 91 16 54 46 99 72 55 89 21 65 88 43 41 69 82 56 83 59 74 46 64 97 96 67 27 31 97 67 1 71 28 11 9 90 63 82 37 39 21
83 30 7 94 53 33 11 59 3 22 43 28 24 73 47 30 98 69 17 26 79 68 62 41 71 64 34 43 28 31 36 70 71 34 74 67 32 71 67 21 49 76 29 16 6 83 37 39 14 26
8 75 81 15 21 52 77 30 68 74 91 83 29 83 15 12 85 20 11 17 47 27 4 43 42 11 35 19 18 94 24 58 89 73 84 14 55 89 51 75 54 26 42 44 86 13 42 54 22 17
81 98 10 5 24 78 94 12 14 22 3 96 75 25 57 8 70 38 94 80 35 92 28 59 11 23 32 23 78 29 62 68 58 76 85 4 77 58 20 17 13 37 42 45 53 25 49 20 7 80
