20 50 5020 2.43
22 24 79 5 90 98 37 55 54 57 2 14 68 50 84 91 75 85 97 36 73 99 25 26 33 39 28 50 47 75 16 39 82 92 57 82 13 94 50 14 87 32 72 30 16 86 4 37 73 36
9 55 19 40 64 5 59 96 97 23 77 24 6 55 22 7 37 83 86 33 24 89 77 70 74 80 41 66 24 65 24 62 18 86 45 34 73 86 43 67 6 89 85 62 45 44 5 59 26 33
23 27 43 7 17 44 85 87 75 28 19 91 64 90 68 78 98 22 35 39 45 92 2 80 97 29 84 56 75 70 39 76 23 69 96 78 18 8 61 27 88 3 84 22 36 93 56 85 99 39
35 3 88 1 39 76 6 38 60 34 47 2 17 95 12 30 40 91 45 20 66 28 2 26 63 54 16 77 87 40 12 79 39 34 27 62 13 81 22 8 81 95 43 69 74 13 73 6 7 20
96 13 29 21 42 59 90 8 17 32 79 8 79 18 94 16 13 94 52 13 49 80 86 97 4 59 15 3 16 32 79 27 84 67 75 60 5 50 45 85 4 26 67 7 39 18 23 90 5 13
15 82 65 7 13 59 52 66 76 62 90 44 47 93 26 16 78 13 63 53 27 27 68 7 82 71 88 85 60 68 45 94 33 73 57 42 19 98 54 82 22 81 96 63 55 4 44 52 44 53
92 30 22 15 81 53 79 10 31 79 51 1 31 96 93 11 10 11 62 57 32 33 47 2 97 66 83 64 34 23 86 8 24 53 15 27 88 30 38 44 29 82 44 47 27 86 98 79 3 57
12 24 18 39 68 57 96 68 72 47 96 96 67 35 28 37 21 51 50 79 76 72 2 9 57 93 1 2 5 70 64 11 61 11 27 27 75 52 47 51 3 26 19 37 37 9 63 96 52 79
10 64 82 65 67 89 20 20 11 15 51 82 75 24 42 12 44 15 11 91 18 32 91 30 24 15 21 35 56 72 73 11 53 64 39 83 33 27 35 66 81 13 82 63 77 59 84 20 6 91
83 97 3 45 38 56 18 69 16 72 97 17 21 7 75 53 25 52 57 37 70 4 64 53 35 76 25 61 35 61 75 75 53 56 82 57 96 16 79 49 22 4 19 20 88 24 53 18 32 37
29 78 48 51 33 64 92 82 33 59 82 43 47 81 39 10 46 32 57 66 85 89 35 44 48 34 59 60 94 40 23 71 40 22 28 92 50 62 88 21 20 10 57 85 38 35 57 92 14 66
53 76 71 75 29 45 22 47 72 29 18 88 35 21 54 7 34 22 52 40 97 41 76 96 68 66 59 73 11 89 11 3 1 61 85 2 94 63 29 89 8 79 68 77 89 55 54 22 98 40
48 39 34 63 50 95 18 18 76 37 94 44 65 50 97 85 82 35 99 50 21 91 87 69 68 5 71 19 61 10 59 60 87 56 75 43 4 63 70 61 24 53 70 82 33 80 30 18 74 50
98 31 92 71 35 67 87 41 93 51 31 24 80 63 87 2 74 41 77 18 95 82 78 89 50 49 79 4 4 87 20 72 41 96 61 68 96 25 67 45 95 61 35 50 22 58 50 87 44 18
21 98 83 86 37 38 60 12 98 50 92 17 3 34 98 16 29 92 47 29 14 47 30 4 69 4 33 78 31 95 80 91 54 92 88 23 59 13 77 86 61 9 82 57 42 5 89 60 28 29
1 37 14 55 88 47 81 63 60 20 69 74 25 14 49 30 64 99 3 27 79 23 63 22 43 5 9 44 20 52 42 8 56 17 22 16 7 34 81 18 83 10 91 1 71 40 10 81 17 27
27 61 14 62 90 19 17 11 67 41 33 79 63 7 9 16 82 48 93 19 81 63 69 85 45 76 2 89 78 85 21 2 72 5 12 99 8 54 82 45 32 3 44 85 33 9 94 17 68 19
89 93 43 10 82 46 44 61 69 95 11 62 28 45 2 71 22 38 34 61 19 98 62 56 25 57 67 75 24 37 91 9 99 41 97 51 74 89 8 71 81 7 8 10 57 21 73 44 88 61
39 35 38 57 85 4 7 17 12 74 81 86 8 3 67 70 59 76 23 67 61 24 30 15 22 13 10 96 11 4 90 97 7 1 52 84 66 2 27 63 13 62 17 64 95 74 78 7 40 67
62 69 27 60 80 50 4 19 2 70 46 91 82 14 90 85 51 31 36 11 89 36 37 34 5 82 74 64 30 25 60 87 10 89 95 66 24 73 45 2 77 27 46 20 11 40 51 4 54 11
