20 50 5052 2.43
14 94 95 62 60 78 66 15 29 97 74 51 1 74 48 21 39 77 27 77 17 65 15 98 14 89 2 3 45 49 47 43 39 25 25 46 88 3 1 50 52 35 82 33 33 51 1 61 5 77
42 19 66 76 6 30 81 62 51 7 93 81 78 70 71 46 54 36 47 69 15 97 89 85 42 41 20 69 76 28 37 57 54 44 31 76 15 87 63 90 1 37 67 16 95 38 60 24 37 69
75 11 78 47 32 33 79 89 12 34 45 14 79 81 81 78 88 57 42 67 25 10 91 4 75 47 79 40 58 60 12 31 55 95 35 41 10 59 38 19 15 95 21 78 81 75 88 1 9 67
30 97 28 5 4 90 98 83 44 58 69 38 57 18 46 60 41 83 12 95 16 80 26 14 30 43 77 23 76 92 87 67 7 54 59 67 40 90 54 68 5 22 84 77 20 38 89 34 1 95
23 75 15 32 10 79 7 70 63 71 79 74 75 44 60 97 67 64 15 94 31 50 4 14 23 91 33 54 95 79 45 67 2 74 9 76 4 25 14 37 93 25 48 55 74 3 94 44 74 94
67 27 56 28 40 53 32 23 26 11 99 12 36 54 68 89 48 67 19 86 37 8 75 95 67 32 64 88 19 23 88 25 91 29 35 16 6 82 55 21 19 5 41 9 32 5 39 11 87 86
45 34 66 62 71 95 39 96 61 50 23 42 1 63 3 54 53 58 45 9 59 25 40 25 45 74 13 91 82 39 25 26 52 26 97 31 15 81 76 49 67 36 20 78 62 79 34 78 18 9
86 47 7 86 34 72 53 43 14 10 32 94 49 19 63 61 35 72 81 45 58 23 1 33 86 63 38 65 67 85 41 91 99 35 84 55 52 32 53 13 71 36 36 87 8 7 84 92 56 45
16 12 36 6 58 15 29 23 50 89 61 97 42 84 60 70 2 19 68 1 62 19 41 45 16 51 80 81 92 47 86 20 82 44 30 26 82 43 96 64 99 31 16 15 47 98 68 64 70 1
58 85 92 51 54 95 21 97 45 7 22 95 93 82 12 59 61 92 70 64 25 65 18 20 58 6 27 64 28 9 81 30 5 29 20 40 96 32 87 58 54 84 13 93 95 41 65 82 80 64
3 14 9 94 45 78 99 97 60 80 92 64 11 1 73 60 85 72 63 58 92 59 55 54 3 51 87 61 91 33 23 22 85 29 40 92 56 90 81 39 17 30 94 38 25 90 44 59 24 58
20 12 41 34 8 33 94 44 30 93 53 75 77 80 1 21 9 87 2 53 54 18 94 98 20 85 96 43 99 5 39 64 86 85 22 62 83 43 94 60 27 88 77 71 89 61 54 7 21 53
91 98 76 33 4 70 8 50 66 38 24 69 47 72 87 68 13 76 66 2 54 52 50 27 91 7 80 17 28 9 8 77 3 38 99 20 97 8 70 26 37 58 45 7 95 7 13 89 57 2
12 73 98 7 52 25 7 4 72 98 60 99 17 75 61 61 87 81 57 14 33 2 67 6 12 82 34 14 36 48 81 53 50 86 31 11 24 67 25 51 52 27 86 89 86 11 84 21 46 14
68 82 19 47 73 9 62 4 75 8 88 39 8 41 16 81 33 27 60 60 30 36 76 18 68 71 92 41 96 49 23 94 69 94 23 7 5 21 38 51 71 20 65 3 3 23 42 58 70 60
89 76 26 69 50 82 69 28 78 39 10 8 34 13 32 83 27 27 38 46 38 51 2 67 89 29 58 50 16 15 41 27 16 76 65 42 21 22 42 38 5 57 73 43 7 7 46 11 39 46
75 89 70 97 1 48 33 37 65 24 35 39 50 38 71 45 12 1 31 65 71 15 17 48 75 5 97 33 89 84 21 11 39 63 99 59 65 45 24 54 17 94 1 60 19 64 94 26 22 65
33 92 89 39 31 61 67 53 57 69 99 6 71 64 57 33 92 88 38 87 54 52 71 78 33 51 2 14 34 52 78 3 86 24 22 32 65 30 52 64 13 87 98 33 9 6 34 6 11 87
5 66 1 6 85 7 86 3 74 72 10 29 20 88 68 9 72 78 73 35 18 72 17 27 5 12 8 67 8 46 12 23 41 5 54 54 60 72 55 2 88 61 68 79 31 26 77 31 22 35
95 41 96 83 20 12 90 34 55 59 4 65 93 73 82 47 4 31 88 57 67 74 91 71 95 74 3 72 1 25 67 55 79 49 82 57 96 23 44 36 96 35 52 99 23 48 26 18 8 57
