20 50 5029 2.43
40 52 6 37 97 53 43 56 6 33 61 5 79 1 47 58 89 35 52 93 86 76 16 80 68 39 67 20 63 14 22 65 78 98 12 87 45 74 14 72 23 46 54 77 6 44 90 30 2 93
49 63 53 94 95 31 53 84 53 28 26 94 34 41 21 72 32 90 23 29 3 66 24 51 97 61 78 99 47 59 89 75 59 57 38 15 43 15 51 55 82 55 21 54 55 82 68 60 45 29
24 26 23 21 7 4 38 50 23 3 4 81 44 50 57 29 38 98 99 96 94 69 51 56 61 36 63 20 27 98 97 32 9 92 77 2 35 79 28 65 12 14 42 55 74 17 69 45 78 96
49 78 27 16 17 25 91 55 27 44 98 4 49 44 88 17 28 34 54 99 35 6 23 93 39 3 81 60 63 40 91 25 24 14 51 94 96 69 43 6 13 56 28 83 3 73 94 97 29 99
67 53 55 46 7 92 24 86 55 27 89 7 47 77 39 18 52 30 16 97 30 62 12 99 64 32 4 3 78 16 77 5 40 5 23 75 61 58 26 35 62 32 11 29 20 73 8 95 14 97
76 43 89 33 84 36 3 65 89 41 14 45 38 28 38 76 46 68 7 74 72 78 75 28 17 86 18 80 12 58 99 40 41 77 70 59 1 83 57 91 85 5 21 42 84 40 22 41 37 74
59 71 68 69 27 84 51 68 68 44 3 78 7 38 68 51 31 83 80 47 63 63 7 44 6 84 20 39 92 54 35 23 7 72 3 2 85 58 24 94 27 33 74 81 33 6 59 23 95 47
85 67 68 71 86 99 39 47 68 74 39 23 33 51 1 85 15 68 14 87 44 83 42 70 82 47 40 18 37 21 70 18 19 87 43 61 9 28 56 27 1 20 24 83 91 52 45 1 68 87
17 73 84 60 71 52 48 79 84 57 18 58 84 68 31 7 37 84 86 55 16 49 46 80 86 43 98 35 77 81 56 13 30 21 38 49 82 9 49 88 84 99 76 90 91 84 51 74 12 55
47 90 8 4 48 67 72 64 8 81 59 86 23 88 1 80 18 33 62 60 75 63 61 35 60 78 83 62 37 58 13 38 68 73 44 6 50 49 33 36 55 20 21 43 43 14 14 3 54 60
99 68 55 52 92 94 17 22 55 4 26 1 83 5 58 94 51 30 51 44 19 50 2 48 40 21 8 61 85 85 60 62 47 78 81 37 48 79 35 7 30 14 18 6 50 2 60 13 51 44
94 79 43 35 42 25 31 73 43 22 68 8 18 88 30 73 74 25 42 16 87 2 81 67 63 62 27 61 29 78 92 63 51 53 93 45 55 15 30 75 76 81 52 65 27 39 1 60 11 16
81 55 15 30 73 15 41 59 15 85 57 79 67 56 78 37 4 13 34 41 26 23 47 26 82 67 62 94 91 92 17 76 31 25 40 75 22 20 6 72 96 45 42 2 65 19 60 87 43 41
68 19 49 30 52 69 11 90 49 80 91 3 35 4 43 81 78 45 69 48 54 34 17 66 1 99 63 82 15 31 40 98 87 28 70 37 59 39 74 93 48 53 73 39 33 48 71 7 7 48
37 41 8 93 68 66 72 19 8 86 97 73 26 56 86 43 32 16 40 54 1 92 75 50 99 49 54 17 6 99 68 35 28 90 83 37 36 60 74 9 43 24 3 55 1 65 71 89 35 54
74 20 89 94 83 83 20 87 89 60 88 90 74 7 41 22 47 98 98 83 42 71 65 54 63 66 66 22 49 90 3 54 62 23 53 65 42 26 64 78 57 12 3 72 26 77 50 15 57 83
16 4 60 39 24 71 86 62 60 50 65 9 31 98 16 88 94 99 99 17 84 21 68 45 95 2 32 45 24 1 80 57 5 31 35 44 24 95 64 55 87 4 72 6 55 37 7 59 19 17
39 71 14 61 52 63 29 50 14 97 89 28 6 8 98 91 22 93 42 72 83 89 92 42 34 8 91 49 3 84 36 57 80 62 31 50 21 51 22 80 96 15 9 93 66 51 19 29 23 72
77 20 83 35 69 58 72 84 83 27 69 85 53 26 26 68 83 22 39 71 20 22 18 26 5 93 63 74 3 10 90 16 94 92 35 89 99 21 48 65 29 15 17 53 16 58 50 55 3 71
64 95 53 99 18 40 2 25 53 66 15 51 27 66 35 53 74 28 84 46 99 83 75 26 73 91 25 65 61 1 19 35 36 88 10 73 73 62 20 2 77 12 29 40 6 40 70 41 38 46
