20 50 5140 2.44
4 50 98 55 70 2 71 88 78 20 4 11 91 18 28 36 94 87 39 48 54 1 97 69 14 32 73 71 99 41 62 53 71 95 76 91 25 73 20 62 96 50 43 87 48 68 46 59 36 48
49 92 81 96 91 7 8 32 18 54 44 11 25 54 47 41 60 18 82 75 92 45 41 61 56 39 82 20 13 57 7 12 54 19 30 12 64 36 51 53 45 81 48 18 95 67 66 94 89 75
6 20 80 62 28 41 92 96 49 80 15 94 86 88 89 64 67 73 30 93 77 17 49 72 47 68 24 79 10 48 61 88 37 71 90 21 19 17 44 25 55 20 46 73 28 91 8 82 9 93
24 57 39 8 71 1 47 6 90 75 24 10 94 90 86 92 29 88 64 21 93 90 83 87 96 83 54 4 74 4 31 30 34 5 56 99 59 17 28 4 62 22 12 88 30 41 57 1 74 21
94 4 34 7 85 27 21 71 71 55 58 31 7 17 59 2 86 70 54 57 98 2 95 67 53 85 9 55 18 1 34 59 66 48 25 34 25 26 69 3 16 21 80 70 74 66 46 39 82 57
39 85 49 19 62 98 20 96 21 26 53 87 30 75 87 53 40 32 60 82 31 34 50 29 91 52 99 59 8 55 89 82 34 96 99 48 46 49 95 22 28 1 87 32 60 47 63 84 68 82
41 57 25 36 73 88 65 56 11 35 80 77 39 30 79 17 40 13 85 57 22 87 2 45 17 8 41 76 21 81 39 43 85 62 51 30 78 75 29 21 81 75 50 13 79 93 33 86 11 57
92 38 69 35 68 78 80 34 39 8 56 45 88 97 44 35 75 4 70 32 44 16 69 73 19 50 49 30 33 39 1 15 51 26 53 19 24 81 38 64 58 8 83 4 23 1 61 94 1 32
82 63 7 20 50 34 15 34 24 64 11 27 53 44 43 42 25 86 15 81 81 15 12 37 10 64 98 3 10 56 32 2 10 2 39 15 41 78 2 96 35 10 64 86 93 97 60 44 54 81
98 91 63 85 87 77 35 54 66 94 64 75 3 25 28 34 97 23 43 79 68 32 51 52 71 40 3 45 8 24 23 37 88 49 46 17 9 2 40 19 26 89 91 23 10 60 68 50 76 79
64 83 56 87 95 28 80 94 47 83 50 7 4 55 91 44 88 23 42 30 50 31 26 44 49 38 50 34 30 92 82 88 78 42 38 85 24 37 73 9 66 55 48 23 41 21 37 54 50 30
74 80 98 80 61 16 96 51 66 1 22 89 12 64 7 52 57 79 6 22 87 94 51 50 53 69 92 97 35 21 88 16 69 95 19 71 18 45 69 22 59 87 18 79 80 90 12 86 76 22
77 89 41 41 29 81 25 80 63 62 50 33 9 57 84 17 39 13 64 5 9 67 32 11 41 92 29 43 15 74 28 91 4 2 82 4 23 17 99 15 46 41 86 13 1 7 49 28 13 5
62 72 86 56 16 15 39 81 85 2 24 66 95 79 23 8 51 62 44 23 94 36 29 39 3 90 70 17 90 18 51 16 49 33 59 20 70 50 30 41 85 47 81 62 96 14 70 95 23 23
60 72 24 29 54 40 11 82 12 43 56 54 91 41 97 82 71 89 52 38 56 12 74 3 41 61 81 75 77 53 63 44 60 87 71 14 42 46 11 21 52 3 21 89 21 35 67 14 62 38
2 7 68 96 92 96 55 69 8 41 59 57 9 87 62 98 91 16 86 85 50 86 78 51 67 71 5 27 93 31 64 68 30 61 96 34 72 7 69 85 64 35 1 16 59 57 2 37 6 85
60 72 88 58 41 57 22 56 98 81 72 69 59 91 53 44 23 38 78 59 37 26 8 93 44 52 90 67 90 69 8 23 73 26 13 44 94 24 47 62 85 75 46 38 35 50 14 25 97 59
64 66 98 61 4 9 77 2 75 80 41 80 61 61 13 93 51 24 99 67 25 92 99 89 56 43 28 1 32 51 74 18 15 25 50 98 86 55 58 32 36 50 73 24 75 73 56 90 88 67
36 53 71 87 28 15 9 87 39 39 18 41 68 62 74 72 44 48 48 24 59 47 68 16 13 7 65 85 17 24 96 39 18 12 82 62 53 42 26 52 22 59 59 48 65 32 45 49 4 24
73 69 66 49 70 51 39 48 87 34 90 78 2 22 23 83 26 51 51 20 1 87 24 95 58 82 1 16 53 24 66 20 10 27 13 64 4 39 99 34 15 61 84 51 79 78 26 3 13 20
