10 100 8430 7.33
14 68 98 85 57 53 75 57 37 90 75 49 55 68 70 69 15 71 34 59 37 52 55 93 46 4 41 12 73 47 24 18 46 91 91 58 99 44 91 82 74 60 62 96 93 33 63 53 52 95 95 80 2 84 7 28 97 53 21 20 78 50 6 99 31 95 98 4 60 10 4 17 4 24 8 42 18 89 33 75 41 33 40 5 86 89 2 82 21 80 97 80 17 83 71 42 28 44 98 90
66 26 82 30 23 32 95 26 48 47 56 56 76 65 66 46 96 11 24 73 66 82 28 66 27 71 81 81 5 55 71 21 74 86 59 41 26 34 24 17 53 29 37 35 72 36 16 76 95 21 67 12 13 87 49 16 61 95 31 59 47 69 62 21 8 65 76 93 9 36 80 67 19 68 90 93 76 62 2 53 78 52 53 3 63 40 66 36 48 37 6 37 86 20 5 79 35 46 85 47
53 76 42 20 59 84 35 14 9 12 30 92 97 85 62 89 65 10 7 75 61 63 88 17 77 55 41 20 75 76 28 54 26 27 8 81 34 83 78 55 18 85 38 56 96 23 94 47 77 55 76 86 92 30 6 74 41 25 66 8 91 93 67 15 15 58 85 23 8 76 27 96 38 65 67 56 55 44 10 60 29 39 33 24 24 78 70 10 66 18 72 18 19 14 10 59 39 21 60 12
31 22 87 99 45 14 32 49 57 36 89 86 89 60 55 24 49 97 43 84 56 79 46 38 52 84 83 14 9 88 67 83 37 24 78 96 6 75 17 33 82 39 98 33 50 62 22 48 29 21 24 19 32 26 30 12 77 78 57 64 93 53 27 68 5 21 44 22 12 78 7 71 68 56 1 65 21 28 38 45 29 85 74 70 34 37 62 98 47 50 89 50 2 89 58 93 32 8 14 36
98 73 85 70 78 77 77 60 75 32 31 95 19 14 57 50 77 70 65 46 21 80 14 96 5 93 87 69 2 79 10 32 57 91 81 43 3 3 68 39 11 30 93 86 58 22 96 66 25 13 93 59 71 72 4 59 48 4 84 30 45 7 34 22 55 67 1 76 10 98 76 11 43 14 85 10 64 80 59 95 77 77 46 31 35 82 21 88 82 70 33 70 30 49 9 64 33 17 72 32
97 56 88 94 93 80 62 21 93 61 3 61 55 57 77 25 81 92 75 77 3 53 82 51 90 66 29 62 74 36 48 36 98 51 18 63 67 43 39 69 81 64 65 67 24 26 54 38 75 19 29 90 48 42 92 98 31 72 98 95 73 27 67 46 20 9 96 46 13 96 35 27 72 44 77 72 97 26 93 44 14 31 17 65 39 34 36 38 30 15 48 15 85 25 25 99 45 88 30 61
61 65 87 76 88 26 82 88 94 96 43 76 63 4 63 49 56 19 13 27 53 71 17 91 66 82 37 81 78 59 38 97 59 24 19 75 93 84 76 4 39 71 69 96 85 14 27 65 30 90 26 68 98 78 90 30 17 49 34 16 42 69 73 95 56 14 88 81 65 10 57 16 22 39 35 51 46 3 55 63 14 74 48 52 98 35 44 8 13 51 1 51 52 95 50 59 32 22 25 96
88 52 87 34 54 11 22 9 53 82 23 77 14 83 32 78 23 47 17 56 91 95 58 22 11 40 96 42 44 59 30 49 38 31 80 11 80 89 25 64 75 11 66 69 59 37 3 53 19 53 29 65 96 84 32 97 68 80 43 83 52 35 65 6 19 79 64 30 22 85 76 37 51 85 12 63 22 90 19 3 10 44 82 66 23 2 29 21 11 48 90 48 6 53 51 54 3 84 83 82
28 13 56 50 66 82 83 9 21 79 51 74 36 81 34 55 98 52 51 94 17 92 72 49 66 77 12 50 23 31 73 66 64 87 90 98 38 71 52 75 4 96 45 30 71 83 80 85 27 62 97 64 31 23 33 58 76 42 44 92 13 92 45 88 66 3 16 13 94 47 8 98 55 68 88 23 60 64 68 48 21 78 49 61 13 98 83 77 36 19 42 19 40 63 82 11 2 87 18 79
41 91 8 34 92 58 42 14 21 19 76 1 95 42 31 4 62 93 16 32 95 61 62 89 10 22 90 85 42 40 43 54 74 61 53 87 38 14 78 91 33 55 41 12 97 37 74 62 57 86 59 42 59 46 60 59 51 77 39 63 62 50 64 84 57 72 12 39 30 97 32 6 53 56 65 16 47 95 27 35 95 69 2 13 6 67 34 48 4 9 66 9 99 37 70 16 48 14 7 19
