10 100 8272 7.30
57 36 98 53 28 94 85 19 54 88 45 22 74 95 1 57 90 34 85 78 65 8 97 71 56 26 7 40 60 71 91 73 29 43 52 43 30 77 17 46 25 23 52 87 12 5 35 3 77 18 78 81 93 54 21 46 12 5 12 53 10 30 20 56 72 14 58 1 73 23 27 38 37 3 4 30 23 10 45 20 8 17 55 14 63 58 66 5 35 54 91 2 2 65 50 46 33 2 66 88
33 74 65 73 87 71 70 54 16 16 93 28 10 75 61 50 74 75 93 31 98 11 69 10 24 79 54 14 2 48 68 95 18 72 54 89 4 23 67 62 49 70 55 31 31 25 83 81 57 65 25 72 46 96 6 88 19 56 12 62 67 2 8 70 15 7 5 23 62 85 7 18 36 40 94 11 18 82 79 2 89 95 57 7 72 35 57 16 21 33 71 16 1 87 74 35 24 89 65 16
38 94 60 33 51 27 49 84 63 7 90 43 10 93 78 55 81 93 98 65 76 83 29 71 65 71 76 93 60 13 74 76 6 35 93 66 26 40 59 56 5 5 49 94 51 96 87 62 33 58 45 12 3 85 1 60 81 96 27 64 67 69 56 15 23 53 56 88 26 6 6 4 60 18 25 44 19 9 92 21 84 38 38 53 23 88 85 27 5 51 2 9 17 7 9 66 40 5 58 7
79 79 95 70 98 55 56 21 99 41 93 92 74 64 74 88 79 95 92 34 39 1 93 6 79 27 29 40 85 84 82 1 29 2 45 25 55 68 67 23 36 44 65 17 44 48 89 26 47 93 46 15 62 22 84 29 71 36 44 18 10 54 31 44 97 88 24 59 35 70 98 1 4 41 6 2 25 12 81 25 18 76 26 88 40 51 31 94 60 80 15 42 42 88 67 13 41 72 5 41
99 51 32 68 63 17 87 63 44 54 9 35 30 87 41 46 78 1 45 45 22 70 88 22 45 14 49 30 32 48 20 85 31 76 48 12 4 75 66 95 74 16 3 88 56 43 66 45 24 66 6 54 50 45 71 97 82 97 52 59 99 62 11 39 74 33 55 34 51 2 71 28 17 23 52 41 11 11 2 15 21 70 93 33 95 12 16 4 22 4 22 78 70 53 28 41 46 33 66 54
20 87 51 60 69 92 11 36 71 89 98 15 75 8 44 58 93 49 92 6 45 87 63 83 54 56 53 71 61 25 13 32 62 98 67 22 79 59 53 19 45 82 54 99 22 61 18 11 22 86 65 15 29 34 18 96 80 1 82 82 1 34 28 4 88 50 31 70 93 26 14 49 81 78 20 56 35 59 18 45 13 11 42 50 79 11 83 24 13 65 19 60 22 8 48 12 88 71 39 89
76 92 59 88 7 92 47 92 53 92 96 50 98 62 19 94 85 10 10 90 8 80 16 86 8 82 99 40 10 69 25 70 62 52 58 82 68 70 27 37 8 86 58 9 50 70 14 37 7 46 97 36 60 72 18 67 77 70 65 52 7 13 44 71 69 28 87 74 41 60 37 37 21 94 50 17 82 30 33 47 17 87 7 28 34 66 19 77 4 68 86 61 58 29 9 62 5 36 40 92
90 27 25 77 46 13 30 50 54 73 4 94 15 91 60 76 29 7 20 4 65 80 2 72 91 55 1 22 17 79 59 75 55 94 12 92 78 23 56 20 20 44 80 63 61 34 74 5 37 42 60 59 65 99 50 51 70 56 27 2 81 19 92 41 25 38 2 34 59 42 43 61 77 39 27 55 89 61 48 38 26 58 27 38 60 23 82 85 31 40 67 99 8 12 97 4 69 25 50 73
4 81 98 19 78 19 27 97 74 83 1 56 75 90 54 55 37 88 76 49 7 31 29 84 10 85 2 12 95 50 58 33 74 16 49 63 23 13 5 10 58 58 82 21 38 23 84 21 55 8 12 46 45 9 76 29 3 73 28 15 20 7 69 3 18 52 65 21 46 66 69 60 55 24 98 26 5 79 87 72 43 69 20 52 65 21 52 52 98 15 49 10 2 11 46 44 38 36 64 83
54 81 20 21 7 79 98 95 88 67 83 33 70 74 71 38 18 61 50 26 51 38 41 6 53 6 69 96 12 32 42 64 58 24 5 50 68 41 6 69 99 30 9 41 89 29 19 21 76 20 50 49 82 85 56 85 63 57 83 55 43 75 22 74 15 15 56 9 3 8 64 93 50 53 8 22 42 46 77 44 16 47 28 15 91 77 12 92 71 17 94 20 25 96 25 18 25 89 79 67
