10 100 8279 7.34
30 54 26 7 71 42 99 4 18 73 95 92 30 80 42 25 69 48 48 77 84 34 79 39 47 99 35 37 94 52 19 16 95 7 9 58 37 57 75 50 51 78 99 35 99 22 68 99 84 32 43 49 78 73 5 9 77 41 2 27 59 33 26 57 31 15 63 96 6 78 78 11 30 8 20 44 88 68 51 8 35 40 35 32 64 91 44 12 91 43 72 50 80 5 2 19 79 11 63 73
37 24 38 6 66 92 57 56 93 96 91 81 32 58 62 18 41 39 45 74 11 98 5 45 94 32 1 12 58 72 96 49 77 61 89 10 84 20 30 36 37 95 48 65 74 71 79 25 44 62 39 23 31 13 63 69 83 68 94 8 52 64 22 78 71 50 41 19 1 81 39 47 83 29 89 10 20 53 20 29 76 56 32 63 36 28 76 93 95 74 40 81 20 47 16 53 88 51 72 96
75 49 86 49 45 34 28 48 40 61 67 43 50 35 85 79 24 34 39 41 69 85 84 52 56 29 36 76 15 24 81 54 80 77 98 37 18 97 7 1 79 33 6 4 51 12 23 12 49 78 7 18 91 22 19 96 40 78 96 49 66 56 5 64 46 27 96 28 6 31 30 30 37 71 69 31 53 74 42 71 82 20 19 73 54 41 13 31 87 83 20 3 57 28 26 66 77 30 48 61
19 73 5 21 44 44 18 99 22 18 14 94 99 68 55 53 61 50 98 2 61 89 67 10 59 98 56 43 3 54 80 83 9 9 10 30 71 78 55 78 55 63 12 38 94 85 56 96 21 56 3 33 56 88 55 68 50 80 6 55 36 46 89 3 10 48 59 15 26 30 84 81 54 87 8 34 20 7 56 87 65 52 76 22 91 11 42 94 51 75 81 4 27 44 42 87 29 37 46 18
95 63 80 38 91 72 84 82 83 71 92 75 47 41 75 25 11 61 74 39 67 43 97 42 74 94 62 9 12 37 63 21 64 97 41 70 38 28 84 97 90 56 70 84 91 56 78 65 65 56 5 20 80 86 37 62 95 46 24 66 62 90 14 72 49 6 3 4 69 46 14 70 30 29 47 32 44 91 73 29 12 63 90 41 34 36 3 26 31 36 22 21 12 30 92 84 80 32 83 71
69 81 64 6 44 28 88 84 57 99 30 11 61 78 37 8 96 86 74 83 44 51 48 92 78 79 87 6 87 31 99 39 71 26 81 63 33 88 87 74 91 26 45 80 36 63 28 47 18 4 60 20 53 19 70 9 41 3 93 41 73 55 43 78 27 89 36 2 71 3 31 33 74 54 17 52 95 42 53 54 66 3 67 17 50 10 33 58 43 2 42 3 36 27 70 53 25 45 37 99
31 62 94 70 15 21 71 6 30 42 86 84 79 92 56 89 60 47 55 80 63 20 77 10 17 6 60 97 89 68 35 34 70 88 43 96 32 66 14 26 45 95 94 61 5 22 53 31 4 53 52 8 78 52 31 75 19 19 17 93 20 49 45 5 79 17 26 25 23 60 50 23 14 32 35 60 91 74 27 32 95 64 60 61 15 35 41 60 39 67 42 25 24 11 78 51 85 10 6 42
79 68 89 50 74 59 77 69 21 83 77 49 54 61 10 2 92 77 87 64 85 56 95 97 74 91 29 79 72 60 27 69 31 13 74 85 21 90 46 68 62 52 11 37 11 53 67 77 42 80 96 26 22 70 12 68 48 7 71 89 67 82 49 76 85 63 59 47 43 62 33 13 46 27 74 37 1 89 30 27 7 6 44 81 26 37 64 71 79 63 93 20 46 4 38 89 7 30 12 83
76 93 4 77 98 23 84 67 91 85 78 33 4 90 46 63 8 32 21 65 45 32 31 16 12 89 90 59 76 54 30 36 83 46 27 70 69 66 25 48 53 5 28 71 46 81 67 33 49 35 80 31 97 40 47 6 12 97 90 92 19 63 77 33 40 85 64 38 23 6 21 8 38 18 52 24 45 36 47 18 98 93 50 16 45 95 58 5 4 10 91 68 1 53 78 15 46 5 1 85
18 86 83 31 86 9 73 15 14 61 34 67 43 45 72 97 40 81 24 79 12 8 6 72 98 70 8 68 76 73 2 17 78 59 50 49 59 64 45 60 84 43 16 58 47 26 36 21 84 58 7 82 55 52 38 7 20 34 12 99 50 1 77 19 13 16 10 28 61 7 30 51 20 14 62 69 43 5 59 14 28 9 12 24 69 58 26 97 63 94 39 76 5 30 54 69 86 18 15 61
