10 100 8551 7.31
5 46 66 44 81 39 92 35 4 62 94 53 57 49 71 82 49 85 79 51 2 31 22 95 60 98 56 69 61 37 96 79 52 59 87 50 29 90 91 10 98 15 3 35 70 46 43 49 95 6 66 21 73 22 84 62 52 30 95 4 2 70 63 33 6 11 92 89 81 26 41 64 46 24 89 42 17 86 31 2 80 61 52 52 83 65 14 62 18 19 3 4 79 53 9 42 71 13 23 62
64 50 6 2 49 98 98 42 26 58 43 97 91 46 4 31 79 76 99 22 82 88 56 5 9 65 95 45 31 60 22 58 69 40 2 66 92 83 79 54 55 60 19 90 98 32 65 35 30 11 35 89 46 74 20 93 2 70 84 56 42 80 33 71 12 43 61 1 69 61 43 48 44 84 26 93 4 42 48 10 38 31 65 36 67 62 25 7 93 93 34 39 63 77 73 61 45 43 71 58
21 66 88 14 92 67 3 38 92 54 90 8 46 99 44 31 67 73 41 94 42 22 75 62 14 57 97 27 16 13 91 88 72 32 40 21 78 80 31 47 65 20 96 80 89 91 88 82 8 31 51 67 37 57 30 60 53 66 64 67 70 74 92 99 73 96 91 28 83 38 47 25 14 53 23 34 82 90 91 47 6 16 73 16 97 69 14 13 99 63 15 98 98 8 85 6 55 10 36 54
62 75 69 25 52 19 47 64 25 95 33 49 46 25 24 53 89 61 21 96 90 23 1 84 20 87 35 18 22 22 18 92 30 80 89 26 25 56 26 7 66 27 32 76 58 36 3 65 72 75 57 66 70 98 66 97 16 53 5 18 88 88 13 41 11 65 29 53 14 67 91 29 58 39 62 55 8 7 83 48 61 22 2 70 38 10 36 53 31 20 32 15 46 64 68 12 27 88 91 95
63 72 83 90 99 27 42 8 93 39 47 27 3 53 61 49 63 45 41 73 51 68 76 21 37 56 33 45 20 92 6 14 23 63 57 74 78 78 79 38 16 49 56 59 66 79 43 60 33 77 46 50 52 65 6 75 60 21 76 62 45 98 23 55 39 46 45 55 62 38 30 49 61 54 92 56 27 66 58 58 20 20 66 23 12 28 40 56 9 26 83 27 41 5 12 56 47 35 70 39
4 74 91 94 96 56 69 98 63 50 26 67 72 75 63 84 50 22 49 42 63 94 98 20 66 80 14 97 9 68 1 78 22 43 9 83 53 8 53 68 36 93 51 25 68 37 97 60 14 6 94 70 94 83 54 55 43 72 73 83 36 67 68 6 56 76 3 76 74 74 67 78 28 2 50 85 82 81 39 12 33 9 28 64 52 2 19 53 26 10 65 58 93 5 58 5 37 40 22 50
32 71 62 61 56 9 24 79 93 58 85 20 78 91 1 68 63 91 23 85 47 35 7 10 6 4 29 56 34 17 91 67 18 97 22 75 2 33 92 89 75 45 95 71 77 75 34 76 3 7 7 40 95 15 58 10 92 59 58 88 14 80 86 82 45 94 60 60 22 41 69 91 76 84 7 91 40 95 82 41 33 34 87 26 24 45 17 93 72 64 43 12 40 20 11 6 82 17 77 58
28 79 94 92 70 32 83 95 50 93 59 41 93 94 51 31 92 43 89 28 35 83 58 40 31 45 68 36 11 52 46 85 97 18 75 18 90 71 71 31 21 63 60 54 15 76 73 39 84 65 28 37 50 59 83 68 53 82 54 47 64 12 53 63 17 17 16 40 34 15 33 85 10 95 83 86 94 40 56 98 13 11 4 4 67 86 12 2 35 46 70 39 27 69 60 75 43 1 60 93
57 88 77 63 98 85 23 54 18 54 38 33 54 77 77 87 28 6 7 47 41 32 3 58 89 62 92 69 96 19 56 48 59 33 96 46 46 72 81 16 17 85 61 69 96 95 72 49 43 80 81 29 23 11 71 99 92 92 3 18 3 76 34 28 86 46 19 88 39 94 95 88 29 79 29 22 76 49 44 82 20 96 69 80 96 15 11 97 4 69 83 5 47 6 77 44 43 45 73 54
83 26 27 76 1 10 94 16 91 29 44 62 59 75 75 85 46 63 43 56 43 75 49 45 52 59 85 19 92 51 33 87 73 96 42 28 93 8 35 27 70 80 84 15 51 96 49 29 53 12 9 36 72 55 35 32 93 42 76 76 45 95 91 56 93 29 52 98 82 50 45 40 92 64 50 16 9 27 76 15 39 92 42 88 33 71 56 95 87 53 3 25 92 69 75 80 27 2 85 29
