10 100 8291 7.31
37 72 15 60 90 7 54 88 84 33 52 68 89 35 74 3 27 83 54 83 86 49 23 60 5 92 11 87 64 7 84 22 67 42 97 67 85 24 95 94 57 56 41 51 78 54 88 43 70 43 49 32 69 66 43 52 87 16 65 20 47 67 18 31 39 69 81 37 99 59 70 95 78 18 49 10 72 28 64 35 27 11 40 69 2 15 96 14 20 9 61 42 24 80 19 29 6 40 69 33
89 59 66 98 79 57 48 9 47 97 86 1 37 76 80 92 76 40 35 82 80 73 41 92 11 19 17 2 41 86 30 72 31 11 49 46 30 72 63 99 21 57 14 63 38 93 19 76 63 91 29 77 15 77 20 46 17 76 57 79 58 29 7 52 20 47 18 19 5 44 31 91 31 24 44 99 26 7 94 41 63 26 37 19 31 66 65 38 70 71 74 8 76 55 15 71 43 89 15 97
54 29 55 51 2 83 66 44 25 85 11 10 26 79 41 59 11 56 96 23 20 95 62 64 85 89 1 10 12 42 1 30 99 1 99 34 37 31 38 3 91 4 74 25 19 63 72 66 59 75 98 64 7 62 62 11 73 23 57 96 42 62 10 55 95 36 46 17 28 86 60 12 24 67 5 41 71 3 46 91 5 98 76 76 1 27 40 58 48 93 37 45 32 68 90 84 41 93 7 85
74 88 86 72 73 26 25 80 81 40 86 50 84 24 48 42 74 73 96 54 94 84 75 87 24 52 40 80 40 50 24 25 20 50 52 2 62 26 83 82 97 34 76 66 23 16 6 51 73 77 1 13 95 33 27 46 87 2 40 23 78 41 25 92 40 8 7 23 8 75 35 20 77 84 27 50 49 65 4 22 69 10 87 39 17 15 11 86 28 59 95 17 14 23 22 26 70 61 95 40
83 21 65 85 82 96 87 79 18 56 70 77 95 76 55 36 49 9 57 4 62 34 45 18 75 66 24 29 54 85 24 7 63 95 22 7 20 77 7 10 81 82 72 8 60 3 50 67 67 88 34 44 3 29 20 71 64 94 52 4 12 2 8 10 83 5 97 33 66 12 7 6 60 42 8 11 79 3 57 34 4 73 30 30 22 60 71 63 42 46 22 59 10 25 31 20 68 35 3 56
51 98 97 61 66 65 72 79 76 32 88 79 90 62 14 92 80 32 6 46 60 33 71 78 43 36 62 27 65 39 44 30 35 91 80 27 24 53 70 49 25 5 56 67 53 58 58 16 42 57 99 28 38 54 91 2 24 97 85 32 92 89 12 64 72 88 48 50 49 66 14 61 69 72 50 31 57 4 29 17 66 8 26 6 72 6 34 23 18 43 84 60 27 59 66 53 2 99 38 32
99 54 85 68 25 57 1 25 84 23 37 68 29 43 38 64 84 30 79 55 13 33 66 43 89 34 97 38 69 50 21 93 45 98 1 52 13 86 99 88 52 36 1 27 70 68 69 72 80 56 66 40 61 71 99 8 76 60 11 54 94 56 1 56 32 33 50 43 36 65 84 55 28 19 71 69 2 89 97 57 57 45 48 3 4 26 23 62 19 94 30 25 86 6 4 12 73 26 61 23
99 72 72 6 12 88 98 47 82 70 60 70 48 65 98 84 41 51 46 40 35 49 26 52 35 81 7 23 78 54 54 97 19 62 41 85 41 25 46 44 89 65 14 57 37 57 85 76 95 23 11 39 6 70 86 54 9 7 99 76 62 14 92 30 44 27 59 53 21 28 65 11 30 62 1 57 99 50 65 88 15 80 36 74 62 17 10 40 87 99 62 55 14 57 91 47 68 58 6 70
22 89 90 54 87 36 95 93 63 58 45 26 12 81 54 74 60 68 29 65 37 79 46 26 64 27 83 77 40 73 96 87 31 61 97 33 83 83 62 22 59 31 23 3 91 7 82 8 72 5 22 24 11 16 63 56 64 41 27 10 43 60 73 44 8 79 15 3 1 47 50 29 67 55 75 79 81 31 10 16 38 79 97 97 50 64 35 78 2 55 65 94 87 93 87 15 30 40 11 58
36 94 57 97 91 83 25 85 33 67 94 64 65 18 5 15 15 58 15 23 63 14 15 25 67 4 89 93 3 24 68 75 16 13 38 82 66 5 28 82 34 41 55 33 41 34 97 87 22 23 45 17 78 55 93 15 4 87 27 83 71 75 68 84 33 73 10 26 34 69 48 55 64 37 71 43 10 41 8 22 86 59 32 12 44 30 28 6 89 20 6 19 66 59 82 35 12 11 78 67
