10 100 8140 7.36
26 76 12 21 49 40 72 29 60 23 37 80 39 39 4 59 27 42 72 75 43 88 44 59 8 88 54 44 15 3 48 97 6 85 61 62 20 61 19 75 95 90 56 2 76 44 77 32 14 27 19 77 14 74 73 36 39 72 9 30 74 88 83 44 64 7 71 2 4 3 53 66 96 75 25 62 28 58 3 66 79 4 63 45 25 64 8 31 66 3 16 35 18 89 24 39 18 91 84 23
1 22 47 80 16 7 32 93 14 47 69 98 82 49 1 93 70 75 56 98 21 69 8 17 8 92 6 75 36 71 5 93 23 67 59 17 12 85 25 81 66 93 3 50 12 53 28 83 68 37 15 97 5 35 25 72 72 68 64 98 16 37 33 53 55 77 11 91 62 24 63 8 20 44 7 73 86 6 50 66 3 92 2 39 43 49 8 26 31 91 29 81 33 38 26 12 55 57 40 47
92 10 47 46 3 98 26 87 53 59 74 88 56 73 13 8 42 43 68 85 45 60 27 16 41 35 28 73 42 26 20 45 33 2 3 28 37 53 43 94 86 78 54 29 35 25 12 20 20 10 4 65 22 13 16 83 2 24 31 75 34 21 58 25 19 21 78 97 43 4 42 86 54 35 32 42 70 18 23 23 99 72 25 9 39 78 11 72 43 42 20 28 39 55 1 37 77 46 43 59
57 59 98 87 71 66 19 58 54 13 12 89 82 98 77 92 58 82 5 51 20 88 60 77 46 16 23 11 20 59 89 61 94 14 18 14 31 85 58 92 43 5 10 40 5 1 11 44 73 91 81 92 47 80 48 63 11 76 51 45 33 83 38 1 34 17 14 88 13 78 86 1 86 49 39 47 73 41 62 85 10 27 27 92 69 50 41 41 57 52 89 24 21 46 20 92 60 4 84 13
59 75 98 31 61 7 4 70 67 96 58 25 50 61 60 17 59 76 36 47 98 26 40 3 70 37 3 67 92 2 45 79 95 10 4 36 52 97 32 34 57 25 46 90 49 32 89 12 77 83 43 25 48 68 55 60 60 3 39 56 73 10 62 32 40 83 22 59 53 47 12 41 8 27 86 47 23 61 1 56 33 66 49 11 80 38 29 56 43 21 84 48 2 1 22 54 30 17 79 96
76 54 91 9 59 91 61 7 96 70 13 96 82 91 39 45 11 46 71 35 53 72 35 86 47 60 55 78 19 87 82 10 48 48 68 60 67 92 40 22 57 34 7 8 18 6 77 27 25 30 72 23 13 41 45 82 70 27 82 56 37 66 38 6 58 71 27 91 52 28 38 56 89 25 15 19 90 12 22 5 18 94 98 15 17 17 51 54 25 3 28 27 45 38 81 42 46 81 41 70
47 94 47 50 86 35 13 85 92 47 89 49 27 11 5 63 61 5 86 96 94 76 25 55 74 16 72 32 4 26 30 1 98 7 14 97 12 23 36 97 8 23 80 44 79 1 35 84 74 31 31 72 70 16 14 12 38 89 16 63 17 32 2 1 99 82 36 22 15 95 79 10 60 2 33 28 15 60 24 37 76 92 34 68 5 60 90 12 24 30 27 24 43 19 63 24 56 37 17 47
73 81 41 13 3 9 2 46 48 36 61 48 97 91 21 77 90 80 59 95 87 90 43 33 51 67 91 4 97 25 94 65 38 6 31 82 47 26 34 31 27 13 9 54 95 6 57 18 47 88 84 25 78 65 2 44 94 40 98 94 13 6 93 6 76 87 7 34 31 84 14 88 61 53 52 2 1 84 55 54 58 4 80 64 75 91 29 29 37 58 62 32 11 71 23 23 60 5 25 36
77 21 6 54 22 97 30 13 62 47 30 48 84 99 79 78 44 57 9 61 66 59 63 10 43 16 43 34 1 15 59 68 20 23 82 70 40 4 55 38 23 93 45 59 8 86 40 20 39 88 63 40 55 84 18 90 14 89 73 63 82 45 91 86 42 29 44 23 44 72 11 68 88 94 35 12 5 22 59 7 64 3 56 24 93 12 29 76 63 28 39 42 10 54 42 23 28 84 42 47
52 38 2 32 3 39 42 51 76 95 19 41 63 56 29 93 91 17 88 57 42 40 1 93 12 95 5 60 22 79 7 46 76 20 53 6 55 49 69 84 26 65 70 47 78 98 28 15 44 59 86 76 66 57 88 31 89 76 52 72 5 41 5 98 14 89 40 46 70 38 99 81 19 60 99 34 55 89 72 17 96 36 14 42 36 78 12 21 37 33 75 55 70 7 19 12 57 22 25 95
