10 100 8240 7.34
14 51 67 65 68 99 27 53 4 77 40 22 28 58 83 71 74 5 28 6 74 24 96 43 11 34 6 91 96 34 25 75 14 39 39 95 98 30 42 15 70 95 55 69 15 54 57 74 77 12 97 59 99 22 10 41 13 12 19 93 92 77 28 39 21 13 71 70 66 66 39 60 65 2 3 68 18 20 36 86 68 74 75 25 10 80 73 10 17 50 75 1 72 74 30 89 7 80 13 77
39 37 86 32 93 65 44 85 3 79 91 81 80 95 95 89 20 50 36 34 99 48 96 7 65 70 90 94 75 67 72 33 65 39 43 51 94 80 84 61 24 28 43 60 17 40 3 63 66 94 70 22 17 76 38 88 59 75 98 44 70 54 54 8 24 10 21 76 57 92 23 30 48 57 50 37 14 19 38 17 16 18 18 49 87 28 33 24 43 3 72 95 88 18 34 28 83 65 1 79
51 67 7 30 25 91 52 20 40 91 98 76 79 85 77 29 79 89 41 28 36 72 78 28 28 93 13 61 74 28 98 94 67 73 91 39 59 24 27 31 38 97 35 79 55 47 39 96 26 99 97 17 45 33 25 62 46 49 35 67 78 44 53 89 87 12 56 55 69 67 79 20 37 51 92 68 78 15 98 1 98 27 34 57 66 88 79 65 14 18 54 17 12 27 1 27 14 40 89 91
56 87 39 69 7 46 2 9 39 61 85 79 36 50 62 5 46 44 25 13 15 84 58 52 82 96 43 89 73 99 31 5 3 80 54 23 5 55 46 24 98 99 73 67 39 73 30 7 78 63 25 94 61 38 70 26 85 26 71 32 31 8 76 38 64 98 13 35 62 99 16 45 1 21 38 42 3 36 45 79 8 38 4 10 3 38 33 42 41 90 25 6 61 38 51 63 30 65 16 61
56 55 28 40 96 25 49 19 34 42 87 94 70 74 86 52 64 93 85 9 52 77 23 16 86 98 20 73 83 15 36 44 86 24 52 3 94 80 53 70 5 92 81 59 36 66 58 77 80 51 82 11 75 77 67 66 59 27 42 44 79 81 43 66 59 87 3 20 86 15 75 27 92 63 56 70 44 43 3 96 14 28 40 49 96 47 68 2 12 78 69 24 15 28 20 68 60 11 6 42
63 82 52 41 62 98 35 5 62 42 34 8 42 39 80 14 17 56 49 82 84 94 81 95 66 84 63 45 65 71 45 78 96 33 51 66 42 84 55 70 42 46 54 4 2 52 81 41 96 8 45 76 98 7 25 11 80 40 67 5 59 2 4 99 73 66 38 51 58 15 13 61 1 80 4 52 1 18 18 34 25 42 72 75 86 6 80 8 89 13 5 3 3 42 23 2 38 23 27 42
77 70 34 49 6 90 93 5 66 80 74 95 61 83 66 31 70 92 75 24 98 72 51 53 66 24 41 35 7 21 66 48 41 39 13 69 79 6 17 87 44 89 14 19 64 9 44 99 95 18 90 74 70 87 24 63 67 38 30 84 86 4 34 93 27 18 41 29 9 50 64 62 96 44 11 65 48 67 5 59 32 28 3 4 9 37 16 50 15 60 54 53 53 28 83 64 36 1 17 80
80 90 80 73 10 32 99 72 46 97 19 19 58 49 53 20 88 80 28 23 98 27 65 90 34 86 54 20 54 14 44 44 10 6 78 58 22 85 5 66 6 19 54 58 2 12 16 48 10 86 34 45 11 64 72 77 24 99 92 44 77 89 20 44 48 40 80 77 19 14 40 2 7 14 28 85 94 22 51 16 1 33 44 44 13 68 77 55 16 6 28 71 39 33 26 27 22 7 11 97
79 65 74 82 37 37 67 36 76 98 41 53 34 47 62 64 10 30 91 62 54 94 71 43 32 33 74 49 56 43 70 28 46 65 67 82 22 28 72 88 11 17 36 59 63 71 77 16 29 27 3 67 14 89 71 73 31 64 31 88 69 63 96 14 21 67 46 7 82 26 24 6 83 39 68 1 83 9 41 14 28 34 97 69 99 59 30 13 43 16 39 55 11 34 9 37 83 27 21 98
35 47 85 8 54 19 20 77 37 70 59 24 76 57 39 23 68 98 83 28 83 5 11 23 77 78 94 13 35 4 68 26 15 52 84 11 22 96 85 27 94 94 62 12 13 54 81 45 42 91 14 51 21 11 58 25 29 58 55 30 38 75 73 15 25 4 24 10 42 80 75 53 81 20 92 75 25 13 43 7 78 32 89 42 12 18 8 74 3 29 22 20 42 32 44 49 19 14 17 70
