10 100 8176 7.35
48 73 45 80 68 77 54 33 62 36 95 14 28 50 99 35 46 56 19 46 90 4 84 15 70 67 76 88 52 47 34 50 36 28 12 45 25 59 9 29 49 84 33 93 99 53 17 2 30 79 95 78 61 56 38 58 57 88 41 18 30 97 79 93 41 59 98 93 93 78 89 78 75 5 36 5 11 40 47 25 18 85 70 53 32 33 74 24 14 35 64 10 33 91 82 70 6 75 96 36
88 95 79 52 83 38 86 68 94 87 60 27 92 87 25 19 91 42 38 29 81 66 82 48 54 74 17 42 65 79 65 38 1 39 7 92 53 53 11 10 18 15 23 52 45 89 50 8 80 63 36 20 32 31 52 81 82 16 25 22 41 52 7 22 81 89 41 19 5 36 28 20 34 7 9 46 94 16 27 30 36 80 57 59 19 24 37 30 37 61 2 36 83 4 60 20 49 62 60 87
32 27 53 41 58 99 1 25 81 10 58 95 24 2 76 62 19 52 70 20 89 52 2 18 12 81 8 95 73 94 48 29 44 2 47 35 24 14 43 16 26 31 86 22 29 17 65 76 46 34 20 18 42 85 13 79 69 57 28 12 46 13 69 94 40 72 2 11 92 18 73 18 66 46 65 80 38 75 16 44 59 73 68 32 15 4 84 39 75 66 27 37 5 95 56 39 11 79 75 10
5 29 12 40 28 28 54 81 71 51 79 78 13 79 77 26 47 44 82 83 51 52 89 84 57 71 6 2 72 69 47 7 34 43 95 92 54 9 77 91 70 3 92 41 93 19 86 5 48 93 46 18 30 49 91 75 42 56 86 33 82 38 38 36 5 8 36 7 54 57 76 18 8 57 2 25 96 50 37 82 15 19 4 11 55 12 42 35 73 28 41 48 5 30 96 62 83 16 55 51
30 98 77 23 84 11 4 39 54 89 49 88 34 37 18 86 39 73 38 38 75 5 63 85 82 74 95 9 48 8 15 44 72 23 31 9 26 97 53 89 86 81 90 13 15 70 4 81 53 94 24 40 74 25 60 67 34 63 23 1 83 68 86 34 80 78 74 69 57 86 15 40 6 43 23 4 33 33 47 22 23 11 64 82 24 95 12 83 28 17 67 49 68 81 88 38 76 42 68 89
75 87 68 74 54 80 95 35 56 33 62 35 56 72 88 21 20 88 45 95 27 92 36 66 57 24 36 58 44 15 53 75 97 25 75 88 63 92 83 1 77 76 48 79 27 35 26 50 57 28 83 40 40 78 60 59 4 4 12 76 66 84 14 19 17 39 59 52 77 13 69 40 79 82 40 19 63 91 12 52 67 66 8 23 74 60 7 61 96 6 7 92 90 35 9 59 3 23 24 33
55 29 49 91 75 84 46 89 54 81 51 38 38 75 18 54 11 37 25 45 99 99 33 77 99 14 97 67 1 40 53 85 25 77 90 62 44 84 18 28 4 44 82 32 14 60 36 72 95 81 38 63 13 44 37 56 21 1 47 58 11 31 70 2 46 50 85 52 36 25 3 63 28 23 17 32 39 1 29 16 81 42 38 19 77 75 30 89 31 22 69 35 33 24 41 13 80 21 67 81
71 64 90 63 92 53 68 80 38 97 80 38 62 50 87 88 57 85 16 79 37 52 6 7 13 66 46 36 71 71 39 29 96 63 89 79 72 92 1 75 72 9 75 13 94 83 92 46 78 60 54 64 74 52 56 8 6 47 77 31 33 8 79 51 86 74 70 84 13 22 90 64 63 64 59 79 38 65 8 57 15 40 62 40 17 52 24 66 19 23 27 19 75 6 23 56 42 69 50 97
91 30 70 42 88 62 78 26 60 11 25 52 62 18 78 6 66 38 69 73 14 14 33 76 27 82 66 48 18 64 93 49 43 94 54 10 69 29 58 22 21 44 19 38 58 89 90 76 32 2 60 44 82 46 29 15 95 25 5 27 46 44 98 71 62 70 15 66 29 69 49 44 19 31 69 22 19 72 38 42 97 23 31 60 13 26 31 92 48 12 83 8 61 61 25 24 26 53 89 11
6 60 67 51 25 95 55 52 32 91 94 99 20 96 42 72 10 14 56 37 84 92 63 17 81 79 19 98 13 55 61 75 75 13 9 29 53 50 41 11 49 80 28 26 90 22 29 16 77 54 64 10 42 44 72 52 71 44 98 32 17 90 77 70 20 7 52 95 40 21 27 10 88 14 48 58 68 32 56 51 45 65 50 79 45 27 90 20 36 30 93 61 66 95 21 66 89 67 39 91
