10 100 8402 7.32
75 54 68 33 61 84 67 84 5 90 56 49 37 30 97 43 87 79 79 29 85 59 60 2 39 89 77 45 84 19 57 29 81 51 10 28 92 82 61 85 94 27 76 78 32 93 26 43 95 72 32 78 91 95 22 26 53 49 11 28 52 29 39 30 10 87 96 31 42 96 7 56 32 62 38 48 49 41 35 25 85 78 73 54 58 27 22 89 7 27 89 1 55 66 60 42 71 99 77 90
58 96 82 60 34 76 69 18 93 33 65 96 69 86 30 85 11 70 56 40 61 15 63 82 54 56 29 94 13 92 70 19 35 76 15 82 61 10 8 97 53 42 30 66 42 62 93 76 6 19 3 41 40 74 2 20 47 8 48 82 46 73 37 61 44 27 59 30 3 71 60 8 64 62 88 2 44 19 56 26 40 38 11 9 77 94 52 19 18 6 83 7 5 95 72 67 94 96 74 33
41 37 97 62 41 19 40 56 41 67 63 95 66 94 11 76 77 87 42 18 27 43 55 32 59 31 47 54 84 30 46 4 74 95 16 41 6 60 59 2 19 69 58 8 66 98 93 92 93 34 58 37 39 32 14 29 52 93 68 41 1 22 51 54 60 94 24 52 12 37 56 8 41 44 4 66 11 21 9 24 16 61 23 44 84 51 36 40 90 48 44 89 66 32 16 27 49 29 29 67
92 65 35 72 84 58 83 60 41 25 33 90 4 36 38 77 94 66 25 60 9 15 74 10 41 12 89 3 75 1 21 90 32 90 12 33 32 38 85 46 47 77 79 15 30 40 72 53 3 64 27 48 20 49 97 37 70 5 23 33 15 83 56 77 26 3 30 24 34 61 71 5 42 56 31 89 83 3 80 50 94 54 7 25 3 20 82 55 93 22 41 32 88 11 42 1 24 72 97 25
11 76 39 35 25 73 86 67 22 78 94 31 28 37 79 70 6 62 83 87 29 41 73 69 19 87 37 51 94 59 96 71 58 33 94 32 6 85 59 43 61 30 84 90 57 93 13 7 53 28 78 20 62 85 11 70 71 78 46 32 5 90 35 93 24 99 18 33 52 64 88 26 57 91 40 75 53 88 85 56 75 24 83 85 16 13 83 1 6 85 23 74 56 32 4 18 4 24 61 78
47 12 12 61 97 96 70 16 94 74 97 19 88 86 79 8 28 43 37 80 62 66 38 7 19 15 40 37 41 43 71 8 25 15 98 26 74 31 8 75 2 78 67 11 27 63 76 19 72 30 17 46 70 1 99 39 43 22 17 26 45 5 31 88 23 88 2 20 14 34 50 2 68 52 4 2 28 79 85 44 71 23 40 23 40 34 13 94 61 35 82 76 50 67 92 70 89 72 66 74
86 47 31 97 76 27 62 88 46 63 48 63 41 81 90 20 44 52 30 62 69 84 43 84 52 10 23 64 9 29 59 75 46 15 51 63 64 63 12 21 16 4 51 52 77 25 53 26 45 28 48 76 46 81 9 81 12 64 22 63 19 86 52 9 96 36 54 93 6 46 19 87 59 70 23 92 94 92 95 26 24 31 62 95 60 98 10 88 71 2 98 35 86 18 18 25 76 54 65 63
89 99 88 78 38 73 26 8 78 83 36 62 44 27 21 90 47 72 87 34 61 92 6 50 74 25 17 23 14 95 72 49 26 93 11 18 18 71 93 27 47 80 33 96 24 58 65 98 6 91 36 78 41 67 95 68 84 35 56 18 83 58 62 95 70 31 26 8 85 25 17 11 12 40 17 86 96 51 71 72 45 36 55 23 39 80 37 7 5 42 4 74 58 33 55 84 17 54 58 83
97 93 88 37 69 30 51 84 77 17 81 83 56 67 89 91 47 98 88 18 50 50 55 94 93 72 53 60 4 33 9 87 2 85 78 59 32 5 85 78 45 35 6 13 89 42 20 10 85 57 92 51 73 62 5 13 40 9 59 59 60 36 32 64 34 66 59 26 49 38 79 37 39 66 91 62 20 52 37 65 21 3 90 52 43 28 81 87 68 51 31 30 32 96 90 98 42 11 16 17
83 68 99 65 79 85 87 82 85 77 34 4 74 83 24 82 93 22 85 62 59 54 57 99 61 73 42 47 60 98 42 48 82 10 25 16 83 11 32 11 93 52 5 59 38 99 59 47 47 17 69 19 55 28 21 24 76 45 23 16 28 42 76 83 8 84 93 33 84 46 99 18 80 51 91 57 77 90 90 47 32 37 41 17 95 85 14 74 94 10 80 78 32 26 65 75 34 1 76 77
