10 100 8369 7.38
65 44 49 9 44 93 95 32 65 23 29 80 56 59 59 87 69 40 51 13 71 93 99 33 13 72 10 73 99 13 56 71 8 84 47 28 28 98 65 95 4 73 33 90 86 85 49 96 28 58 29 10 88 42 79 8 61 8 42 28 67 88 40 53 56 16 36 47 28 24 82 93 86 96 61 38 51 83 17 84 95 80 24 19 41 8 81 8 45 74 7 64 95 30 56 56 22 2 63 23
20 18 73 47 74 41 74 50 31 18 20 69 68 87 93 89 32 66 48 79 27 12 43 75 5 32 78 97 74 53 72 29 33 31 44 22 90 73 10 67 87 78 72 84 25 18 99 67 51 76 12 50 95 54 78 47 35 6 40 37 81 94 48 11 48 91 66 41 51 56 1 25 17 53 18 46 27 94 80 52 34 13 40 40 45 3 28 8 27 88 11 47 4 42 14 55 95 55 4 18
17 92 25 78 21 45 55 95 22 95 37 66 32 14 44 9 24 85 95 44 30 39 96 2 63 73 45 3 86 56 68 87 96 36 20 31 85 29 35 45 44 24 62 36 58 44 23 51 3 93 71 27 40 59 56 33 90 74 75 51 17 36 35 66 24 84 94 83 3 63 74 99 68 14 75 16 55 44 77 12 6 14 15 3 53 54 58 74 75 78 1 23 66 17 38 18 18 28 67 95
52 45 17 31 31 20 44 26 66 98 44 86 53 31 92 20 89 18 65 71 47 63 49 16 68 70 9 52 18 93 82 21 96 53 78 71 33 43 54 18 34 17 46 70 59 60 46 71 22 14 46 92 36 1 6 45 33 38 41 12 90 71 38 49 46 63 37 48 22 57 66 28 20 5 38 14 77 93 74 9 34 90 70 41 6 14 8 55 32 87 17 98 14 10 84 16 17 17 60 98
50 7 91 90 43 63 95 72 24 17 63 36 95 88 2 26 73 24 35 45 62 19 72 26 20 23 38 67 83 65 93 83 52 91 80 59 52 60 91 67 57 41 66 66 28 85 38 68 38 27 75 59 42 20 52 88 37 95 97 67 77 3 1 24 51 76 92 73 38 11 91 11 23 48 53 22 62 34 58 31 27 46 70 5 19 57 8 13 18 63 77 69 18 39 68 57 70 88 18 17
7 58 73 53 21 81 84 60 81 91 36 78 55 33 2 12 81 45 7 57 99 15 30 70 16 71 94 85 16 45 62 8 69 78 14 47 92 93 48 23 99 36 22 44 84 2 18 49 41 66 19 85 31 75 55 93 31 81 95 38 9 16 19 93 25 69 25 74 41 18 87 75 53 65 70 38 94 72 30 98 26 73 78 40 36 52 10 22 38 8 55 24 10 59 15 31 74 93 33 91
81 97 96 64 92 35 48 39 96 71 39 99 39 86 52 76 75 34 68 62 71 3 29 80 64 11 44 84 37 39 99 39 29 5 11 45 94 25 39 80 53 85 63 4 51 44 8 89 28 42 44 85 52 81 92 70 69 40 94 19 72 62 51 33 71 45 13 19 28 18 53 53 49 47 58 86 98 14 83 95 2 84 14 18 91 27 49 55 68 51 61 50 6 84 6 57 10 28 91 71
91 99 96 43 17 99 37 84 18 76 93 43 2 79 47 36 57 86 83 76 82 15 82 63 41 90 93 68 1 22 30 44 13 68 81 4 60 60 98 51 20 97 54 23 14 61 97 67 90 3 92 64 84 81 39 71 88 98 90 5 30 41 6 9 71 39 61 9 90 55 62 25 93 58 49 83 1 61 36 34 87 69 5 62 36 38 38 63 29 26 39 92 13 31 55 98 21 13 61 76
23 84 51 52 89 84 40 97 25 14 26 9 35 16 70 36 15 43 82 16 43 80 75 75 52 22 81 52 85 5 30 86 42 39 52 54 25 34 34 3 14 68 8 54 72 90 26 16 70 57 85 72 73 30 57 38 84 85 76 2 6 20 23 59 81 49 91 85 70 45 9 3 46 89 67 68 77 42 59 59 6 35 5 44 66 1 73 30 13 43 59 11 89 59 65 54 23 23 8 14
27 46 94 32 80 71 86 65 99 93 24 40 72 89 90 99 72 3 28 94 78 90 63 95 73 63 36 54 94 17 41 37 52 55 64 72 52 61 93 7 24 84 45 58 87 38 67 69 9 72 18 76 36 85 24 81 16 59 30 66 56 66 77 81 10 50 35 70 9 74 10 94 44 73 55 20 23 98 37 88 57 77 2 83 4 8 74 29 73 24 70 13 74 47 61 37 63 27 28 93
