20 100 9082 7.56
1 38 22 33 42 87 47 23 90 55 16 43 75 47 60 76 4 59 87 67 57 58 63 93 24 72 34 41 88 98 42 89 87 63 71 69 59 84 72 68 47 44 16 52 49 66 17 69 74 75 54 77 70 14 11 26 56 10 1 8 71 22 12 95 40 29 8 80 9 38 79 3 53 96 40 64 53 94 96 61 21 82 66 8 33 86 82 23 99 86 62 76 68 86 12 25 63 5 33 67
3 33 36 46 70 98 52 16 50 3 16 78 38 52 95 43 80 71 84 6 12 8 58 98 28 97 51 60 26 99 46 30 59 26 42 50 53 59 77 73 62 28 45 43 48 32 48 15 61 30 2 18 25 95 54 52 95 8 86 74 41 7 27 79 4 53 82 42 39 36 92 51 97 90 83 86 45 56 43 28 21 85 93 86 88 42 80 8 4 44 22 81 71 62 13 75 50 9 88 6
68 40 76 66 89 25 95 70 65 89 58 43 87 91 65 87 77 88 24 23 94 16 42 60 92 57 72 96 23 38 13 67 20 88 10 72 40 99 25 17 99 94 5 24 72 22 53 2 55 69 89 7 8 45 82 63 37 41 34 89 56 47 24 14 16 68 78 64 46 59 87 82 84 67 82 42 23 74 26 70 20 18 10 41 10 56 72 7 32 11 48 42 3 12 20 71 63 59 10 23
74 61 32 23 98 59 44 83 58 20 75 13 96 55 53 32 2 47 63 56 23 32 8 15 6 16 13 61 43 86 40 18 7 30 8 31 47 95 9 48 53 33 98 55 13 85 13 92 92 73 7 92 3 29 76 16 39 11 73 2 6 73 42 32 83 44 11 35 14 43 72 84 22 28 61 45 92 40 70 66 97 56 16 76 18 6 16 49 27 24 11 40 59 3 51 15 69 44 18 56
63 27 47 90 76 70 30 11 59 22 47 41 93 46 74 47 29 48 94 60 59 94 10 42 88 42 95 3 54 94 33 91 60 17 20 94 90 85 88 7 68 64 63 65 72 28 27 39 4 44 54 25 3 55 1 24 22 23 60 15 18 60 5 25 21 47 53 79 85 74 97 73 21 1 68 94 73 67 17 78 17 43 4 94 38 14 15 70 38 35 7 45 98 49 37 14 16 54 38 60
55 75 21 88 12 38 16 88 64 3 66 99 82 45 52 47 77 81 26 52 59 41 1 86 19 69 21 16 36 2 35 92 14 24 77 3 98 66 70 86 21 86 13 32 97 96 35 76 78 80 41 32 39 83 65 54 9 39 32 43 7 84 27 86 3 38 30 8 43 6 71 76 14 73 57 9 64 80 15 65 39 78 41 2 54 10 93 20 6 60 21 31 51 57 38 60 2 14 54 52
11 9 84 94 71 77 52 8 78 2 15 79 50 38 37 52 3 16 20 59 88 43 39 51 97 9 46 60 1 7 54 49 48 74 2 71 56 74 5 35 81 41 64 83 69 21 15 11 88 96 29 33 85 8 99 58 26 19 32 3 11 54 51 20 41 22 75 51 15 59 59 15 50 5 48 14 31 42 56 38 1 96 73 67 83 45 67 30 86 61 88 65 8 50 74 23 48 47 83 59
26 35 72 2 61 70 45 92 53 96 95 83 11 19 10 40 73 19 7 91 81 23 97 23 32 44 97 14 87 82 45 35 99 74 18 30 36 2 82 64 47 93 79 82 79 18 51 30 91 65 5 65 66 77 10 29 21 89 25 31 22 59 48 54 88 73 31 26 42 37 24 80 38 92 34 90 44 83 35 12 7 13 92 51 99 25 58 5 61 76 20 39 60 49 66 92 57 76 99 91
67 80 55 76 62 43 18 39 70 92 18 39 29 69 50 36 83 12 51 55 7 64 8 88 4 18 96 80 76 19 28 90 31 92 69 64 61 95 79 29 95 52 94 30 91 2 30 23 7 85 17 18 26 74 27 90 26 64 54 20 36 43 42 95 85 31 23 82 7 53 37 12 91 10 20 18 60 2 88 82 27 86 80 51 78 48 14 77 25 35 57 18 91 50 32 12 70 47 78 55
84 38 37 79 58 93 58 60 47 79 23 56 55 29 71 20 89 41 18 57 3 75 86 87 76 49 61 33 36 1 26 84 72 79 75 43 39 99 5 95 81 39 53 62 65 74 16 71 11 47 15 52 57 32 8 17 78 65 93 70 7 92 31 82 65 78 22 22 60 57 89 7 69 16 11 80 38 90 78 34 53 60 33 25 2 69 80 99 8 82 6 79 48 86 21 54 77 5 2 57
86 91 7 21 73 24 12 92 27 7 35 78 97 79 57 48 87 21 52 36 28 75 33 28 41 92 99 86 70 63 15 69 7 73 56 85 69 28 54 90 66 3 5 69 72 36 10 94 6 8 16 43 49 80 30 23 30 11 71 34 66 18 48 30 82 43 62 27 40 46 2 9 48 42 15 22 40 25 12 51 43 44 98 51 4 87 34 87 34 51 84 29 78 33 49 26 30 75 4 36
82 79 86 68 16 85 46 56 79 92 63 72 95 39 88 15 56 32 56 6 1 10 85 34 64 84 66 21 2 70 48 46 19 49 72 27 22 31 81 5 55 97 3 1 59 3 90 57 12 29 24 42 4 19 76 26 20 49 46 59 24 30 51 21 37 28 88 94 95 63 43 62 18 4 71 34 54 93 49 99 78 11 72 56 72 36 92 77 98 53 44 95 52 30 74 52 6 32 72 6
58 32 8 25 97 53 56 97 80 75 4 81 31 16 79 82 8 72 39 4 33 81 55 24 99 37 75 14 93 57 72 97 87 73 73 97 30 34 62 90 5 68 86 81 4 17 54 66 97 60 69 82 56 60 15 82 87 46 86 72 75 51 8 13 2 33 37 94 67 23 88 76 46 26 29 25 10 15 40 38 91 68 48 46 43 76 77 97 22 54 52 37 81 3 25 42 46 57 43 4
31 59 46 89 58 30 51 99 96 35 57 92 84 63 71 98 79 27 59 8 8 76 89 25 48 77 68 32 78 54 13 38 1 11 75 2 23 67 75 6 8 97 80 32 29 98 74 59 38 7 64 74 42 89 21 32 65 93 3 10 14 21 1 9 59 92 96 41 7 48 71 51 81 59 49 73 8 73 15 75 81 63 7 6 12 14 2 60 75 54 41 30 61 67 98 67 22 33 12 8
12 31 10 11 81 57 65 73 28 25 22 5 65 70 34 54 12 45 46 12 20 4 89 90 8 59 38 56 22 39 53 21 12 30 33 94 41 51 88 83 83 96 33 62 95 13 49 76 36 52 66 96 35 49 71 2 89 8 58 24 46 69 1 57 96 53 56 43 8 3 64 82 56 33 59 7 69 5 13 48 12 59 71 46 26 57 18 47 35 19 58 8 30 86 39 40 64 68 26 12
84 54 79 99 78 52 81 87 59 44 99 69 31 30 54 84 80 56 87 81 41 18 50 62 64 81 51 67 27 46 34 63 70 20 6 15 23 26 41 98 97 66 82 80 4 55 14 53 18 29 5 75 19 45 9 43 54 22 51 58 6 71 28 79 65 96 35 78 21 30 17 6 90 69 44 51 51 29 60 97 18 46 10 42 22 77 88 93 85 30 69 15 9 67 94 10 45 20 22 81
38 61 80 69 29 55 7 48 48 79 37 24 40 59 8 53 92 14 48 38 10 37 2 81 89 40 28 87 33 55 37 23 55 1 20 14 67 2 44 93 3 10 80 42 88 48 86 27 75 33 79 35 41 91 49 44 15 96 49 41 81 66 4 3 27 5 40 75 10 89 13 31 5 69 35 41 35 81 83 46 78 88 84 55 74 16 70 82 10 61 82 9 99 89 43 24 13 43 74 38
93 27 77 51 63 70 9 81 14 89 51 87 36 57 10 44 36 56 36 1 82 84 15 69 64 6 99 81 73 65 39 73 60 81 25 27 85 69 73 58 12 68 14 58 57 70 22 18 68 84 3 83 87 78 45 82 67 63 61 32 17 73 44 81 29 18 38 33 38 15 94 38 16 84 28 3 69 64 6 47 53 66 11 76 61 42 58 81 40 46 4 79 88 84 29 24 62 7 61 1
78 14 39 34 36 10 62 66 99 82 72 68 44 77 20 71 71 44 49 34 27 78 73 15 89 49 45 24 51 86 56 25 61 7 23 77 24 70 50 30 68 63 56 36 6 25 83 98 13 69 83 41 10 8 97 49 89 37 2 30 59 45 6 3 82 84 30 40 10 91 59 5 12 9 46 9 51 37 9 51 6 82 54 66 1 97 17 51 82 30 92 39 12 46 25 42 2 32 1 34
61 34 25 60 54 70 46 89 2 4 43 77 93 64 64 92 85 52 97 22 64 78 71 74 99 88 59 39 78 51 80 31 69 79 34 3 37 21 50 43 75 58 45 12 41 96 49 50 77 33 74 45 94 28 36 34 13 32 3 63 3 90 57 38 30 88 24 93 93 53 23 69 49 81 57 50 71 45 70 81 12 18 28 47 37 78 13 58 25 55 41 73 4 15 3 20 37 49 37 22
