20 100 9152 7.53
22 14 88 96 59 11 64 51 25 31 58 28 74 97 20 28 11 36 6 99 7 48 97 11 39 50 5 77 1 89 79 16 36 90 40 13 35 72 84 44 89 75 57 33 51 15 79 10 68 22 78 10 48 85 24 47 41 73 96 48 80 40 73 24 13 19 65 72 8 50 41 13 26 27 84 53 67 37 35 67 31 36 99 84 46 36 18 79 80 2 21 5 71 41 44 54 81 54 11 99
28 30 31 9 29 20 88 27 56 78 94 91 31 31 70 82 16 81 47 62 57 70 96 36 88 72 72 85 82 40 25 15 32 88 54 55 84 99 31 25 71 33 47 92 16 76 6 64 16 29 28 60 39 47 33 17 46 66 41 24 35 40 38 35 69 84 95 26 81 17 88 64 37 42 61 86 86 84 81 42 19 8 65 65 76 66 63 2 7 43 72 6 52 94 25 58 79 1 33 62
48 27 47 27 32 45 4 59 49 58 81 87 56 81 3 34 83 6 94 9 72 62 69 34 73 70 53 87 58 70 34 12 9 27 75 92 62 62 85 35 13 86 57 16 71 63 54 49 89 23 23 12 63 1 21 34 40 33 64 58 68 36 53 28 79 84 14 72 1 53 82 60 68 16 38 53 30 29 10 2 50 41 71 61 39 44 71 67 48 96 90 25 7 62 35 34 56 85 75 9
35 53 26 88 87 21 35 19 75 34 93 92 93 88 28 60 91 14 27 4 68 94 12 99 60 53 59 87 84 99 99 40 71 45 36 65 81 10 22 73 97 11 31 31 67 93 2 57 9 85 8 83 32 50 70 42 38 75 82 3 78 22 69 3 67 25 34 26 53 72 40 43 37 92 87 84 83 60 54 10 3 45 31 9 31 58 3 44 85 3 22 62 97 62 73 53 28 32 4 4
32 96 98 39 67 92 30 17 59 82 93 11 84 82 91 75 43 85 96 53 21 96 55 12 22 93 71 47 50 34 90 5 88 64 41 14 16 1 99 33 14 69 65 9 49 98 36 53 26 9 4 23 23 80 97 28 8 3 59 2 70 57 82 45 18 11 60 92 10 53 78 89 45 74 85 92 96 77 38 56 75 72 74 35 40 68 41 86 44 42 33 7 13 93 33 38 78 89 17 53
30 26 3 37 93 18 88 75 21 78 99 48 76 72 39 49 50 62 81 45 31 53 33 18 61 54 95 7 92 93 10 50 73 81 18 31 79 64 71 37 35 84 70 42 67 6 94 51 8 91 2 31 82 58 85 30 38 90 30 53 65 87 10 60 60 58 35 57 33 85 79 20 49 58 38 22 8 9 51 50 31 90 56 74 14 12 15 57 98 16 5 80 28 12 37 18 7 50 94 45
50 52 78 64 21 91 66 14 76 72 49 41 33 22 94 63 3 70 47 95 38 83 32 31 59 36 56 64 50 4 84 54 57 60 77 21 79 16 14 25 40 9 36 10 90 26 98 90 52 2 58 21 57 99 7 45 77 97 64 59 21 8 29 10 24 33 48 80 35 65 2 68 22 21 53 11 80 77 26 76 40 96 78 29 14 38 84 6 55 6 66 57 27 51 25 78 2 2 43 95
90 23 91 72 85 73 21 47 36 43 75 75 84 67 10 60 57 46 11 8 24 22 80 1 33 45 24 51 24 73 68 12 14 77 76 2 7 2 80 38 26 45 63 65 85 3 8 70 11 39 93 87 69 73 64 59 97 1 45 8 4 23 36 28 93 35 35 58 33 53 9 19 30 59 14 48 50 55 83 70 8 5 45 45 70 77 61 34 52 95 28 25 74 40 38 28 65 73 6 8
55 99 69 91 84 30 27 4 53 45 59 48 27 31 99 27 33 11 60 17 37 48 15 7 76 81 30 23 59 26 1 63 51 62 70 23 87 73 60 31 54 5 27 42 66 56 96 52 69 17 58 36 91 35 53 27 37 9 44 59 37 5 24 87 28 55 34 26 49 32 32 35 91 6 38 69 59 88 87 12 77 92 74 55 27 29 49 99 66 41 74 10 81 28 31 71 58 24 75 17
59 76 91 88 80 73 66 45 56 3 57 58 61 60 75 6 35 46 35 85 90 53 41 71 86 17 20 53 26 20 31 62 17 62 18 12 30 77 69 47 38 69 60 13 59 59 97 1 95 61 42 97 4 15 65 87 74 74 58 36 5 12 80 79 9 97 96 82 18 5 45 97 95 15 72 55 77 23 5 53 52 24 74 55 62 13 55 8 67 89 7 54 78 10 47 1 64 49 78 85
99 48 2 35 77 80 32 57 63 95 11 51 48 68 47 99 19 43 26 59 54 35 55 68 77 37 35 64 26 2 73 50 8 5 19 72 34 73 11 69 15 33 88 95 30 94 7 6 57 30 78 9 22 30 12 99 78 51 84 31 44 42 7 79 52 40 43 25 79 42 41 49 37 9 96 35 44 80 20 92 63 32 50 5 78 84 71 39 75 18 99 27 91 58 69 91 99 4 78 59
57 39 94 65 74 58 62 20 72 91 47 37 45 79 94 25 96 74 22 52 24 32 92 53 83 84 1 36 38 16 96 36 29 47 53 40 98 13 51 41 50 64 20 77 37 58 61 1 78 32 31 69 71 83 93 74 95 20 11 71 76 62 6 88 72 56 39 18 5 92 68 23 12 89 19 76 10 20 89 81 41 63 81 63 81 44 66 45 30 93 32 8 28 10 41 95 48 56 39 52
28 34 96 4 41 35 78 97 48 67 30 79 39 23 56 12 81 83 5 66 49 19 44 74 40 18 36 54 86 26 61 1 71 28 66 20 85 22 30 24 27 56 53 80 75 15 77 6 64 50 91 96 12 37 31 51 33 42 69 46 13 85 49 77 24 20 7 79 84 34 78 18 76 98 28 82 31 57 69 43 96 73 3 19 31 49 45 52 7 40 29 49 41 37 24 87 6 48 30 66
18 50 6 38 2 68 56 78 46 14 81 55 98 56 59 96 80 75 89 36 73 76 11 7 50 71 56 91 5 42 18 78 87 44 87 81 89 88 37 61 48 46 20 9 19 3 9 26 3 99 56 68 85 54 94 94 63 56 61 10 42 55 21 29 54 52 3 53 67 44 80 33 43 10 15 65 34 27 8 94 59 22 4 55 30 21 44 10 55 22 98 55 11 30 61 51 12 99 84 36
84 61 24 84 39 41 56 28 83 92 70 90 74 78 74 65 63 36 14 62 63 90 80 91 95 38 62 34 80 92 71 97 29 30 84 22 43 86 32 11 6 90 44 64 95 12 97 69 72 47 80 62 56 30 26 91 56 73 67 49 3 75 38 80 37 63 5 25 97 72 46 20 9 41 4 12 32 12 47 75 3 41 21 37 46 65 91 42 84 83 94 66 36 70 11 31 70 82 14 62
88 86 93 80 83 78 4 88 37 30 33 91 74 28 78 47 99 2 43 73 81 67 60 42 41 33 87 50 64 70 99 74 54 27 53 42 51 19 45 96 89 55 95 71 69 87 26 71 78 61 53 9 63 74 58 36 26 53 44 27 33 37 6 25 31 3 60 8 48 28 3 20 6 81 2 66 52 36 17 11 36 17 3 70 3 18 44 92 87 57 79 41 10 63 96 43 45 84 31 73
71 47 17 61 80 92 53 66 6 86 23 45 55 53 17 31 35 67 45 20 62 60 64 74 19 32 60 15 94 78 42 26 32 11 51 42 20 52 10 60 17 49 91 70 31 89 88 23 5 79 78 75 22 14 60 5 95 27 63 79 41 56 70 85 68 64 52 89 77 21 19 8 97 43 25 95 60 24 35 84 26 61 25 31 60 4 15 10 14 30 6 93 35 96 60 39 94 6 50 20
77 77 71 37 64 61 80 90 12 77 13 62 87 67 74 77 27 63 49 67 68 44 44 89 48 21 29 26 89 38 83 68 27 4 89 93 56 70 30 92 63 82 1 31 79 72 13 43 76 54 22 68 53 46 71 11 52 30 85 85 64 10 50 7 60 6 96 2 95 59 7 26 79 74 47 7 37 46 74 49 59 81 20 12 62 42 74 97 46 21 91 89 37 85 92 79 11 69 33 67
84 32 90 71 65 90 35 66 1 78 8 53 21 67 12 33 30 10 77 19 93 50 87 36 12 69 90 45 4 78 85 48 18 53 15 91 32 40 5 8 85 63 45 83 76 76 46 23 33 4 97 6 81 38 5 46 5 47 45 40 58 46 77 46 54 93 80 63 31 23 97 31 59 27 38 98 24 1 52 33 64 16 68 47 6 49 98 16 25 91 89 92 95 70 8 4 28 67 21 19
73 81 12 58 79 45 58 64 15 34 51 84 24 36 98 21 2 94 77 50 86 12 1 5 20 59 8 69 83 54 61 60 14 30 69 39 8 52 18 40 16 1 43 78 18 76 59 61 19 43 55 7 26 20 97 47 43 59 12 13 26 72 31 86 73 9 7 97 6 9 34 82 68 50 28 28 69 5 62 67 10 24 76 38 7 84 86 72 45 14 70 99 58 49 40 63 16 15 30 50
