20 100 9182 7.53
30 58 85 49 4 76 98 44 92 45 76 88 33 39 30 83 11 75 31 42 16 93 46 49 63 31 74 1 69 84 62 45 4 9 43 59 26 58 14 17 61 9 16 38 15 55 42 35 67 93 90 30 1 27 21 18 16 55 30 84 27 74 70 78 78 9 19 86 74 76 41 68 39 18 77 58 32 67 87 66 40 38 99 68 86 70 8 66 29 58 79 90 37 95 26 18 29 89 74 42
62 45 96 34 61 75 17 10 58 22 84 21 61 59 54 54 28 83 37 97 80 70 23 55 78 80 47 51 65 58 52 46 7 66 20 67 64 70 52 3 71 52 61 51 54 54 82 77 35 63 4 75 16 96 45 39 37 4 76 88 47 34 69 86 41 52 83 21 40 30 58 50 47 76 81 59 80 21 1 47 65 18 28 71 70 73 1 96 47 78 58 69 59 88 66 84 16 51 75 97
27 78 29 32 59 78 5 48 29 81 32 27 46 57 49 3 42 53 4 52 21 19 64 90 63 66 98 77 19 67 42 87 34 79 39 71 14 3 71 71 34 54 66 25 63 1 25 45 47 2 40 38 53 40 44 12 54 3 56 54 43 87 57 68 90 54 95 18 16 73 18 34 61 23 38 25 83 1 36 1 44 14 18 16 69 24 97 53 53 19 89 19 4 17 40 44 60 82 48 52
1 1 13 43 19 7 33 29 89 34 17 10 55 91 70 93 54 79 90 84 13 35 57 76 4 47 2 64 50 84 2 34 51 83 66 98 2 40 35 23 40 31 75 24 94 72 81 7 34 35 10 3 50 92 88 30 71 15 79 53 41 37 31 55 19 31 26 52 88 60 52 2 56 1 37 10 39 11 8 86 56 62 2 60 5 75 67 1 36 11 72 73 7 49 23 70 3 9 61 84
54 41 19 43 71 82 31 1 92 9 86 32 71 27 56 37 46 95 56 48 64 64 84 98 45 62 22 55 8 60 60 7 35 44 42 51 11 74 9 6 97 2 16 18 1 91 83 8 83 40 7 52 6 96 1 44 7 28 91 27 39 9 71 45 31 2 98 45 56 25 14 44 65 96 69 10 30 19 55 76 90 68 44 62 27 57 65 57 54 19 25 28 73 24 20 48 68 19 2 48
51 35 89 64 78 95 84 12 4 2 88 11 74 82 44 41 68 55 45 32 52 64 78 37 89 62 99 41 17 28 80 1 9 67 32 35 43 5 55 47 1 6 29 72 30 89 46 56 20 64 88 74 88 57 55 15 51 32 73 92 62 91 15 47 48 6 23 29 8 96 30 63 27 74 33 2 96 81 76 10 55 95 95 67 92 1 96 33 51 11 8 45 2 60 49 53 21 21 50 32
8 60 86 41 26 8 66 61 78 85 38 43 31 25 74 99 28 67 10 81 75 12 13 22 38 61 52 79 95 47 49 91 37 84 40 18 95 92 31 81 1 72 19 48 34 79 36 98 56 1 14 86 12 55 5 26 77 51 55 47 90 86 25 97 32 72 12 93 1 26 90 10 83 39 46 11 90 8 74 97 52 16 4 6 81 31 16 67 48 7 42 70 46 62 11 19 71 34 10 81
62 5 59 16 49 53 31 58 46 86 57 45 60 96 27 78 33 77 58 35 21 42 12 56 91 1 24 56 69 32 35 55 66 92 68 22 48 30 72 42 66 51 67 87 72 84 68 60 92 8 69 30 44 36 47 73 59 95 45 79 17 73 38 14 43 51 60 55 25 55 23 13 30 50 83 10 63 16 98 87 9 58 73 69 8 74 88 4 18 3 10 20 47 97 9 2 79 91 14 35
86 71 60 84 43 80 39 38 72 51 88 47 67 92 26 72 55 67 24 8 60 38 4 27 40 99 19 47 24 38 1 72 93 35 8 60 22 55 99 79 41 59 7 15 68 44 70 59 80 3 80 68 77 85 40 89 93 12 73 9 90 51 37 88 94 59 92 2 87 3 44 91 68 31 5 20 82 8 41 26 81 89 3 40 4 90 19 50 90 31 60 35 34 66 65 14 6 44 79 8
20 66 27 22 82 64 5 86 39 34 78 20 36 33 56 45 50 33 23 41 64 12 15 8 74 58 9 78 4 9 74 16 94 29 24 81 6 71 64 93 13 12 71 38 69 89 2 62 17 98 55 10 75 41 17 38 64 11 51 45 95 7 5 38 15 12 75 75 56 94 83 68 28 43 92 17 25 69 66 93 28 99 26 44 58 22 33 48 90 48 86 20 69 63 93 28 77 11 86 41
37 91 91 54 16 27 48 63 49 30 80 94 51 66 11 35 46 65 76 35 70 79 95 81 84 92 71 6 64 17 37 34 18 18 38 68 97 90 96 67 12 21 47 7 49 70 96 58 8 77 4 61 17 47 52 40 78 47 92 73 54 88 50 5 49 21 58 19 23 73 42 61 41 32 70 70 91 11 71 14 53 57 51 8 52 81 39 31 33 65 33 78 65 28 6 36 82 91 27 35
16 37 4 8 71 24 14 40 29 78 42 53 76 48 93 27 99 68 76 30 54 72 46 29 2 96 44 1 42 49 46 82 43 14 67 30 74 86 85 52 14 95 73 54 63 20 23 31 66 17 54 32 17 30 36 24 63 66 59 31 4 44 64 56 94 95 7 99 87 92 40 34 12 68 10 81 91 97 8 10 63 62 79 33 40 57 54 5 77 68 19 46 60 76 57 14 4 85 95 30
2 11 63 27 29 90 17 31 98 22 14 45 69 94 59 1 13 27 45 41 9 73 65 20 99 45 82 58 47 97 16 33 2 75 18 35 27 71 64 70 90 58 43 61 85 3 97 83 66 43 93 41 7 52 66 65 22 40 99 70 77 78 44 11 73 58 94 78 43 62 29 22 59 11 71 50 70 90 18 3 49 70 71 16 2 96 70 82 62 26 37 34 15 27 96 71 46 50 10 41
13 38 36 67 26 3 72 97 21 38 93 35 30 47 39 36 75 76 94 36 52 33 18 14 74 44 45 80 38 73 48 90 13 69 38 4 65 54 89 23 28 4 36 73 38 84 66 53 80 28 71 82 77 43 69 29 7 67 32 95 71 1 20 81 58 4 6 60 5 92 70 56 2 72 13 61 92 81 29 58 90 75 87 66 96 2 61 51 60 30 2 30 78 6 37 85 24 71 28 36
37 7 51 36 59 33 87 24 3 46 86 61 84 75 36 22 92 52 81 85 71 98 53 73 75 74 59 53 63 31 58 93 21 89 79 60 83 52 84 45 35 17 82 95 69 21 55 49 32 41 49 72 3 70 5 2 82 98 82 16 30 3 12 39 47 17 56 21 67 59 40 57 87 74 2 28 67 33 39 43 63 44 69 78 87 53 26 87 99 11 38 76 65 29 76 92 55 69 3 85
84 93 79 56 98 2 35 90 80 76 18 59 88 52 12 9 34 73 19 20 1 6 94 47 91 33 32 73 58 84 94 41 34 44 43 91 89 14 93 67 28 74 77 30 79 82 3 65 92 8 99 46 90 7 21 33 72 59 57 16 93 21 30 49 17 74 65 86 66 27 40 67 61 89 2 75 56 59 87 6 70 46 98 14 33 40 54 4 34 13 86 9 17 83 1 44 3 12 95 20
45 71 90 84 37 79 95 23 86 2 30 15 1 85 62 61 42 15 9 46 42 48 64 50 23 45 70 66 93 45 92 94 59 52 97 8 39 46 72 3 72 83 46 51 15 45 12 95 42 89 11 25 71 5 50 77 19 53 5 39 68 76 21 48 47 83 68 63 35 65 94 69 71 44 83 86 22 14 89 66 3 49 4 14 65 37 8 6 4 59 29 14 52 94 21 41 70 91 51 46
43 95 92 31 15 34 89 69 40 40 46 46 37 87 62 75 21 93 32 25 52 95 35 73 53 76 81 86 85 25 1 55 58 96 20 52 76 92 76 27 83 97 55 61 84 52 11 94 59 51 80 40 77 90 37 81 30 37 97 53 20 88 68 66 78 97 50 85 74 76 27 96 98 29 23 2 66 96 78 68 38 20 29 6 41 17 93 39 4 45 38 33 27 64 69 54 8 54 6 25
60 27 8 55 39 35 37 52 16 10 61 67 60 38 56 74 75 20 73 27 72 3 68 44 7 49 57 48 14 37 62 85 46 32 47 7 80 12 32 22 91 60 42 83 15 48 8 63 91 78 53 59 76 95 12 2 13 90 49 84 38 60 25 9 61 60 74 87 26 32 85 65 12 41 54 26 93 55 7 63 47 59 1 46 39 81 94 37 39 16 17 34 6 42 26 1 25 70 39 27
87 57 55 95 50 38 49 57 35 45 71 48 63 45 21 6 86 22 26 57 67 52 15 93 42 63 49 62 8 88 78 44 88 11 30 52 84 62 33 30 44 33 62 83 46 34 42 56 95 82 50 88 56 24 20 4 95 58 26 26 3 3 33 73 50 33 37 61 63 33 22 31 50 77 61 63 27 47 49 58 38 66 15 10 87 21 24 82 91 22 43 19 40 64 86 86 87 42 20 57
