20 100 9166 7.54
12 2 9 53 78 45 2 58 70 74 11 57 4 80 38 96 9 1 3 7 73 60 33 65 15 30 6 2 95 20 29 38 3 31 45 6 74 66 17 31 56 30 54 23 24 66 30 30 30 91 98 64 5 84 9 24 28 64 54 9 55 10 90 71 14 30 56 37 12 59 38 55 81 56 23 1 60 14 16 12 34 99 65 38 18 38 43 83 65 63 27 80 5 59 47 63 36 51 94 7
69 91 31 35 58 63 79 3 47 64 55 64 30 87 86 11 48 30 15 14 52 48 28 53 63 18 78 10 72 29 49 3 93 94 28 78 54 23 6 27 15 38 47 62 82 61 77 73 36 27 46 35 85 71 25 19 44 78 56 53 68 26 28 13 64 58 26 66 47 20 66 54 72 85 94 95 67 93 53 38 65 23 75 60 15 9 28 95 27 82 48 47 40 5 35 47 14 25 32 14
44 44 86 61 47 48 94 69 13 76 45 73 33 25 84 25 81 43 93 52 55 96 84 12 78 8 91 85 22 57 64 96 60 55 99 91 56 75 14 86 19 68 34 80 24 9 44 5 90 13 96 59 59 56 51 12 55 76 69 70 10 42 93 22 96 25 96 27 92 31 89 42 6 92 65 29 93 71 82 56 66 54 38 62 21 12 13 42 81 77 61 31 89 96 64 19 99 27 57 52
38 5 73 86 64 73 81 69 14 21 78 99 26 4 39 21 12 8 52 76 91 21 3 46 28 7 51 87 66 52 55 84 9 45 62 51 55 65 89 41 67 14 38 36 79 53 78 42 6 90 29 8 79 80 53 70 34 9 62 40 10 70 82 70 21 91 64 76 13 12 35 63 2 48 47 92 25 30 55 75 34 7 89 15 59 4 10 89 38 10 6 71 16 78 97 17 20 59 5 76
23 65 6 26 63 85 72 49 40 20 98 93 17 93 99 47 70 84 75 80 29 43 45 75 96 5 9 55 32 55 4 60 42 25 9 9 49 74 80 27 80 63 10 26 61 16 1 35 20 75 27 65 10 64 67 26 35 58 5 11 64 73 80 9 2 95 53 34 46 70 67 98 67 24 44 47 89 94 64 79 14 71 84 92 90 35 4 64 79 82 54 7 78 68 39 9 63 62 37 80
90 97 66 66 59 75 72 32 29 81 72 51 71 49 63 42 70 94 22 98 69 1 82 68 2 79 5 28 57 24 58 14 44 28 48 5 8 51 88 94 96 15 49 12 32 46 22 6 80 94 65 72 51 11 27 47 5 37 89 87 53 45 4 10 7 83 91 50 10 4 65 42 71 34 39 10 63 24 56 13 43 8 28 61 48 79 28 65 38 95 92 34 93 25 21 58 10 17 47 98
72 66 73 30 58 24 13 66 24 56 57 82 91 69 69 52 80 35 32 44 71 77 77 46 16 61 91 90 97 95 11 24 68 73 13 91 64 1 49 23 37 69 11 32 20 54 89 52 68 58 92 34 68 27 59 30 83 33 92 5 94 59 46 66 64 73 28 13 53 28 15 40 7 95 87 66 79 31 56 4 58 24 98 14 57 53 2 57 92 45 46 18 20 59 76 19 44 90 68 44
27 94 40 90 68 41 93 65 94 7 97 65 4 63 14 17 30 29 40 21 17 78 60 80 4 41 62 29 73 4 24 6 75 35 53 62 87 8 59 97 13 22 43 66 59 1 84 33 95 43 61 2 44 27 22 70 58 11 75 2 50 20 40 33 36 22 94 48 21 32 37 23 68 61 32 47 63 80 73 7 88 23 93 6 85 57 64 1 68 35 64 43 34 99 31 31 18 80 75 21
80 13 98 93 46 80 3 14 39 82 7 38 90 57 57 81 77 75 75 82 21 78 48 88 95 35 30 65 52 73 50 47 7 40 15 30 75 17 94 49 51 26 25 16 67 10 20 10 25 69 64 99 76 17 84 6 79 35 32 19 8 50 77 9 46 58 91 63 12 45 40 18 45 35 51 28 93 86 34 12 24 23 24 70 25 46 90 71 28 47 71 80 90 76 34 26 59 54 60 82
84 57 61 69 53 97 21 10 40 96 84 9 60 86 46 97 55 96 91 21 87 72 3 87 49 54 79 31 1 13 29 94 84 1 7 79 74 17 30 40 49 16 46 19 86 40 18 56 1 8 52 30 14 41 21 41 18 64 86 14 35 99 95 81 10 5 48 23 25 27 65 99 33 79 69 66 6 61 61 39 78 9 40 54 28 2 23 30 39 67 63 10 56 20 95 49 45 98 50 21
99 78 38 35 48 10 27 2 34 9 9 47 78 56 22 17 81 43 3 16 48 62 9 13 66 72 48 43 30 42 56 42 26 73 38 48 87 24 38 60 54 37 64 78 32 57 93 30 32 36 81 20 10 1 90 36 53 69 3 22 69 87 87 86 1 75 35 17 54 37 77 51 56 6 73 68 76 5 51 94 36 90 28 37 83 81 14 63 66 56 41 57 39 83 84 73 96 85 38 16
99 72 72 29 81 48 97 57 67 46 96 22 86 56 37 59 40 94 62 80 11 62 81 8 2 96 65 20 40 30 44 88 94 43 74 65 67 10 40 9 33 48 65 58 54 52 10 92 72 27 57 83 76 24 61 92 2 91 22 72 65 91 69 46 58 24 74 91 71 46 65 8 98 1 71 4 63 29 42 45 7 65 84 62 53 83 33 48 9 88 64 86 94 10 46 55 79 59 17 80
71 39 57 26 86 40 81 48 85 19 19 61 87 84 2 65 49 2 91 87 44 10 29 97 55 55 98 18 56 52 55 81 30 25 72 98 4 46 38 25 56 92 31 62 26 99 56 2 86 53 32 4 35 87 21 22 71 12 13 97 86 80 30 7 19 37 62 24 24 91 9 69 28 61 47 22 24 15 12 32 16 31 7 63 68 85 3 85 64 52 1 85 96 43 57 21 41 92 8 87
80 78 90 87 81 41 58 2 91 87 12 89 59 24 70 8 15 87 84 99 82 7 69 96 38 22 95 42 66 50 7 40 26 84 75 95 79 59 48 77 41 68 86 75 46 81 30 50 49 35 97 1 27 63 15 99 79 96 90 3 37 56 22 61 32 82 63 3 41 3 37 78 59 48 36 74 1 64 64 67 8 85 39 53 16 68 67 42 19 30 9 83 46 11 29 63 77 64 37 99
33 96 77 9 52 75 29 27 84 7 5 52 18 2 19 96 83 87 10 10 53 2 56 73 69 58 11 41 6 73 78 11 43 17 8 11 4 14 43 30 63 63 29 95 69 18 15 8 31 61 9 38 20 30 4 1 90 70 88 8 28 44 61 82 22 33 29 74 55 59 24 75 51 26 77 86 35 82 85 10 11 85 84 92 92 64 41 26 6 52 78 4 45 23 98 26 23 18 90 10
97 82 81 11 3 24 90 89 94 27 97 57 2 42 28 84 55 6 55 53 15 43 91 29 36 94 42 68 1 60 26 28 7 12 36 42 73 54 65 58 97 22 56 14 52 83 29 7 6 85 41 73 23 42 7 44 43 63 66 1 52 66 10 29 50 34 67 84 98 26 24 18 6 46 67 91 14 28 31 55 63 26 19 6 79 55 64 19 84 15 54 91 38 23 50 4 51 23 18 53
34 54 14 54 95 48 13 91 40 96 57 39 25 68 42 24 54 20 12 55 37 73 75 28 8 60 1 44 32 66 49 84 39 55 15 1 36 49 56 68 28 80 12 94 98 51 38 42 93 25 54 19 66 43 58 87 85 27 72 17 78 94 22 74 15 67 37 58 94 13 72 26 85 93 33 37 64 55 60 39 37 8 58 42 15 6 87 73 32 18 33 45 78 31 76 59 16 55 57 55
21 92 57 62 17 56 44 68 77 19 80 12 89 12 15 38 6 54 92 55 93 49 56 27 61 76 4 28 62 28 82 57 16 35 33 4 92 29 47 98 6 65 97 29 30 85 35 33 72 52 57 3 91 94 50 76 44 68 46 86 37 75 43 15 1 26 7 82 90 10 13 62 89 86 11 11 76 6 53 40 58 65 73 37 5 21 90 5 23 87 86 81 43 54 83 34 31 53 17 55
57 38 86 3 43 45 74 58 56 41 97 6 56 43 91 43 48 77 90 61 6 60 93 5 99 76 9 77 69 97 66 49 34 65 97 9 17 7 75 85 41 10 79 29 4 55 17 74 46 50 62 54 25 92 48 10 34 73 70 12 26 53 64 39 61 60 16 81 16 19 99 9 89 41 85 1 73 25 39 85 13 85 42 23 84 92 93 93 65 88 37 16 94 73 49 28 13 34 10 61
72 29 79 98 31 94 49 68 11 53 14 21 84 55 89 32 48 4 99 94 26 21 68 57 44 98 18 99 24 60 2 41 77 66 85 18 78 55 78 92 23 75 21 56 17 51 42 50 59 26 27 69 45 93 94 58 4 21 72 12 11 30 29 57 1 93 70 33 62 22 65 64 63 37 78 37 83 21 21 14 76 58 34 57 27 8 14 89 84 13 19 84 15 31 23 67 49 96 2 94
