20 100 9139 7.59
28 4 88 66 28 66 72 94 90 1 87 82 43 52 26 52 23 85 76 62 59 40 93 90 41 85 57 66 36 82 70 52 88 56 51 98 65 21 55 91 1 33 84 7 36 84 68 98 26 34 68 47 35 56 51 52 32 22 59 85 99 63 64 96 81 32 49 71 55 63 55 22 21 33 57 27 30 61 32 97 57 98 32 21 88 90 38 55 62 62 46 26 46 9 10 52 52 23 8 62
38 35 30 28 51 34 3 94 64 87 15 55 31 2 14 76 6 23 89 26 24 13 67 67 91 61 98 2 62 38 65 23 8 30 63 47 92 47 4 9 51 46 57 79 72 60 13 94 3 95 44 80 33 23 25 56 39 75 14 18 40 48 20 23 24 44 1 47 68 36 97 20 5 46 63 80 49 33 54 16 30 86 7 24 69 16 26 87 51 68 50 46 3 28 28 17 20 34 31 26
25 12 50 56 25 1 39 55 40 92 86 47 39 72 19 71 2 80 1 99 42 36 73 93 8 67 37 47 27 4 31 74 57 94 64 67 32 12 84 79 14 61 25 1 74 62 8 37 1 23 75 8 54 67 53 58 36 27 75 60 30 62 19 83 50 95 34 27 67 88 85 4 14 61 95 20 40 75 90 99 69 36 71 66 39 2 26 19 91 59 30 48 61 28 88 1 39 93 84 99
69 61 53 5 65 11 69 52 61 71 18 82 41 79 99 26 70 93 96 3 47 90 95 14 46 45 55 50 90 37 96 37 29 98 24 54 4 14 14 63 9 7 2 18 7 69 58 59 23 61 50 87 89 61 97 62 66 65 16 84 22 20 9 24 13 63 73 28 71 66 67 14 24 7 9 60 93 85 49 22 45 52 94 24 78 20 58 92 44 73 59 85 70 81 32 71 19 17 15 3
38 64 19 88 64 7 13 7 61 47 36 10 22 47 40 32 27 63 32 97 9 75 13 25 68 99 29 59 46 33 17 91 38 78 79 65 60 41 10 71 64 25 9 65 85 87 91 67 50 72 87 19 19 82 93 83 45 32 64 74 93 70 59 57 41 5 36 88 25 48 97 50 56 25 29 30 24 7 98 16 4 30 15 98 14 71 65 82 27 81 86 9 22 61 91 80 95 95 96 97
83 49 70 66 5 80 24 13 41 12 43 64 50 58 23 44 4 50 10 99 98 55 3 75 63 81 50 22 51 76 16 66 9 44 36 38 23 68 19 32 96 63 20 29 15 88 88 48 90 30 87 10 55 14 82 39 86 93 12 54 5 49 86 61 79 11 45 1 10 97 22 61 35 63 9 52 89 29 41 9 33 51 53 16 18 44 2 79 31 20 42 60 75 43 19 20 41 10 55 99
18 11 3 6 82 81 31 84 14 91 63 71 13 34 33 12 81 43 16 44 22 71 90 94 2 24 93 92 2 69 21 80 80 64 69 29 40 12 31 3 94 72 91 63 11 61 30 28 40 93 42 60 89 61 54 9 74 67 71 6 42 83 67 71 37 19 52 57 32 20 6 94 81 72 98 60 42 19 56 39 78 46 86 61 64 53 78 72 93 69 31 37 85 34 82 98 49 4 38 44
29 87 95 67 5 59 13 49 40 45 91 12 46 16 5 21 2 13 3 90 97 41 43 46 57 7 42 45 80 58 76 56 95 65 50 59 28 48 70 95 82 55 62 18 16 94 29 92 97 83 9 69 35 35 14 28 3 15 25 38 50 98 31 36 90 24 22 80 44 63 34 28 48 55 88 36 14 12 37 42 46 43 92 94 40 43 67 5 66 1 86 57 63 41 32 86 56 41 48 90
91 68 37 61 39 3 37 91 16 74 32 78 99 90 81 62 1 80 71 71 34 43 78 94 87 63 30 94 4 9 2 27 83 91 85 63 47 22 17 79 73 22 56 36 84 43 19 84 1 45 7 39 13 62 31 68 82 79 56 92 34 27 41 97 96 13 31 59 86 78 65 27 2 22 24 10 69 87 20 6 83 29 52 48 57 30 67 55 41 23 49 43 29 33 72 32 97 69 76 71
38 99 45 10 12 51 30 89 49 96 98 67 33 28 22 79 53 27 60 66 57 86 40 78 46 4 40 67 41 83 19 40 92 36 75 13 1 80 81 97 88 9 28 22 95 58 73 71 24 14 92 88 93 99 6 66 72 89 44 13 86 50 54 87 7 34 12 83 21 13 23 42 50 9 14 61 59 41 77 96 36 30 17 27 37 45 65 72 13 9 6 29 5 79 16 1 11 10 75 66
25 17 67 1 69 7 60 27 37 68 51 59 97 1 52 63 7 57 86 43 61 57 86 39 95 86 7 8 83 80 86 87 29 80 63 62 32 92 43 45 2 43 24 82 15 5 82 44 55 88 90 26 18 55 36 40 39 32 98 28 78 98 29 46 54 75 37 24 39 71 75 27 30 43 84 54 74 69 58 49 43 99 36 4 62 46 2 34 35 11 35 81 75 11 96 67 70 63 68 43
95 88 81 29 48 20 52 98 98 97 10 97 2 73 78 44 17 12 24 74 71 59 33 58 74 44 43 71 73 58 32 34 10 75 20 50 28 70 68 83 51 49 76 75 81 72 19 9 18 19 80 99 24 8 41 4 38 17 78 56 77 22 65 53 14 90 29 89 3 60 14 91 32 49 98 89 75 98 42 5 63 75 27 45 64 84 27 7 95 32 5 54 77 97 77 69 20 79 24 74
36 99 42 23 45 85 25 10 68 52 11 63 11 75 44 13 56 40 7 24 42 55 53 20 91 22 18 3 78 2 64 51 68 37 48 80 31 70 12 90 37 16 37 21 50 58 89 91 44 38 72 30 56 91 10 21 71 38 36 4 5 32 64 19 36 58 97 87 52 86 84 53 5 16 97 72 55 21 10 47 16 23 69 4 30 18 90 19 64 28 55 89 25 47 3 51 15 31 42 24
47 6 87 93 39 27 6 75 32 42 78 37 18 38 89 32 93 47 60 45 74 95 9 81 54 82 62 46 23 54 89 34 45 55 58 2 75 60 96 79 3 24 63 67 91 73 55 12 29 8 96 30 83 22 83 29 6 76 39 23 20 66 64 80 71 32 53 89 62 16 38 90 22 24 11 2 89 11 17 30 11 41 67 97 26 68 21 55 91 16 80 23 75 10 55 27 80 66 57 45
99 36 5 80 37 13 49 64 95 89 40 89 84 44 33 75 79 16 58 97 26 75 45 67 28 24 55 43 28 46 20 70 7 73 2 81 68 73 74 43 11 67 98 40 51 75 23 14 26 4 63 61 4 4 63 26 70 67 66 67 28 80 30 54 22 39 9 58 47 17 63 68 96 67 72 79 77 51 61 63 27 84 47 14 40 64 4 83 39 91 28 99 70 76 77 47 19 4 13 97
63 15 66 2 3 51 76 81 99 35 96 77 46 48 55 31 47 94 21 95 81 51 10 39 74 67 64 43 81 60 90 6 30 77 4 13 44 23 68 86 16 13 59 6 73 70 64 96 69 49 36 34 28 71 60 46 33 80 45 38 83 10 74 50 48 15 52 1 22 14 79 41 73 13 25 43 76 92 29 8 83 19 87 51 56 11 59 11 85 20 85 60 65 20 26 26 61 29 29 95
92 38 1 54 12 87 2 82 11 83 78 50 83 94 72 41 10 89 67 64 26 7 17 19 96 37 24 62 23 22 21 99 2 47 48 32 65 25 73 52 66 98 52 82 80 80 18 94 97 80 45 34 78 58 77 83 6 69 23 30 61 16 34 34 23 61 28 7 83 99 7 71 35 98 16 19 13 34 87 25 84 94 51 74 21 18 6 47 40 80 73 69 38 85 51 60 57 20 73 64
58 83 91 83 23 76 20 88 81 27 46 12 23 63 66 64 98 82 80 82 12 74 89 80 40 9 84 91 48 96 88 11 30 17 43 14 46 35 57 79 23 89 55 42 58 67 41 55 36 66 38 13 48 87 22 92 47 46 94 53 22 56 62 62 61 31 37 61 14 46 12 67 17 89 90 68 6 84 28 35 59 30 40 78 69 7 85 32 80 22 7 46 63 6 32 59 85 22 11 82
26 93 14 74 92 21 92 10 32 75 63 46 35 31 37 1 82 77 60 35 78 34 69 58 34 16 35 44 38 82 59 74 71 66 29 47 12 14 47 20 34 23 36 8 18 57 98 8 81 72 91 45 33 62 41 94 16 33 71 42 84 19 71 97 34 54 6 53 10 74 48 69 27 23 12 42 35 84 16 33 75 65 72 56 91 66 15 44 47 56 77 85 82 2 94 45 31 69 26 35
43 8 77 78 71 97 81 45 87 65 9 71 12 97 84 4 20 48 85 90 49 94 46 26 73 68 57 62 11 68 88 45 93 99 68 37 42 8 80 51 31 43 51 84 17 67 28 92 21 24 6 27 33 2 8 27 59 27 69 46 86 12 54 96 72 33 54 29 56 70 30 90 43 43 29 12 88 35 1 86 6 22 29 11 74 48 15 29 90 68 4 4 89 45 28 7 76 50 9 90
