20 100 9180 7.52
25 85 70 90 74 62 29 30 2 81 89 81 46 66 76 52 93 71 69 97 37 19 54 47 7 25 39 74 6 95 97 77 60 3 62 95 87 50 46 15 88 1 14 77 82 44 54 35 62 98 69 17 21 15 76 60 41 39 51 15 63 24 49 45 15 16 1 60 48 76 33 66 51 88 47 33 20 38 67 36 31 3 27 94 28 61 42 5 89 1 37 6 91 43 1 51 65 78 57 97
35 14 18 68 81 47 12 90 79 38 26 98 60 79 67 15 69 46 23 34 22 97 41 12 58 95 55 45 49 20 80 57 32 40 83 78 90 19 41 16 26 88 75 67 21 54 7 95 5 4 95 25 78 40 5 32 43 88 14 91 54 34 60 58 89 77 5 89 81 76 81 28 44 10 12 78 77 38 84 83 59 59 42 11 92 1 30 9 47 38 1 4 66 31 79 75 10 33 67 34
9 95 54 21 44 32 63 53 33 12 75 32 89 7 16 93 99 68 88 71 5 27 48 19 11 74 2 79 97 32 8 64 10 54 23 15 82 37 76 37 81 94 23 94 48 29 91 25 3 14 86 31 97 6 28 10 32 67 74 4 55 11 79 95 70 9 19 39 60 19 74 56 26 4 45 55 64 5 41 67 35 25 15 75 23 44 67 74 91 14 87 40 97 67 75 3 50 79 25 71
97 33 19 13 63 62 61 72 13 94 1 53 61 39 55 67 32 63 65 50 36 47 35 81 10 26 52 23 80 8 23 58 71 91 43 66 32 49 31 58 35 34 45 9 20 35 99 36 71 25 45 59 54 52 86 71 63 53 42 40 53 92 39 82 96 87 71 84 3 67 62 7 14 15 25 78 38 7 36 72 84 81 45 34 85 78 86 18 74 76 56 34 80 26 1 79 25 95 91 50
30 20 82 58 84 6 50 95 80 95 18 21 59 29 40 99 22 12 64 89 84 85 61 70 7 44 82 61 16 95 65 19 58 81 97 36 32 64 26 25 88 68 16 1 16 29 5 31 59 45 64 62 70 96 51 58 6 2 97 41 87 82 47 92 23 93 54 65 60 28 47 92 45 82 86 15 27 41 13 92 20 43 68 12 9 64 58 70 51 96 80 54 47 20 42 98 19 15 30 89
40 98 80 60 1 94 60 33 87 75 94 94 21 99 62 17 53 1 43 80 88 12 9 2 93 29 85 92 90 89 18 72 45 61 44 9 43 39 92 54 15 44 3 58 94 85 86 30 46 54 53 92 60 83 34 45 85 85 64 55 94 7 33 91 97 71 27 54 73 99 25 41 30 56 23 38 96 61 77 87 22 90 63 14 5 59 20 24 51 81 21 8 48 22 11 90 59 78 64 80
99 6 75 51 72 33 66 25 80 99 67 7 61 8 11 37 60 61 14 38 27 73 87 57 98 38 3 24 84 86 2 76 4 17 4 76 67 26 20 33 61 13 91 2 45 86 50 58 12 27 14 54 68 24 7 4 82 13 69 50 25 21 9 28 50 89 52 84 87 36 95 98 72 97 8 7 34 11 86 81 31 8 66 98 48 89 12 57 7 70 46 52 73 77 47 7 52 70 53 38
23 67 13 38 41 47 75 82 92 8 2 69 83 62 42 71 10 32 50 8 57 76 27 38 39 94 69 88 47 7 51 27 73 41 28 19 22 51 7 38 11 42 68 60 65 76 16 20 17 18 46 30 81 21 69 73 29 33 39 76 42 11 49 96 4 43 5 46 16 16 3 26 78 5 23 3 58 7 73 27 65 21 60 82 15 58 89 70 71 38 39 50 87 94 8 23 36 9 27 8
99 78 64 64 38 97 65 61 97 6 71 67 33 33 32 17 99 57 14 24 87 92 92 38 69 63 39 35 56 9 52 1 1 33 53 70 30 54 59 54 9 94 75 65 1 24 86 94 39 48 87 71 45 65 39 1 51 12 39 17 52 6 84 89 37 33 13 34 71 34 19 89 57 65 21 60 2 6 98 88 22 45 31 89 52 26 33 22 5 24 11 31 44 11 50 64 15 48 3 24
54 71 73 36 88 6 74 12 8 65 91 90 47 86 57 88 4 82 72 72 35 41 4 88 59 5 41 10 42 23 74 78 85 67 34 1 23 2 54 67 23 77 5 35 68 49 79 61 6 27 57 18 9 96 83 85 74 72 29 17 44 18 46 8 3 99 96 26 68 1 31 96 55 60 12 79 3 48 52 31 82 72 73 66 25 31 95 22 12 55 8 20 16 23 20 26 72 7 55 72
99 96 4 99 16 45 49 38 91 6 77 48 60 77 15 45 85 11 58 62 19 27 74 99 56 53 50 52 7 56 12 17 8 41 2 2 62 34 81 52 14 70 77 80 90 29 2 30 35 52 51 15 52 2 31 8 50 98 75 7 23 27 2 1 23 5 35 83 36 18 88 18 43 91 12 60 60 73 78 44 57 75 25 28 59 75 54 50 3 47 76 40 98 30 28 48 97 80 68 62
36 82 85 77 34 9 88 83 23 4 1 5 32 15 74 72 42 49 87 32 91 77 79 38 99 3 92 27 53 73 88 25 19 34 24 84 81 81 83 19 61 98 77 87 69 46 49 77 9 90 31 14 93 46 59 19 36 79 34 55 80 76 80 44 89 43 96 4 36 46 54 15 30 19 9 42 39 13 61 77 25 76 48 21 56 9 34 28 1 97 25 50 23 40 39 58 15 92 36 32
90 68 51 70 90 83 56 56 8 17 34 84 36 98 59 19 23 50 50 20 55 87 56 77 20 35 22 34 39 47 40 47 46 55 32 99 26 12 42 97 78 61 62 33 75 8 35 61 47 45 46 39 23 22 72 46 36 11 33 87 80 4 44 35 24 71 87 1 94 4 12 67 36 43 3 8 94 77 3 79 36 5 59 60 37 22 18 16 39 48 40 18 71 99 31 36 91 46 66 20
68 84 37 82 83 31 66 26 30 62 66 27 24 43 90 62 94 73 27 90 25 50 61 25 23 84 47 47 91 28 36 4 30 53 73 32 17 85 85 69 19 84 16 92 20 84 14 11 95 71 18 16 53 63 29 30 55 65 81 60 37 28 77 17 78 16 29 28 15 83 24 6 54 9 65 26 60 81 39 84 13 14 91 9 73 50 62 37 93 85 90 12 11 66 35 29 2 71 83 90
19 31 95 15 35 53 36 69 75 66 84 49 2 95 60 62 89 25 89 62 65 1 32 3 72 70 18 94 74 72 9 17 55 84 72 63 38 44 14 44 63 25 9 29 69 90 14 48 63 12 96 61 43 87 2 55 71 83 89 20 8 76 38 89 85 66 54 38 61 51 22 43 57 11 71 80 8 27 14 31 85 85 31 35 93 59 80 91 75 76 79 33 68 12 16 44 87 51 29 62
92 75 26 52 84 9 16 39 87 32 60 2 30 4 13 67 60 55 43 41 7 36 46 70 41 46 37 90 22 6 5 49 98 46 56 94 65 21 79 72 54 17 37 2 36 67 25 19 79 54 23 54 83 51 82 98 59 39 81 70 99 79 19 55 61 41 92 23 37 6 44 21 62 70 35 36 54 2 98 55 87 7 5 18 48 73 16 75 53 53 1 21 45 75 57 29 15 77 28 41
3 91 86 88 85 87 48 93 73 33 99 67 14 2 61 87 23 77 79 54 48 7 1 68 28 71 21 31 84 42 76 44 32 23 95 36 24 66 46 15 88 42 25 71 63 95 82 10 83 24 64 7 18 63 34 32 37 88 16 99 81 96 11 56 85 28 28 12 98 17 71 69 29 11 6 5 53 29 19 80 52 32 28 1 7 91 18 95 10 4 2 78 65 64 3 49 59 77 49 54
98 34 74 82 24 15 44 97 4 96 35 74 67 58 49 57 78 62 92 22 59 58 67 24 1 74 65 95 81 96 84 14 28 22 84 15 58 30 31 68 12 31 43 56 24 15 97 52 68 34 35 3 75 97 46 28 2 21 19 66 60 90 38 19 85 73 78 2 53 50 4 98 42 49 17 29 48 22 44 8 26 36 87 56 5 18 57 4 24 58 67 5 81 21 99 97 60 4 9 22
63 46 47 68 91 85 34 11 88 61 46 74 88 27 93 17 4 99 74 31 65 95 66 69 95 52 40 8 4 88 23 61 84 51 51 39 46 47 58 51 26 55 9 88 20 66 47 41 23 48 77 41 98 2 48 84 57 83 50 67 8 9 7 56 61 89 61 92 70 56 54 50 10 94 40 60 16 22 8 89 41 26 29 60 75 64 65 45 81 22 72 63 78 43 13 30 78 76 54 31
83 22 88 85 18 20 70 71 49 60 32 52 95 38 77 33 10 24 12 74 51 25 60 55 56 9 88 6 31 83 66 70 67 44 16 38 29 73 2 70 48 89 50 51 69 36 94 87 24 53 90 99 64 9 38 67 38 45 59 35 91 77 45 78 68 73 53 4 58 56 33 94 85 32 46 18 59 58 78 93 34 71 32 33 87 23 93 95 41 77 99 84 45 84 99 85 78 95 35 74
