20 100 9277 7.53
14 15 15 3 43 87 22 57 60 62 68 71 94 36 42 22 2 70 5 75 32 7 66 51 37 82 3 94 98 44 97 26 95 68 92 38 53 69 31 63 62 26 90 99 46 87 54 78 85 97 5 61 74 68 9 88 28 26 48 27 8 60 54 43 36 68 84 19 42 45 31 17 96 69 67 21 99 85 41 15 9 20 38 75 43 75 20 37 42 56 43 55 17 35 38 74 7 38 1 75
3 96 26 7 12 69 50 19 37 41 69 1 42 19 84 37 53 94 40 13 46 1 5 77 12 23 37 14 20 50 72 55 6 52 86 96 43 4 31 46 42 10 89 60 95 45 92 96 41 66 40 85 75 6 62 56 9 28 18 52 74 54 96 68 44 6 54 41 10 88 56 93 76 91 79 52 37 20 3 15 65 8 91 71 44 24 16 76 47 45 53 74 41 34 31 20 18 7 37 13
84 24 75 17 25 69 57 89 34 19 16 2 42 94 74 68 67 9 11 69 63 83 85 85 64 45 76 67 73 97 41 42 75 95 85 46 16 9 60 15 63 96 88 45 13 64 37 71 28 68 11 65 74 28 88 47 44 9 75 68 41 7 31 86 39 77 50 88 89 77 32 62 79 70 41 15 7 25 95 9 27 13 74 59 31 15 2 59 4 97 88 48 59 60 73 36 79 44 70 69
17 60 74 4 79 57 9 82 95 62 52 26 89 26 18 67 7 10 30 11 74 47 2 89 75 37 52 32 16 36 10 90 61 54 49 35 72 32 77 20 74 51 42 97 70 17 54 52 40 46 30 76 22 48 7 77 60 11 70 35 35 89 59 69 12 73 20 25 73 88 94 47 53 48 88 8 11 34 34 59 47 60 11 87 84 7 99 10 56 88 20 60 74 23 8 30 77 33 70 11
8 21 90 41 90 93 96 9 35 89 50 50 70 41 95 54 81 21 93 93 62 86 64 9 8 70 85 94 57 65 20 53 67 59 86 15 13 70 18 57 23 22 71 69 73 14 80 68 33 37 93 87 22 90 25 94 1 32 50 43 40 66 24 47 50 12 18 45 35 1 23 33 32 79 69 7 57 5 18 39 28 99 63 38 86 50 90 39 49 61 29 92 6 63 66 18 24 87 71 93
46 27 61 22 81 96 67 36 30 50 10 17 1 43 78 89 33 90 7 81 31 18 10 88 70 89 47 52 48 43 46 65 34 13 83 8 27 94 30 83 89 56 1 9 35 91 91 54 98 63 7 78 7 45 24 3 24 33 87 57 70 49 36 88 96 42 95 96 75 12 73 74 80 7 98 94 24 38 55 73 56 23 91 70 14 32 15 18 91 5 38 11 13 2 43 98 85 36 20 81
48 8 40 99 25 94 11 50 12 66 85 11 67 71 50 61 89 81 54 18 89 28 59 61 29 29 33 95 32 32 8 38 3 48 90 38 59 78 88 87 42 43 15 10 94 2 79 66 45 39 54 12 86 96 6 36 4 49 63 8 98 42 83 42 58 46 23 47 90 89 38 95 24 23 62 98 51 86 75 46 55 68 51 45 35 55 97 63 58 9 8 32 97 77 28 19 87 5 37 18
58 56 36 69 79 88 29 67 97 57 60 4 72 82 44 89 89 67 44 78 63 86 24 76 62 79 65 32 92 62 76 65 56 40 39 70 85 77 36 9 64 91 50 12 39 72 96 28 24 28 44 33 29 6 40 62 21 65 18 15 9 86 18 3 18 45 77 24 23 63 96 76 57 36 18 18 78 65 94 76 54 15 42 37 19 55 68 88 9 56 15 6 73 83 51 94 33 8 30 78
41 17 1 82 54 6 3 22 44 46 88 96 18 77 35 46 69 48 31 88 77 58 7 55 2 15 82 5 44 15 76 89 77 77 96 55 3 53 72 87 94 72 12 26 12 86 48 98 89 44 31 76 27 14 21 18 26 74 12 2 8 17 2 37 66 49 83 56 87 77 67 59 8 57 10 99 40 83 42 39 88 40 94 36 15 25 16 47 69 75 68 46 82 25 13 8 52 55 48 88
17 56 47 92 24 90 10 33 63 35 28 39 37 2 95 38 62 18 88 44 72 39 35 70 94 20 38 37 28 68 73 99 93 13 4 9 88 84 72 97 98 41 94 11 79 66 5 84 27 62 88 92 79 51 73 77 17 25 18 54 14 96 82 34 61 30 81 66 6 53 88 94 44 39 11 38 61 60 57 48 86 13 93 53 90 30 80 41 18 23 21 66 45 3 8 37 31 58 58 44
8 93 62 47 29 80 68 31 51 50 51 12 94 74 5 70 7 89 69 27 92 48 40 15 6 83 48 44 97 25 63 97 75 91 13 10 88 99 93 56 54 28 11 92 81 90 53 47 57 63 69 64 40 81 18 8 93 95 51 87 26 42 48 11 61 74 5 92 50 32 12 33 98 85 3 80 96 71 80 91 65 44 98 95 23 97 9 65 51 3 43 6 36 77 46 81 79 22 60 27
92 91 97 85 72 22 63 45 95 65 21 42 60 85 40 14 51 67 6 63 78 37 34 34 92 57 95 50 68 80 93 29 96 17 27 26 50 89 12 32 92 80 98 10 25 86 2 83 39 17 6 56 79 75 39 24 34 76 48 35 70 76 95 78 6 82 75 74 22 48 71 9 85 60 12 63 54 96 25 94 53 45 17 10 93 61 6 34 92 16 38 55 3 29 53 63 7 10 54 63
42 81 71 46 28 70 75 86 33 95 35 64 64 96 2 93 27 48 86 62 60 81 17 66 33 66 63 70 89 89 52 30 26 55 4 95 76 80 34 93 4 27 47 56 4 34 72 57 72 35 86 94 49 19 45 86 94 5 80 77 77 83 34 4 17 43 86 96 57 24 84 53 52 31 76 21 80 90 42 4 53 3 75 34 49 21 62 65 23 18 19 85 86 77 94 20 86 48 14 62
63 76 38 4 28 44 19 47 69 5 31 78 82 12 12 28 58 59 34 61 40 1 38 98 35 57 59 82 33 40 94 54 20 84 71 75 3 39 18 95 35 7 26 69 49 57 13 8 63 92 34 35 82 11 38 59 25 54 53 53 30 6 38 86 63 90 9 49 21 92 71 45 89 98 63 49 2 89 99 24 32 56 22 2 3 84 59 7 60 2 85 24 7 75 41 93 23 43 7 61
96 75 38 67 66 7 70 26 9 9 13 96 5 12 13 19 19 5 46 65 66 45 87 86 43 83 17 94 91 42 24 58 12 98 25 36 23 69 90 89 70 70 82 54 76 98 50 34 11 86 46 97 26 79 13 43 36 99 21 73 13 21 62 5 66 50 97 20 50 7 76 6 65 66 28 16 18 60 75 5 71 24 35 29 93 13 71 84 64 70 89 77 16 57 77 68 80 44 62 65
37 57 86 98 90 78 5 97 17 49 18 84 69 28 47 59 90 14 62 97 57 8 2 46 15 86 81 90 96 89 88 63 71 84 54 4 32 82 56 20 76 73 92 45 9 57 5 98 41 63 62 27 14 10 28 64 79 4 13 26 31 4 37 65 17 68 5 82 55 66 59 8 63 43 66 48 59 17 32 88 12 40 30 41 99 45 16 65 61 90 46 77 78 12 54 51 14 6 42 97
96 97 89 28 24 29 23 83 74 67 47 4 65 15 42 98 37 83 34 2 12 22 84 39 92 99 98 21 41 84 68 92 51 18 4 20 70 62 9 91 79 37 35 67 22 22 32 24 87 37 34 70 31 27 46 88 9 13 77 12 92 88 8 22 6 43 87 45 85 32 45 28 26 94 62 24 80 78 34 68 99 55 12 5 80 68 15 52 74 92 31 38 28 40 41 37 2 43 20 2
37 24 98 15 83 36 43 69 96 81 59 94 27 8 9 68 73 27 36 4 84 24 70 88 98 19 89 13 1 89 61 34 35 51 81 74 30 39 6 68 68 27 74 13 26 58 57 87 19 8 36 37 6 72 10 27 4 32 39 65 31 50 13 49 56 33 66 6 30 33 13 45 33 24 28 25 32 8 81 44 77 81 89 58 63 17 21 47 80 20 33 60 90 27 57 87 6 86 11 4
48 27 36 20 6 39 6 40 28 83 6 31 67 96 28 75 85 14 91 61 63 60 95 46 39 58 40 2 3 18 64 80 70 68 72 67 39 96 27 52 2 32 51 48 9 66 85 29 77 87 91 38 69 98 83 94 39 21 74 79 61 95 19 66 94 85 87 87 7 26 84 82 50 4 50 42 41 78 91 58 91 65 44 61 23 88 9 46 64 86 72 42 47 58 71 35 42 19 24 61
27 31 2 2 53 61 16 58 21 90 95 18 45 95 57 45 74 4 7 77 84 24 19 44 26 19 3 40 21 96 58 78 84 22 31 12 31 11 58 22 12 31 86 29 76 21 71 28 75 4 7 5 55 78 60 56 54 24 20 10 77 26 60 81 71 45 90 54 9 61 13 60 87 56 39 4 42 8 99 2 69 30 39 83 46 7 95 53 27 42 30 2 71 50 33 74 2 27 51 77
