20 100 9175 7.52
34 53 25 20 49 73 77 90 21 47 99 88 19 82 90 48 29 44 59 95 46 8 88 48 45 67 93 9 14 45 79 95 55 92 87 83 97 31 18 15 12 2 86 55 12 52 78 85 20 12 92 43 49 60 27 22 45 46 64 69 56 92 61 65 71 41 65 78 90 20 29 38 75 29 86 22 57 53 75 69 82 97 13 38 58 39 89 37 78 75 41 58 5 58 45 21 7 79 61 95
31 83 95 75 50 77 89 50 48 58 38 27 70 71 57 65 37 36 10 8 26 37 76 6 58 43 24 84 89 94 35 22 39 81 92 2 28 56 68 65 7 77 43 25 75 21 30 74 31 15 42 15 14 25 81 88 92 46 11 6 91 49 66 16 25 25 53 95 51 88 72 39 2 78 18 88 44 51 76 14 85 4 89 66 20 57 40 83 2 87 81 13 77 72 66 70 63 35 46 8
57 91 62 16 89 59 32 55 75 87 72 18 69 97 96 83 44 54 22 99 24 85 43 71 31 28 51 48 83 62 43 32 15 83 29 34 26 94 89 27 28 37 46 88 55 31 50 2 56 97 24 3 28 90 48 81 56 57 48 56 67 94 74 28 60 6 10 67 32 4 91 37 23 97 58 94 12 50 86 78 14 73 47 97 18 30 92 9 51 90 33 74 29 72 29 64 17 43 70 99
98 27 46 92 20 60 32 83 91 20 47 79 77 49 30 32 8 16 86 3 81 63 13 78 52 23 85 79 88 10 67 29 31 67 64 64 56 64 26 65 52 65 59 71 65 75 41 4 54 75 57 78 12 79 35 83 14 8 81 36 18 76 58 43 72 80 47 80 44 5 82 99 87 80 53 91 11 53 23 18 81 34 82 28 57 84 95 52 6 28 14 91 42 21 88 24 97 67 58 3
87 49 71 72 94 87 98 90 34 39 83 83 60 50 36 79 66 76 78 58 75 9 28 52 57 53 84 98 4 19 18 19 95 87 37 74 69 90 69 6 95 80 44 16 1 66 3 22 43 87 56 81 33 88 46 84 40 56 7 92 56 34 56 43 30 5 84 10 53 69 42 45 68 61 82 32 40 14 31 77 3 91 42 72 45 42 58 33 25 84 94 73 40 40 5 75 32 18 43 58
92 94 20 19 75 50 43 9 92 48 80 88 30 23 42 40 87 86 74 91 69 78 91 23 29 88 49 55 85 78 23 35 24 19 49 20 20 21 13 62 27 34 48 49 3 51 48 84 5 2 40 52 84 91 19 54 14 77 84 81 7 75 56 19 57 63 91 53 40 32 39 58 14 94 34 26 40 43 59 7 40 29 66 41 20 11 79 5 1 48 80 25 7 57 53 95 70 23 53 91
23 78 85 46 34 56 57 15 81 24 61 12 33 92 1 60 46 85 26 57 57 76 15 15 43 76 83 94 75 14 99 55 92 10 87 34 76 34 48 24 4 37 28 20 39 20 9 86 25 98 30 86 57 32 95 84 6 26 62 11 86 5 81 76 54 21 80 12 35 78 64 55 10 15 33 69 69 87 39 97 23 93 75 89 3 3 86 49 13 88 13 27 32 66 68 5 27 99 9 57
96 35 81 85 39 91 60 50 85 47 19 15 88 35 94 85 90 89 76 89 86 49 22 12 46 8 96 51 2 36 11 59 34 92 17 88 29 59 42 8 67 18 75 41 54 77 8 88 76 19 84 33 5 93 83 79 19 75 59 72 35 18 64 79 18 21 10 21 88 74 70 11 24 50 35 76 16 85 6 99 8 29 18 4 88 21 4 7 10 31 86 24 80 60 20 62 65 11 41 89
39 62 25 49 47 65 56 10 36 92 10 50 42 3 86 92 34 45 55 23 80 48 15 26 72 93 25 55 56 23 44 1 67 61 62 21 25 90 84 5 92 72 79 23 53 71 80 46 6 98 19 3 91 9 39 51 46 57 45 1 18 54 41 18 36 71 51 94 82 91 36 44 22 3 70 28 51 51 85 39 9 65 25 29 44 74 81 41 14 14 97 11 70 5 20 61 21 44 14 23
91 75 19 73 96 5 32 91 16 7 22 14 50 69 62 50 95 67 62 56 60 17 77 95 62 81 25 27 40 92 4 93 63 7 39 10 64 93 50 94 75 1 35 78 53 33 16 66 16 2 83 29 25 36 31 37 85 10 63 68 55 50 21 26 77 94 69 13 64 94 17 7 84 91 90 23 40 27 5 36 17 52 68 65 23 82 12 64 63 1 59 54 97 45 64 43 86 4 84 56
23 90 93 60 16 38 87 49 28 36 80 16 14 56 95 60 69 53 37 90 64 38 57 9 56 74 38 46 83 30 47 62 14 24 1 31 35 14 86 85 60 60 60 98 80 53 7 65 88 12 63 92 71 31 8 13 82 14 63 44 13 15 41 27 42 58 99 46 47 53 35 7 78 93 55 10 74 44 9 15 6 88 62 81 90 59 20 29 17 3 14 34 10 64 69 7 52 47 71 90
57 3 65 98 91 14 22 78 37 66 88 89 79 20 3 74 25 59 52 93 47 76 64 61 5 93 58 54 78 21 12 29 44 57 66 63 98 41 62 22 49 39 6 4 21 52 96 85 42 54 27 28 37 15 14 37 19 64 45 61 32 55 83 44 90 60 97 4 37 57 25 27 86 46 71 53 88 66 9 50 33 3 23 73 91 78 86 38 31 60 69 3 76 10 67 58 49 12 61 93
83 98 95 63 48 31 77 44 64 73 65 54 52 86 50 39 94 14 88 29 5 41 40 20 77 25 76 42 10 60 75 60 17 89 28 28 12 89 93 59 51 84 5 25 56 19 26 93 35 62 95 41 73 20 18 41 56 62 59 21 4 84 2 51 99 58 35 48 9 43 92 45 81 2 77 66 33 15 62 15 64 75 26 38 66 37 94 80 69 86 90 16 22 99 26 30 20 75 73 29
65 46 89 81 88 53 7 64 80 74 96 80 79 4 69 56 67 78 32 95 26 10 63 38 76 17 4 58 43 37 80 14 22 3 37 94 9 44 65 21 17 71 49 19 75 94 4 2 41 27 6 50 53 2 14 14 61 48 51 28 1 65 99 48 23 88 54 42 15 77 58 40 27 29 35 20 49 64 93 13 14 6 21 90 68 22 91 53 80 42 96 35 58 73 60 69 55 80 34 95
99 44 84 76 25 49 88 77 46 85 35 99 33 68 89 25 61 93 52 45 57 66 90 92 96 16 83 97 64 18 66 78 26 21 26 47 58 11 1 92 32 71 62 57 27 98 39 69 71 32 34 81 87 35 27 54 81 65 49 3 22 93 68 97 5 37 67 53 51 24 89 68 66 10 52 1 99 58 40 4 25 72 63 84 52 24 29 89 60 62 35 92 35 4 31 56 28 66 52 45
57 99 22 38 62 82 2 67 96 67 96 82 6 40 27 12 22 34 48 55 3 89 21 97 31 91 72 72 43 11 30 38 98 9 6 80 54 57 78 10 5 39 9 76 33 44 24 46 18 48 96 5 88 51 56 45 85 38 84 88 26 18 9 58 29 37 66 93 42 76 66 59 11 24 69 67 8 45 96 25 56 31 89 82 56 81 38 82 9 34 17 48 45 54 85 49 55 30 62 55
96 34 42 90 10 45 69 94 60 91 25 23 34 57 22 93 34 6 38 81 74 94 10 54 22 19 33 47 86 82 28 59 35 87 18 28 82 29 48 78 90 19 71 1 64 11 27 41 28 49 52 46 54 34 57 80 57 4 81 19 48 66 91 26 52 36 99 67 83 19 12 23 76 68 74 40 11 37 64 53 77 68 25 51 27 64 79 34 65 37 65 87 40 4 87 99 38 28 55 81
79 58 47 1 88 59 73 50 91 95 18 55 87 89 88 88 46 16 49 81 63 29 72 16 64 92 39 56 30 49 30 41 6 97 71 45 55 48 42 38 13 8 97 51 27 3 92 40 62 15 48 45 66 95 22 53 53 89 10 14 5 84 91 68 69 18 9 65 52 95 80 17 35 33 17 96 53 70 68 28 9 9 77 44 78 17 86 83 37 80 6 2 40 25 3 59 42 30 34 81
93 47 88 33 97 84 55 8 22 15 29 21 84 32 24 9 89 22 54 89 27 20 64 68 39 87 92 15 99 84 66 29 72 77 38 24 6 69 7 63 48 65 47 44 53 44 93 70 11 80 93 43 14 70 57 53 82 68 43 45 42 28 46 69 42 65 37 82 34 83 30 33 34 6 69 26 31 67 48 93 86 35 56 79 65 75 28 11 85 11 81 90 41 1 2 3 25 66 84 89
52 87 8 71 81 75 55 32 15 6 81 65 92 57 45 49 26 22 34 48 8 61 60 70 59 93 64 11 16 56 50 66 58 78 23 60 34 81 35 69 63 76 63 36 24 74 75 59 92 19 73 97 98 63 35 39 32 91 32 83 17 12 90 13 97 77 90 51 96 36 13 35 48 21 12 49 50 28 81 98 53 12 42 44 29 73 32 82 68 38 58 91 46 30 52 91 2 50 8 48
