20 100 9140 7.54
90 90 88 75 54 14 97 76 6 68 62 50 69 96 77 13 65 48 11 23 57 77 10 7 65 81 77 76 94 92 51 31 76 99 29 30 94 75 81 54 64 61 54 3 43 70 97 13 13 69 16 17 28 9 76 25 28 33 97 8 79 98 4 95 67 49 66 80 21 90 53 40 73 60 30 23 29 40 4 40 57 39 51 54 59 47 22 42 16 22 79 93 29 88 18 33 5 1 55 23
84 82 73 46 11 65 94 45 96 26 90 73 26 8 98 22 86 27 57 51 35 7 18 91 31 43 71 17 30 75 93 73 60 65 19 81 1 72 75 81 33 63 15 60 91 83 29 43 30 38 37 41 7 93 60 54 54 47 72 65 89 46 87 78 23 99 48 21 28 45 67 94 17 24 27 99 92 36 68 74 93 52 93 62 8 10 63 63 27 98 20 24 33 73 2 96 25 44 5 51
25 23 62 99 95 73 22 42 1 94 13 73 2 62 13 46 77 28 83 22 88 83 34 28 64 23 11 96 92 51 75 13 9 53 59 45 62 65 50 47 26 70 85 59 90 24 33 6 38 31 53 29 74 22 9 47 92 56 31 79 2 44 53 20 54 83 21 68 69 27 37 72 86 22 36 38 8 15 52 70 13 67 8 97 36 59 30 28 13 81 2 62 39 43 98 44 77 41 70 22
89 17 46 1 80 58 7 75 53 61 67 39 79 50 53 43 88 47 98 66 37 7 94 8 61 5 53 9 26 37 33 18 41 13 93 36 51 53 98 90 10 50 73 17 69 69 27 87 47 17 25 65 89 9 41 59 60 47 29 4 29 61 4 65 11 84 19 66 7 12 98 43 52 63 89 8 53 74 59 88 93 88 4 40 60 28 22 54 43 77 23 61 83 15 56 80 42 71 11 66
61 91 84 9 48 73 45 30 29 53 69 64 43 28 60 79 67 97 28 29 49 1 58 11 10 23 49 77 86 23 35 44 11 38 93 43 99 99 8 43 40 19 40 27 61 41 15 33 56 17 81 77 29 86 11 12 44 27 87 19 5 37 50 15 4 49 11 2 61 64 78 81 52 14 85 33 8 6 16 88 46 83 45 56 3 99 32 71 36 54 94 10 96 39 53 62 73 75 3 29
8 74 25 59 98 52 61 68 92 4 34 73 91 83 32 50 68 64 86 11 45 53 97 63 69 90 82 51 69 84 48 43 17 5 89 42 14 27 42 7 73 48 24 77 55 49 60 45 66 73 37 72 66 24 17 70 27 45 99 14 90 50 89 35 27 66 21 79 14 81 70 32 6 5 51 11 49 71 4 95 43 47 82 73 59 16 10 64 96 48 58 61 88 15 39 31 36 79 56 11
76 75 89 97 14 77 47 58 54 35 57 99 8 60 48 51 33 78 97 62 91 26 34 31 11 60 78 63 27 94 11 64 90 78 14 35 17 78 24 16 54 52 32 57 44 4 7 51 10 83 69 6 69 36 90 15 67 44 88 51 1 90 70 26 93 50 20 81 42 32 52 27 30 62 35 45 7 99 42 19 49 16 21 61 58 18 85 23 59 6 91 88 34 2 45 95 56 94 3 62
83 99 74 55 38 97 9 99 90 78 61 90 3 63 78 38 6 37 45 69 75 13 72 63 28 30 70 16 91 8 48 15 55 43 83 6 76 97 76 61 97 70 31 33 8 25 68 14 82 72 1 15 96 78 55 39 74 94 26 97 11 94 23 14 32 43 83 67 29 28 85 69 64 45 61 30 55 74 16 96 3 72 67 64 68 38 30 74 83 36 12 64 89 20 11 14 36 89 34 69
95 19 84 21 84 47 81 98 36 33 28 22 36 53 91 44 30 77 22 51 48 74 97 61 44 90 8 79 82 22 67 11 80 86 2 94 16 17 48 6 96 25 24 66 31 9 8 82 76 50 76 20 2 92 80 23 67 29 60 97 26 3 84 12 2 15 3 74 78 56 41 46 2 26 29 78 17 28 60 78 66 86 78 92 35 25 29 84 40 83 91 99 35 51 64 61 53 88 87 51
81 90 9 90 72 2 93 55 5 51 91 83 62 85 19 81 20 36 72 69 31 89 61 13 65 67 30 26 45 73 64 66 5 8 4 14 27 83 29 59 36 41 22 91 25 2 21 27 28 18 70 14 31 23 5 59 58 82 35 57 28 9 72 3 71 27 45 90 39 69 76 54 97 41 93 82 21 1 29 44 24 35 95 53 47 80 9 10 23 8 92 21 2 28 18 25 14 17 7 69
75 99 42 40 2 80 37 58 88 64 78 67 93 34 26 77 25 13 99 70 10 36 76 24 6 65 20 63 83 74 39 67 36 82 99 45 53 6 91 13 49 75 88 13 60 85 1 68 65 91 51 73 14 33 36 18 39 34 77 22 55 18 14 36 35 48 20 36 2 66 12 91 44 52 46 51 42 17 78 72 79 18 6 74 50 12 96 84 43 17 25 41 24 3 35 77 35 43 17 70
96 97 99 77 34 23 50 33 87 96 51 66 9 31 33 90 8 89 1 72 92 68 11 94 79 24 27 4 36 87 24 68 29 53 8 37 22 24 76 8 72 6 78 21 72 65 53 73 27 59 64 59 21 39 29 22 10 86 57 1 15 3 21 16 64 97 96 72 42 61 44 27 21 45 71 92 27 40 18 53 42 77 69 78 6 10 55 37 36 75 81 47 53 85 52 26 45 26 10 72
32 3 79 45 83 44 48 44 47 69 56 14 85 28 62 17 73 61 54 31 48 73 10 27 50 9 95 52 76 12 57 24 44 39 27 44 30 80 33 58 3 50 18 42 16 63 56 14 46 49 50 61 42 6 44 29 20 24 59 35 42 71 32 15 61 65 69 52 38 2 36 34 30 51 88 3 31 26 20 3 85 56 26 13 66 45 61 51 25 94 6 34 58 37 96 17 39 89 48 31
83 85 33 80 73 51 51 70 73 88 19 80 64 6 31 70 29 59 93 41 59 5 22 51 75 7 1 56 58 94 1 66 90 25 66 58 58 31 34 78 38 20 16 35 96 71 74 82 51 82 85 20 24 25 90 20 96 79 17 30 46 37 83 6 6 63 54 71 3 43 95 76 54 74 87 52 4 61 90 7 24 73 3 89 29 67 8 69 26 38 87 5 11 94 22 48 61 54 89 41
68 31 28 77 73 12 52 99 69 60 36 64 12 79 86 26 51 49 30 78 11 68 74 73 62 33 41 18 80 4 82 93 40 50 99 69 67 49 83 19 3 86 98 36 56 79 70 69 20 5 77 1 5 58 40 62 34 81 8 92 89 67 39 26 51 10 82 18 38 69 31 84 36 57 85 74 42 57 81 67 57 85 35 28 92 72 42 37 87 28 50 49 19 24 84 32 15 97 15 78
96 34 41 58 33 59 29 48 43 48 86 74 89 64 69 21 61 17 91 57 46 19 45 64 13 71 88 31 24 36 10 67 52 31 50 56 27 28 25 18 67 11 43 92 26 26 50 33 87 54 9 45 18 84 52 47 87 40 91 31 68 39 82 65 50 32 36 69 83 79 89 3 43 33 27 79 93 59 75 12 96 42 31 29 63 51 43 60 23 98 80 60 28 32 30 68 42 50 6 57
20 43 55 85 49 71 38 36 81 9 64 15 53 53 3 13 57 91 83 62 69 13 30 77 17 94 37 5 87 53 90 29 5 21 41 88 71 40 94 56 32 46 32 90 57 70 56 92 41 26 27 96 73 38 5 25 45 74 29 68 66 68 95 45 7 49 18 5 28 84 63 68 48 78 28 4 10 39 62 35 40 32 98 76 39 45 86 52 26 73 73 74 75 77 67 94 44 35 32 62
16 57 70 45 49 85 28 57 13 39 42 31 82 72 42 94 92 91 79 20 16 35 23 5 98 83 41 58 61 56 62 38 13 75 55 15 56 67 79 79 37 2 44 19 7 66 60 1 39 9 16 39 52 67 13 61 62 25 60 3 8 17 62 15 27 85 58 65 30 53 26 94 43 94 31 63 56 15 24 81 58 85 55 51 96 6 5 63 53 80 34 43 88 18 4 46 56 44 35 20
30 75 72 84 96 32 81 73 79 40 49 30 97 76 23 49 7 50 39 69 44 43 40 97 43 21 47 24 54 1 42 95 94 98 84 95 68 21 17 39 68 8 65 68 81 70 49 95 68 7 54 92 40 91 94 94 15 41 28 98 48 49 77 68 19 89 72 38 61 85 71 40 53 70 12 60 33 94 73 6 54 16 46 80 89 66 56 30 17 70 57 48 49 17 95 3 17 8 9 69
78 72 83 83 22 83 85 6 16 30 90 13 30 77 86 41 23 34 33 24 54 94 73 77 51 96 75 14 4 85 49 34 45 37 14 31 87 1 9 75 31 93 5 5 21 76 9 39 61 35 56 91 87 48 45 41 29 56 73 47 44 49 65 40 55 59 69 78 36 88 41 8 81 21 93 33 50 3 38 23 40 84 80 21 94 77 22 61 68 22 65 94 22 81 47 99 39 43 17 24
