20 100 9267 7.57
56 76 87 94 24 90 49 49 61 57 27 92 84 95 17 8 51 52 88 14 5 50 96 82 19 28 37 90 91 80 63 23 89 6 55 17 2 71 64 44 50 27 23 40 24 32 65 30 84 2 70 78 14 47 69 73 37 27 52 89 25 52 89 17 82 63 36 75 98 36 79 14 29 31 78 70 83 35 65 87 50 93 45 52 11 61 43 6 3 96 6 62 63 19 29 79 54 79 40 14
51 1 88 94 33 82 36 61 81 59 62 92 71 60 86 85 87 76 68 85 48 69 95 48 41 64 9 66 79 21 9 2 4 62 17 77 49 57 83 95 43 25 2 72 56 55 56 58 81 58 29 63 33 40 66 97 90 67 63 78 42 83 69 60 92 54 18 15 61 65 46 82 47 36 12 77 57 81 42 73 15 45 94 84 37 19 92 39 59 61 22 9 21 55 48 64 85 71 67 85
41 56 33 48 67 73 30 97 78 38 44 96 53 69 94 59 36 90 8 79 87 36 11 97 37 16 27 56 27 76 10 36 92 36 37 13 86 84 35 54 2 78 36 41 16 47 16 93 26 87 47 27 40 15 38 13 36 23 75 35 25 39 2 45 5 66 36 79 99 54 25 5 93 8 62 46 29 81 61 53 57 18 75 3 24 42 63 84 92 74 43 98 93 37 98 13 89 99 92 79
6 90 58 50 84 49 59 60 73 32 57 65 4 36 16 44 67 41 88 36 9 21 36 30 21 87 56 1 44 59 67 71 93 83 96 53 18 22 94 12 37 30 71 34 53 76 98 63 65 84 28 99 86 78 31 22 85 7 51 27 22 58 43 79 27 32 17 27 58 47 43 20 5 43 16 48 90 61 1 24 72 85 91 16 69 61 38 96 10 92 9 78 75 79 89 41 49 44 75 36
37 8 86 57 75 33 72 3 21 50 49 8 7 44 93 59 79 83 54 31 71 31 98 19 76 34 36 44 60 68 69 77 54 64 98 9 21 40 61 59 66 7 77 41 31 48 93 79 66 6 12 32 6 58 46 36 61 5 42 97 12 41 69 65 32 41 60 88 92 43 71 6 55 96 80 92 29 74 3 81 10 32 79 57 75 93 86 72 25 34 49 51 66 18 66 21 48 12 46 31
52 75 1 38 65 8 36 71 46 59 83 93 88 42 88 20 76 18 84 42 38 61 95 96 12 3 28 72 63 40 5 32 69 65 44 10 84 27 49 55 3 63 32 93 75 47 48 75 49 14 78 22 34 88 3 26 6 20 92 9 26 89 6 9 16 6 78 46 38 18 32 84 71 33 14 86 45 43 32 86 5 46 30 74 48 25 9 20 5 37 81 44 79 55 52 11 68 64 4 42
94 49 76 35 41 27 19 61 62 7 98 43 39 35 65 24 83 21 67 51 21 27 84 59 31 83 11 82 38 90 3 51 3 18 45 2 9 5 18 95 14 46 51 86 80 25 23 5 90 12 84 12 79 43 68 21 9 52 94 82 1 37 55 86 19 28 82 73 48 61 87 99 20 59 74 78 9 28 23 64 38 18 91 45 62 57 61 98 15 43 55 87 93 4 17 61 90 84 74 51
78 3 21 82 26 74 17 49 16 43 41 16 97 33 22 62 44 85 15 72 69 49 68 51 69 74 44 47 15 24 72 82 66 17 49 54 94 78 3 30 7 76 82 28 19 39 23 52 76 22 9 26 18 2 95 54 90 91 4 22 15 85 15 83 83 81 65 32 57 87 55 75 57 92 57 55 8 8 71 31 66 88 84 23 85 6 86 36 20 59 60 89 42 63 66 28 92 24 81 72
46 91 57 71 50 37 32 55 98 6 96 86 34 64 8 36 75 71 11 79 89 76 3 44 64 26 59 26 3 26 65 20 26 27 59 59 93 99 7 76 53 35 20 32 58 27 89 7 26 33 1 84 54 84 63 33 78 16 22 82 56 57 51 32 8 21 20 73 83 70 87 25 41 57 46 13 63 90 37 50 65 50 62 8 48 83 4 55 99 72 34 53 18 81 3 57 28 4 67 79
98 80 68 75 99 23 93 65 99 45 32 11 73 50 70 34 5 97 97 67 35 19 22 2 70 13 54 61 19 22 99 59 62 47 8 79 50 64 31 3 96 48 59 24 58 36 53 4 39 17 32 95 16 65 28 20 58 93 26 12 3 10 71 40 1 7 73 67 78 88 76 28 16 61 29 98 11 77 5 61 64 91 67 21 66 61 63 61 42 14 23 14 14 28 31 29 53 65 75 67
40 68 80 62 75 59 7 6 42 6 29 79 76 85 98 74 40 27 56 90 24 85 78 20 93 39 33 7 48 42 55 35 17 53 21 68 7 88 96 11 30 37 35 94 54 62 14 79 37 86 54 60 25 40 34 39 6 19 36 64 74 83 27 2 76 82 63 33 48 64 74 52 32 63 5 59 60 64 6 4 13 98 45 59 80 28 61 93 80 17 69 82 19 71 37 58 4 53 65 90
53 51 97 31 44 16 95 57 35 23 17 96 70 13 22 90 26 87 66 72 56 91 4 85 85 49 79 50 5 44 8 50 13 70 81 22 59 6 8 48 57 82 50 65 13 64 80 41 35 4 83 97 74 49 11 51 81 21 36 98 59 34 47 63 13 56 7 83 69 54 12 8 55 95 37 31 7 73 13 16 31 33 83 23 26 73 74 17 6 9 66 44 42 55 38 3 9 87 26 72
45 99 96 94 18 80 87 90 55 42 89 76 33 96 59 21 20 44 58 43 8 93 59 3 46 10 86 18 47 24 29 52 78 94 18 81 97 47 71 30 64 2 52 35 21 98 77 87 74 81 91 90 13 23 13 9 26 91 82 17 42 48 60 11 97 13 55 9 76 90 15 44 27 29 47 97 50 21 79 37 52 30 80 65 59 64 99 15 30 46 77 22 47 12 68 27 54 10 74 43
64 69 57 93 72 47 96 94 81 95 55 24 96 30 96 16 50 60 48 95 38 43 35 25 38 81 9 59 97 23 50 76 86 82 88 79 35 65 54 27 70 80 76 84 12 5 7 9 18 87 98 69 9 15 86 25 76 92 1 76 61 44 56 35 16 59 49 12 3 61 92 96 33 92 21 47 17 60 79 97 74 90 89 9 90 26 9 39 65 96 39 90 42 14 59 3 51 46 17 95
85 79 50 33 83 70 85 89 51 76 69 58 62 52 54 94 36 23 65 38 87 33 21 87 97 75 73 76 41 80 67 7 3 9 7 71 58 23 38 29 65 23 7 24 73 6 27 86 17 93 35 65 2 88 75 31 93 1 86 20 72 35 1 14 3 99 48 15 1 82 41 7 33 93 8 6 97 17 87 35 49 50 48 97 27 99 98 18 80 46 97 90 89 14 30 22 64 70 92 38
92 39 70 43 66 47 99 55 97 83 98 78 31 94 57 88 8 98 92 39 59 33 20 16 20 91 12 66 58 61 50 79 19 71 12 33 26 96 74 21 92 21 79 80 40 2 8 38 7 14 69 3 93 68 1 57 1 54 60 13 65 5 22 34 55 14 95 93 81 73 76 57 48 93 82 53 66 58 6 1 5 86 33 6 50 44 52 23 36 27 16 24 31 23 18 95 39 98 42 39
94 89 66 22 58 83 54 72 78 94 47 12 83 37 33 94 33 61 29 54 29 65 94 83 46 84 58 17 89 3 91 12 6 39 98 51 52 19 27 73 28 8 12 39 73 36 91 90 91 1 68 48 31 47 48 45 56 78 63 92 22 4 32 75 62 4 78 86 10 97 15 92 52 61 97 6 55 85 4 15 20 52 13 47 48 10 25 45 27 30 30 4 53 23 26 6 77 83 32 54
54 91 45 89 68 95 93 54 99 84 12 11 23 61 63 22 87 30 48 80 97 93 56 77 96 28 37 3 84 68 35 27 84 28 40 14 28 48 2 13 39 70 27 93 61 2 68 74 41 94 10 98 8 21 60 70 42 49 28 29 37 44 28 2 25 13 14 99 83 68 73 22 69 86 74 79 86 77 64 84 43 67 79 10 21 10 45 15 16 91 85 70 70 80 6 2 24 4 1 80
92 40 12 51 94 94 42 82 12 84 14 73 37 33 97 68 1 28 29 18 83 59 89 40 5 79 55 94 6 1 62 32 47 4 3 77 79 37 6 6 75 77 32 43 83 42 16 14 63 68 29 38 66 87 81 91 75 10 78 98 18 15 16 4 43 89 35 72 39 72 83 76 5 88 54 7 94 65 10 16 90 81 17 25 83 19 90 2 45 35 28 27 31 91 93 28 28 38 55 18
39 35 46 79 48 74 3 57 34 61 73 84 24 5 7 34 68 54 94 31 94 18 17 85 27 24 33 67 30 24 78 62 9 82 45 23 11 19 86 43 16 30 62 80 26 68 5 52 38 85 91 95 85 45 60 7 21 19 18 43 37 36 18 56 53 81 4 9 80 54 31 91 96 21 41 9 86 5 69 30 60 28 8 50 68 81 38 61 32 66 38 8 48 49 66 19 1 37 7 31
