10 200 16287 24.42
3 64 86 9 45 40 36 19 98 70 69 86 63 94 50 57 68 64 32 27 93 61 87 14 79 69 56 24 89 81 81 40 61 61 69 67 34 31 14 70 83 85 83 78 91 7 23 79 57 78 62 98 73 56 49 73 61 91 73 5 78 7 81 83 71 29 81 35 75 65 14 67 19 1 13 33 9 22 38 46 79 71 92 65 89 25 6 77 27 62 40 62 67 64 64 58 88 71 11 62 53 86 68 74 22 28 37 95 86 7 92 94 46 37 74 79 17 36 57 1 54 55 71 49 12 87 59 34 39 78 20 65 58 48 95 55 3 17 16 75 30 14 59 70 4 3 40 7 2 68 62 59 60 87 12 19 59 41 13 42 62 51 45 60 3 10 88 55 49 43 46 90 95 90 56 83 87 19 6 41 53 95 90 62 44 52 34 6 71 18 11 3 82 35 69 91 82 46 67 70
48 20 95 86 44 75 78 99 54 95 92 40 71 80 48 57 66 82 17 36 19 87 49 60 98 94 79 81 90 56 65 35 44 24 77 43 42 66 80 88 93 46 16 78 58 14 86 76 98 15 89 64 27 58 73 93 77 97 2 80 86 47 45 33 29 47 24 99 64 43 38 88 38 30 96 80 14 75 82 19 60 81 58 91 75 79 79 67 43 96 61 90 47 64 23 58 89 77 86 55 51 6 31 89 2 66 26 99 99 53 18 5 48 67 14 67 29 63 13 24 43 70 71 16 31 50 53 28 66 32 11 8 1 42 50 56 80 30 31 3 95 51 5 2 67 72 95 49 13 61 13 34 88 9 12 54 53 14 6 71 58 22 30 7 72 26 36 24 10 43 16 86 12 49 31 28 38 58 69 26 3 82 1 39 21 53 51 28 41 52 56 3 66 76 6 68 42 27 16 95
93 63 78 93 12 53 91 68 79 27 92 60 39 8 66 52 36 30 22 93 51 86 74 67 69 14 37 72 97 74 48 89 23 18 58 1 88 70 79 88 25 58 89 22 17 45 23 7 86 78 28 96 67 81 63 88 96 34 5 88 28 69 4 49 33 65 58 46 95 51 35 20 14 30 54 22 1 14 55 50 59 6 7 95 48 48 81 26 8 37 29 16 53 58 45 96 96 16 67 71 66 34 44 63 88 22 82 90 7 99 44 42 9 28 31 32 21 98 88 34 81 69 45 21 72 49 92 29 78 59 47 59 49 39 40 1 40 28 86 93 72 62 1 19 90 6 2 22 88 18 50 7 7 75 55 82 6 75 71 58 7 49 73 19 6 43 41 91 10 58 88 25 20 87 17 50 48 7 19 10 57 52 2 44 80 3 71 62 56 58 61 93 11 47 90 28 17 73 99 27
63 73 51 96 96 54 28 65 68 90 1 95 67 81 46 70 59 73 70 78 67 13 40 57 23 16 37 82 96 57 25 96 32 88 64 44 32 23 34 86 59 13 69 55 50 60 13 30 70 93 63 82 13 98 28 18 96 40 73 70 61 1 99 78 64 65 79 16 20 99 34 48 54 79 77 43 72 7 69 86 1 10 73 59 26 30 20 19 61 48 64 43 96 16 14 94 51 17 94 59 2 44 13 61 57 23 67 17 75 72 11 33 6 9 88 97 74 9 82 77 59 44 61 77 3 6 43 55 36 29 4 15 81 12 96 31 40 15 56 40 94 64 85 36 20 84 46 14 3 4 55 32 60 1 21 37 57 49 98 29 25 44 25 17 84 49 55 94 30 83 49 52 11 29 75 68 48 31 19 53 18 38 92 10 21 90 20 46 91 67 13 57 98 76 23 51 97 32 43 90
98 23 75 67 65 38 98 22 43 89 58 86 38 57 64 41 65 69 83 18 36 69 44 71 62 60 56 93 37 84 96 79 69 28 50 80 54 48 6 87 90 48 52 55 11 75 74 41 12 32 94 46 82 31 38 79 40 71 83 78 58 86 1 54 66 5 88 36 92 81 57 42 64 33 1 56 67 53 60 75 72 70 71 59 70 31 18 14 87 33 50 66 46 21 94 36 25 6 48 36 91 65 12 19 17 85 82 75 71 79 22 25 3 57 30 69 85 11 8 97 45 14 81 77 48 63 42 67 39 23 69 68 56 36 9 17 55 52 19 68 48 16 16 13 19 61 18 1 38 36 2 83 57 93 54 36 8 27 5 57 2 5 62 26 61 56 67 21 2 81 67 71 28 82 93 41 1 39 93 5 92 39 56 20 56 78 72 49 19 27 38 55 49 11 39 24 7 37 89 89
28 87 69 94 99 3 72 92 70 57 25 8 98 25 92 30 80 59 34 62 52 79 98 29 27 94 23 35 82 45 71 18 89 68 48 28 95 37 13 94 34 18 12 57 57 70 45 71 66 56 15 13 74 38 73 95 7 64 80 44 21 67 91 4 98 47 10 8 74 20 4 85 64 72 61 30 85 19 64 31 28 32 78 60 12 51 60 42 77 23 80 54 36 7 29 84 96 84 89 15 27 87 82 56 2 83 44 19 86 10 96 82 53 10 1 81 71 38 94 18 50 14 51 54 46 70 41 55 59 29 6 45 46 18 58 3 29 5 46 72 78 79 40 82 9 24 60 19 30 28 17 17 12 2 32 31 43 86 47 47 5 42 43 69 24 46 52 17 74 35 68 95 78 35 37 68 10 70 61 82 62 48 4 17 42 85 20 4 3 33 33 12 52 69 2 24 71 91 8 57
36 97 82 45 91 26 86 28 50 68 34 86 71 20 64 30 86 48 38 91 60 94 68 78 48 38 85 99 83 74 30 94 65 6 25 75 76 81 32 11 57 7 25 17 55 4 43 69 12 83 11 87 53 89 43 21 90 51 12 52 47 34 21 28 56 47 70 39 34 43 81 24 78 1 86 93 76 84 39 57 24 47 50 23 24 98 67 48 9 14 2 74 93 27 94 99 82 63 63 2 93 25 63 53 43 28 43 89 2 36 44 89 93 83 32 9 11 78 13 48 69 59 26 99 97 14 95 11 36 47 71 96 45 73 25 56 3 53 29 82 3 72 3 43 83 36 6 15 77 45 10 32 6 88 16 49 47 27 80 29 26 44 37 31 36 40 2 15 49 69 44 13 15 4 44 68 67 33 23 27 62 13 4 63 69 39 83 60 66 53 37 58 59 74 12 98 50 82 78 68
52 67 66 39 20 32 90 24 9 74 84 90 91 95 18 43 77 93 27 75 78 47 8 74 45 75 76 84 92 62 39 88 87 41 88 67 64 72 97 8 60 21 92 3 58 81 30 83 23 52 60 13 30 94 74 72 1 28 63 99 38 59 68 90 76 30 12 67 79 10 13 67 19 90 47 54 6 71 37 85 76 59 11 66 52 98 57 42 59 41 61 44 45 88 91 43 9 50 70 10 67 43 99 26 38 39 65 58 1 47 23 79 25 99 8 57 18 3 50 85 39 71 25 67 12 95 40 59 89 10 80 88 55 59 16 62 78 55 91 81 24 8 12 60 15 17 95 48 19 54 71 21 90 51 34 75 60 22 36 73 9 39 18 41 17 63 62 59 14 15 51 52 91 39 43 66 10 54 1 51 53 59 55 86 49 91 39 96 40 68 14 2 46 66 91 92 9 30 32 74
67 67 8 20 68 36 27 31 51 77 86 13 69 23 72 58 64 47 75 64 96 90 12 35 93 81 68 37 54 89 88 99 94 4 85 92 33 29 80 43 20 78 72 49 53 69 32 32 44 39 9 65 39 46 16 83 35 23 47 24 21 96 28 40 3 24 83 97 35 40 71 74 64 5 83 65 4 45 16 10 90 35 19 1 97 81 63 49 68 74 28 11 45 22 10 22 3 46 76 51 23 68 52 10 46 99 44 8 48 7 85 51 70 14 46 28 48 26 99 85 36 69 50 66 29 33 59 98 20 53 87 13 11 57 46 76 47 81 13 1 29 45 47 4 30 26 6 43 21 19 40 4 13 47 18 87 36 47 31 46 38 92 73 44 26 59 89 1 95 69 78 37 45 80 68 25 62 24 92 26 65 24 90 55 92 52 61 13 48 24 79 42 15 21 72 25 47 94 4 77
67 55 86 16 48 68 62 80 84 11 76 48 7 61 77 60 89 25 95 55 90 15 70 79 76 81 60 82 34 52 11 39 24 71 54 22 69 26 21 60 50 44 60 35 15 72 63 7 69 37 8 52 89 19 6 18 44 60 6 53 62 25 66 19 27 94 6 80 4 64 79 1 33 71 37 41 80 69 39 53 53 66 83 9 8 2 99 89 64 16 34 88 67 79 40 8 19 33 23 29 49 62 19 52 44 26 51 60 91 51 87 55 81 4 19 9 13 67 17 33 57 47 82 84 85 28 5 16 32 67 38 69 25 38 42 23 77 47 61 14 42 1 47 71 50 24 96 69 60 21 87 58 1 53 7 23 86 28 10 83 30 73 27 23 24 91 91 29 27 36 10 90 71 20 65 11 68 44 51 10 56 95 97 54 62 97 49 6 77 50 78 70 15 58 31 14 1 51 7 11
