10 200 16258 24.42
70 71 84 47 74 80 69 94 93 49 86 97 52 86 47 48 31 20 56 68 97 60 84 46 64 92 17 94 34 3 96 13 61 11 39 68 80 73 82 19 19 83 52 67 81 3 94 56 84 92 44 40 58 75 60 5 81 97 78 19 44 3 63 30 5 2 86 72 69 77 8 59 49 5 34 80 18 5 44 46 17 82 46 23 57 48 47 17 19 64 78 59 62 67 82 67 18 29 30 12 21 24 80 21 73 1 17 86 54 77 93 57 68 47 72 5 49 94 23 8 20 84 86 90 17 71 93 6 76 92 46 49 17 58 97 55 23 99 66 23 61 42 17 88 39 38 16 35 55 64 59 59 40 4 15 20 54 53 2 44 67 30 95 63 30 42 84 43 30 82 79 55 8 2 97 75 3 5 46 27 68 56 21 75 6 19 9 44 39 6 22 24 66 25 35 72 50 70 61 49
10 24 11 58 40 59 95 78 61 89 26 35 82 70 75 68 68 51 55 73 28 94 53 28 59 43 29 15 87 87 10 87 26 83 11 80 87 72 36 65 91 65 21 78 51 10 62 64 34 49 78 57 23 85 15 11 78 30 98 45 77 8 62 10 13 38 10 89 29 64 81 84 26 73 7 82 75 56 89 14 2 56 36 95 55 87 32 54 84 43 15 75 67 37 68 16 27 89 65 92 70 91 49 6 1 80 72 15 39 6 27 46 88 78 44 81 39 15 37 94 76 18 68 47 61 59 12 79 18 76 48 12 61 75 55 51 2 57 75 92 16 38 10 89 12 72 69 24 31 22 58 75 32 91 74 46 35 43 21 74 48 6 93 86 36 44 84 28 53 98 5 89 89 21 61 41 22 68 35 19 13 5 89 53 61 31 69 22 8 13 18 30 98 84 23 11 56 73 61 89
72 67 42 90 65 53 4 27 19 12 19 30 79 13 97 81 2 92 12 23 48 73 93 11 69 94 19 46 68 18 96 15 4 85 55 94 36 77 68 53 75 62 64 75 88 30 56 12 96 87 25 18 92 17 92 51 16 39 17 33 43 96 16 3 84 82 50 7 2 89 61 10 4 8 69 97 57 27 13 24 1 23 2 10 66 81 54 76 45 91 30 57 63 7 13 44 40 64 43 53 67 10 30 13 66 93 26 70 4 4 3 52 20 37 46 23 5 53 24 51 7 52 42 35 82 11 6 53 74 48 53 1 28 4 3 7 2 3 43 93 54 13 55 20 18 10 25 4 66 4 34 52 34 69 6 42 95 20 72 14 22 8 12 13 26 3 46 44 4 9 52 78 9 72 37 52 54 19 46 24 43 65 97 69 43 30 27 44 63 3 8 35 52 88 28 16 73 81 16 12
71 72 89 45 11 93 74 49 29 51 24 74 69 90 26 78 58 60 96 19 63 5 77 42 1 93 40 4 29 32 94 9 93 97 14 28 24 9 46 90 34 91 95 41 4 62 83 88 89 78 98 91 49 57 34 94 52 38 55 35 83 28 86 46 17 39 70 35 67 8 56 52 17 42 30 13 49 94 84 43 52 50 10 92 93 50 29 16 94 12 28 66 3 64 14 22 74 45 10 7 16 31 72 46 3 52 67 71 90 53 27 30 66 97 36 67 9 22 71 27 49 57 30 88 76 58 46 89 29 1 91 49 81 7 22 29 41 8 52 19 23 71 3 5 12 84 79 58 42 81 5 80 99 74 99 45 6 16 17 75 28 64 23 97 67 55 7 37 55 98 67 53 25 17 30 19 87 31 38 27 33 47 15 94 84 29 36 59 76 23 5 51 84 80 36 33 61 87 35 51
46 83 93 83 87 4 62 58 34 34 46 73 27 51 85 91 58 50 31 92 84 27 34 88 40 1 73 53 26 43 44 87 40 73 99 99 55 85 99 51 95 56 99 71 20 54 66 63 45 92 21 28 36 77 19 24 21 25 88 50 46 36 78 36 30 19 94 57 10 11 16 51 21 87 29 15 75 82 7 80 52 79 47 78 46 59 98 5 64 52 20 67 43 55 89 77 43 8 98 15 10 20 69 55 53 44 39 68 99 37 58 15 45 16 49 41 4 86 2 80 73 25 75 11 65 92 13 64 28 27 4 19 41 84 95 31 75 7 58 78 20 48 71 40 30 68 51 61 75 91 29 33 93 3 26 48 17 69 14 14 39 30 65 16 21 48 45 92 22 25 42 71 60 14 20 13 13 17 11 16 75 55 21 52 44 1 1 96 12 92 91 98 16 2 15 82 99 62 87 34
44 65 84 44 24 76 16 69 55 8 74 40 55 92 49 17 92 95 55 57 69 65 11 83 84 64 23 88 83 85 99 32 71 45 62 59 58 14 12 92 67 6 77 24 83 95 64 24 7 74 27 20 34 25 47 73 49 92 9 74 48 99 90 67 65 8 23 13 52 86 37 56 65 61 88 59 65 41 23 87 86 15 15 38 88 17 18 3 61 46 97 53 67 86 69 51 26 88 50 51 92 66 21 35 82 87 78 91 19 47 69 4 34 52 14 28 60 28 11 73 40 39 27 18 45 41 40 5 83 36 85 31 65 85 5 93 42 49 58 65 7 15 19 89 46 23 55 3 47 51 40 9 10 37 90 63 88 58 17 52 81 3 22 62 18 3 94 87 38 55 72 3 43 17 98 40 65 79 34 27 56 51 1 70 96 10 10 78 14 42 60 69 46 19 53 86 77 80 9 8
35 72 70 18 91 72 2 52 83 62 86 81 39 74 86 49 93 57 77 88 25 37 74 89 56 79 99 43 95 15 6 32 21 17 72 69 17 77 69 55 86 13 20 8 87 17 20 27 94 14 40 81 1 30 47 5 83 32 61 97 9 88 9 91 44 92 54 90 40 7 77 30 30 62 89 72 35 9 85 39 83 36 24 81 38 78 15 75 70 50 16 51 82 60 27 33 82 93 65 96 27 58 64 80 24 93 28 10 28 71 68 92 79 53 7 28 56 84 62 46 64 7 32 33 31 10 67 46 54 8 31 71 85 45 33 10 6 86 22 11 70 62 98 73 51 25 28 71 68 22 69 91 47 77 36 10 5 22 82 19 52 31 28 48 48 96 51 68 4 92 54 59 32 82 28 21 9 83 51 32 57 29 23 6 53 42 80 75 39 64 78 36 56 43 78 7 28 8 11 62
69 67 81 83 79 79 92 26 78 94 63 92 83 59 74 26 49 94 84 11 61 40 88 95 17 72 98 66 27 77 57 85 2 7 27 1 47 86 19 36 1 72 35 82 76 58 12 46 27 29 39 95 67 95 7 59 67 40 71 90 72 55 18 21 38 71 67 96 62 94 95 80 3 63 6 28 6 86 96 50 89 75 83 78 8 5 63 69 17 22 92 30 2 66 6 98 28 39 23 64 4 93 33 75 59 34 15 26 73 25 87 56 71 45 80 48 86 44 39 44 33 17 72 99 19 91 54 71 7 8 21 43 31 42 87 92 88 32 26 34 55 30 8 74 28 83 10 42 34 46 45 47 31 27 49 4 90 24 53 85 53 57 50 15 10 59 41 44 70 44 22 59 16 53 73 19 28 26 86 14 67 71 52 93 82 31 26 10 19 38 6 39 97 42 58 62 1 64 69 94
86 82 76 75 96 83 59 28 51 89 26 62 92 59 25 97 85 18 38 52 83 57 74 32 78 49 67 35 88 91 2 99 88 65 48 80 59 73 90 81 57 52 37 77 33 29 12 59 17 4 30 73 44 63 80 98 59 70 17 47 68 47 99 76 40 80 85 3 83 77 55 71 55 81 73 93 43 80 26 63 52 45 62 9 23 54 65 48 89 97 82 62 72 32 53 22 60 68 80 30 95 78 72 7 67 85 2 2 23 28 81 70 16 3 6 94 35 11 68 38 91 15 58 15 42 8 45 77 29 73 21 80 5 64 36 27 94 9 53 8 24 75 49 37 83 19 59 11 98 69 40 25 51 98 53 24 6 10 38 84 9 42 57 54 49 3 18 26 20 29 98 16 47 38 24 31 44 37 12 6 13 13 60 34 51 55 36 5 79 59 50 4 33 5 65 27 43 21 52 89
93 86 93 41 32 50 77 71 87 61 64 47 20 48 83 74 59 67 88 68 58 82 99 12 38 62 90 46 45 82 58 92 78 91 55 97 65 16 99 32 1 66 30 93 14 68 39 69 62 82 78 71 99 84 71 3 57 62 68 54 45 79 22 88 30 11 49 51 22 76 26 56 59 34 59 86 17 70 94 11 45 39 37 34 18 65 23 87 48 67 63 20 42 99 10 44 65 11 78 13 37 40 51 34 37 49 43 53 8 92 14 19 26 35 67 36 37 91 42 59 5 9 2 27 56 72 20 48 95 34 98 10 41 35 19 38 15 30 72 75 94 6 10 34 90 6 3 81 98 86 28 30 25 73 93 78 60 79 38 10 70 19 69 60 29 13 49 12 17 47 8 11 61 38 27 19 39 3 59 97 52 8 52 60 35 55 73 76 31 52 99 6 65 39 40 58 18 3 13 61
