10 200 16297 24.38
47 33 93 63 81 89 48 22 61 48 65 47 30 88 78 99 30 59 83 92 93 85 94 35 67 60 33 98 62 92 57 92 20 67 50 79 91 59 43 61 24 44 33 75 40 73 40 69 67 75 91 65 56 92 68 21 10 61 60 89 45 30 6 65 97 81 4 91 35 82 51 10 90 82 50 35 87 17 29 66 48 42 93 2 36 88 67 53 5 41 8 56 48 63 33 3 41 61 79 11 60 46 21 81 54 31 92 80 43 36 90 73 79 56 29 36 28 18 83 57 34 84 59 69 14 65 95 55 81 45 30 15 96 77 57 88 41 80 19 3 33 88 88 9 36 28 21 73 83 16 41 3 74 76 54 91 67 73 84 99 8 1 78 46 82 80 32 31 27 21 79 21 66 8 95 93 33 36 50 14 49 79 6 70 76 44 53 10 71 2 57 40 14 25 46 16 38 38 8 48
7 85 2 99 18 56 68 16 72 80 96 42 87 33 9 34 43 48 24 98 83 37 34 64 89 56 83 41 49 49 93 60 87 42 37 80 54 37 68 36 60 74 20 90 57 18 41 86 73 25 87 27 5 93 55 87 80 56 85 93 70 29 35 98 31 28 51 14 78 80 8 54 68 46 96 78 81 83 68 52 77 5 97 77 17 7 29 26 44 77 72 89 10 20 56 48 80 6 7 46 48 54 80 39 26 87 77 16 84 58 96 49 55 78 38 84 49 57 11 9 77 81 87 40 17 96 99 95 76 90 40 75 32 23 53 71 67 91 16 43 18 21 18 25 79 63 43 21 15 63 19 21 24 39 26 5 32 9 63 12 59 80 69 41 2 79 57 63 37 64 74 70 80 72 32 34 15 2 64 22 22 53 19 7 7 25 93 37 81 6 79 54 6 11 65 32 28 35 10 80
85 66 38 73 72 39 55 98 37 52 3 62 63 78 89 25 28 51 33 37 95 92 82 23 90 61 22 81 95 41 56 55 46 75 77 56 43 1 75 96 39 32 93 69 64 16 99 17 45 58 41 83 92 9 95 51 24 7 22 65 31 2 16 44 12 83 18 63 11 71 40 57 51 45 52 61 19 11 99 4 48 6 73 29 29 18 31 22 93 72 58 53 62 63 64 87 63 45 72 6 1 11 83 32 55 41 12 36 99 30 84 12 79 53 70 36 25 58 24 89 94 8 8 59 15 72 4 60 33 87 6 21 42 90 87 43 13 58 31 26 48 33 19 12 39 42 86 25 72 90 20 25 36 69 55 51 86 3 68 48 67 13 30 13 13 17 27 22 15 44 17 7 42 4 86 19 32 49 79 42 8 44 27 65 42 23 10 50 3 67 49 13 99 47 59 31 43 46 91 52
80 63 66 10 68 62 81 51 59 57 79 71 76 51 25 22 86 79 70 52 39 57 72 40 23 79 45 57 83 29 67 95 38 77 49 87 98 58 10 60 28 10 59 90 20 21 46 55 10 56 99 65 90 92 77 89 84 79 64 50 1 32 76 43 75 78 4 20 76 63 86 51 99 53 63 44 49 46 66 51 28 16 31 58 44 48 36 65 20 53 5 64 84 7 44 80 31 79 62 8 11 93 54 11 8 77 17 29 39 35 55 76 15 69 4 41 29 17 91 2 83 40 73 31 82 1 73 9 95 5 3 31 69 52 59 4 54 9 58 81 15 98 1 29 19 59 34 24 4 67 54 45 2 18 8 76 30 14 9 2 60 40 80 96 24 49 40 37 76 12 91 16 31 89 31 73 7 39 49 4 8 9 3 82 12 9 56 27 54 17 6 40 42 99 59 11 81 88 78 57
73 98 65 87 35 16 56 73 32 97 75 80 21 39 27 87 90 35 58 18 91 75 9 89 53 47 97 57 81 1 86 8 79 70 53 60 69 35 41 34 99 89 73 38 31 72 76 43 75 65 38 93 93 61 87 45 20 7 61 26 39 67 45 47 87 57 67 79 5 32 9 78 43 80 93 77 74 34 46 36 72 59 27 36 92 44 64 57 21 4 93 79 15 60 90 7 93 1 1 12 44 50 17 75 76 67 88 86 66 4 10 98 64 72 83 36 89 46 88 28 90 51 41 20 53 9 8 88 55 53 95 96 73 75 35 99 30 28 91 64 52 23 99 52 71 36 65 4 72 54 99 10 25 38 76 45 6 75 15 50 10 10 85 13 61 38 78 32 32 43 92 72 23 7 84 94 42 75 56 2 60 19 47 15 11 12 21 84 5 12 30 96 79 43 35 70 39 52 49 97
95 72 70 86 73 86 95 14 44 75 56 13 82 92 15 98 87 38 82 84 80 58 65 91 16 19 35 88 9 64 52 63 94 41 77 79 82 82 14 27 41 94 79 64 16 13 34 56 19 81 15 15 35 56 49 92 26 82 88 77 74 31 53 45 75 33 94 93 86 51 85 59 69 50 90 49 5 81 69 76 16 21 3 57 85 77 12 21 97 91 25 97 16 71 79 80 14 34 89 83 14 92 39 12 25 27 28 48 59 3 77 45 43 61 67 64 97 76 56 57 22 35 62 62 21 12 91 88 21 3 29 32 76 61 22 86 39 13 42 23 77 46 32 16 38 1 49 36 51 94 23 72 81 5 25 76 87 22 19 8 12 58 41 57 38 84 39 24 60 42 66 5 34 30 7 35 5 60 35 97 7 63 50 84 51 17 3 64 90 1 88 14 2 57 84 55 67 32 78 75
82 78 89 50 88 81 41 47 83 48 71 28 85 61 99 43 78 95 90 47 5 7 87 69 76 33 50 18 84 93 63 57 54 40 14 20 35 2 82 42 89 79 46 75 99 55 81 36 16 94 97 67 70 5 12 19 11 94 43 74 15 7 59 6 81 54 96 57 96 49 45 73 60 29 30 89 68 72 31 81 78 33 25 11 44 57 66 40 29 4 47 27 85 43 51 60 45 88 91 50 76 58 39 74 1 46 5 46 11 16 84 16 99 21 87 93 9 72 36 65 77 21 66 21 59 84 21 88 66 48 2 61 46 60 42 69 62 89 32 18 85 72 9 73 48 9 50 62 53 97 6 9 77 24 1 23 31 58 67 71 68 54 42 10 29 25 27 63 5 72 16 18 64 32 55 35 17 84 11 42 79 66 39 23 24 57 56 50 23 12 13 59 13 70 19 96 15 83 6 48
61 77 73 84 44 40 50 75 71 67 96 79 66 99 98 78 37 24 85 7 42 41 55 7 6 9 51 66 92 83 70 85 66 67 32 80 37 41 67 41 84 58 84 49 27 24 94 10 52 36 31 98 7 91 96 41 21 13 22 39 33 39 82 6 17 39 51 55 68 53 59 82 29 91 36 27 90 35 8 20 64 57 4 19 91 45 58 73 1 81 17 17 70 74 91 57 21 31 15 23 49 76 28 86 38 8 79 56 4 21 16 48 83 51 40 53 44 69 54 37 53 47 12 61 75 43 19 47 49 22 48 12 75 21 10 22 36 8 69 91 39 33 10 66 1 98 16 65 61 39 15 84 93 11 38 63 14 41 64 6 67 37 16 36 6 84 87 63 70 48 62 65 42 98 18 14 28 15 46 18 66 51 5 47 28 16 39 22 74 35 59 60 14 8 66 86 66 6 41 67
91 46 46 9 56 48 85 90 77 92 54 32 82 89 85 8 16 51 68 55 2 78 26 99 93 96 45 29 64 68 93 34 79 66 72 41 45 63 46 80 41 2 5 44 76 96 33 22 80 47 2 27 74 83 4 21 80 75 98 31 10 76 88 63 82 82 92 93 4 82 41 56 37 41 18 31 69 14 38 78 8 20 55 27 86 26 4 86 7 54 13 93 49 21 6 59 68 88 34 75 42 60 37 27 12 46 95 36 65 34 41 46 51 15 25 59 10 34 67 33 91 47 44 72 56 77 34 34 24 41 75 10 16 84 32 33 40 46 56 78 1 20 99 63 44 34 27 37 97 98 69 13 22 67 12 2 21 51 89 55 46 5 23 21 24 7 79 34 11 36 81 4 23 8 74 43 8 1 39 85 40 36 9 11 11 26 38 14 45 52 61 90 64 11 87 83 41 70 55 92
38 16 54 70 95 97 88 58 87 48 98 19 77 63 74 25 94 90 46 78 84 44 3 74 86 99 90 14 31 91 24 89 80 18 73 48 8 98 67 39 90 82 78 74 92 95 35 84 19 84 21 27 38 22 51 71 76 31 46 97 56 84 40 4 16 74 71 35 61 71 62 36 73 82 16 80 99 76 98 40 26 65 80 51 63 21 97 97 61 95 69 72 40 24 72 57 24 22 74 72 52 67 50 80 50 61 19 88 44 81 6 44 85 87 22 65 98 15 61 15 73 82 84 54 40 44 44 49 25 9 20 32 7 52 34 52 54 63 49 70 34 18 50 36 20 45 1 16 34 14 51 99 58 38 50 78 52 24 11 93 13 78 97 68 47 70 25 17 67 71 34 59 77 11 3 42 72 3 56 68 14 13 64 59 78 11 98 92 23 35 41 46 34 26 3 33 49 40 10 48
