10 200 16386 24.41
42 99 62 51 67 51 37 79 72 2 70 51 88 85 98 72 71 89 61 46 88 67 31 45 38 98 74 95 66 46 12 77 52 60 65 11 91 88 9 94 4 69 26 92 35 68 31 17 72 2 7 29 1 87 13 15 80 95 24 88 99 34 98 49 58 16 80 58 55 23 73 58 96 74 46 10 35 14 28 60 49 40 68 2 72 43 84 50 27 29 93 50 4 82 2 42 78 40 18 57 45 82 51 78 18 90 26 2 5 50 14 39 32 96 2 75 10 15 15 39 34 55 20 89 3 29 1 32 46 68 44 53 18 50 11 30 27 41 13 53 55 51 71 9 71 40 86 5 15 3 84 68 3 32 65 51 89 73 2 98 95 36 45 36 82 36 51 6 94 53 23 30 95 10 87 39 47 97 87 12 73 24 79 30 19 35 99 27 30 66 51 87 87 79 33 18 2 49 29 2
83 29 99 84 69 51 97 63 74 91 48 93 65 98 9 78 50 12 36 20 99 34 28 56 84 37 68 1 97 61 20 76 76 62 67 80 18 70 18 95 96 47 81 93 52 84 61 99 64 35 41 80 26 61 28 37 74 91 96 80 27 46 81 97 56 25 85 97 38 55 88 69 5 79 85 49 86 25 88 56 45 14 34 99 27 87 56 24 34 29 26 66 92 41 7 1 27 80 51 58 16 86 22 96 63 74 26 20 22 14 89 38 62 65 52 10 41 7 31 9 95 76 67 85 72 31 72 81 27 55 58 5 27 58 1 90 39 86 8 35 2 8 33 45 50 30 66 29 98 14 43 45 72 15 22 96 98 39 61 7 79 65 17 4 70 61 23 32 76 3 25 74 25 2 39 9 47 57 73 29 73 62 15 48 96 6 56 69 45 20 58 52 22 46 21 95 19 4 39 91
53 90 36 94 19 81 90 83 71 82 57 95 68 36 96 34 97 69 97 21 27 45 28 47 52 68 86 45 99 22 8 45 88 8 9 93 74 87 18 87 48 53 65 37 54 35 17 71 4 73 28 84 58 26 50 28 2 40 92 49 72 20 45 42 22 17 66 98 49 95 16 95 91 3 30 56 21 13 86 74 79 90 94 60 81 63 74 46 77 92 48 28 64 11 14 55 21 80 86 9 86 23 20 73 18 26 85 56 98 73 56 21 78 17 33 52 89 9 82 33 52 52 40 38 31 30 48 70 71 81 60 9 13 79 26 38 32 25 8 12 22 43 94 76 63 21 4 52 30 70 49 10 31 84 31 99 32 63 35 52 57 45 7 39 46 36 35 68 58 8 29 67 96 19 77 22 51 19 74 66 65 50 26 6 91 11 47 53 77 65 57 46 59 33 60 95 2 18 84 82
49 68 88 47 69 83 74 65 59 49 46 30 59 83 4 78 72 20 76 88 5 56 20 99 79 76 71 94 78 73 1 79 76 45 88 36 87 25 50 47 12 50 94 49 84 40 82 11 22 77 49 50 74 12 85 87 68 89 52 14 40 98 96 43 83 14 67 61 15 94 72 19 90 13 50 61 31 14 62 26 40 84 20 36 80 73 26 45 9 41 2 14 18 28 6 92 96 91 62 54 18 65 94 44 94 21 81 7 58 49 17 91 41 37 49 96 59 99 26 4 11 60 44 30 28 78 77 99 66 76 18 38 74 42 17 3 45 15 88 96 84 43 10 46 86 7 1 59 63 31 47 3 28 13 7 54 45 19 27 61 26 9 8 49 53 73 25 43 11 94 45 58 53 19 80 35 29 60 64 45 28 14 23 24 70 18 18 44 76 42 43 50 67 93 72 76 62 76 89 49
70 77 82 93 40 52 37 35 44 21 15 87 27 68 40 56 60 96 21 98 43 71 81 53 30 63 76 95 96 35 67 40 22 67 79 66 85 24 76 86 81 43 52 83 31 64 48 44 45 46 50 25 32 24 47 67 91 55 80 43 50 81 67 14 90 48 63 97 76 52 40 74 39 57 29 6 7 35 65 78 25 87 21 86 47 77 55 92 10 17 69 60 91 41 17 36 26 68 33 15 15 25 53 22 86 12 6 86 93 29 30 22 44 28 75 45 65 50 21 82 21 86 95 17 17 62 55 10 14 46 24 53 44 66 68 37 30 90 89 23 19 51 48 13 25 97 41 57 42 62 55 58 17 69 26 24 83 27 5 78 70 17 3 24 24 18 34 6 95 43 88 13 41 51 44 47 88 44 94 18 17 34 48 69 40 1 21 15 37 25 40 29 73 24 95 22 74 9 63 21
92 69 67 17 33 93 70 53 67 95 19 60 30 34 80 14 37 11 34 93 21 16 74 77 69 79 52 22 78 80 86 17 43 91 98 51 84 77 57 62 67 76 2 65 32 31 10 19 38 9 75 30 40 16 38 75 53 47 48 27 52 54 6 41 92 86 86 38 96 52 87 15 38 54 52 40 71 90 13 69 27 45 13 57 95 24 67 38 77 79 14 58 95 18 93 17 88 88 66 97 62 35 98 15 7 22 27 57 75 11 8 5 43 44 22 56 39 74 70 50 32 41 22 23 31 40 19 43 62 42 13 57 8 80 97 36 42 84 85 10 40 99 63 37 7 45 88 19 26 10 46 19 31 39 95 43 89 58 60 4 67 80 29 1 22 22 98 22 25 67 97 64 62 36 22 19 60 47 28 13 85 89 77 19 6 4 68 32 44 68 36 2 92 63 5 29 16 55 86 95
68 6 60 2 54 60 78 51 68 93 42 87 14 4 91 63 82 29 64 39 61 96 97 97 27 16 14 27 74 56 53 68 35 53 78 22 69 46 94 11 16 94 98 56 78 48 53 52 55 35 4 42 7 60 49 17 7 66 61 90 97 85 29 51 20 99 19 48 20 17 40 84 35 68 6 71 50 94 61 28 51 74 89 29 92 33 44 80 90 52 58 56 31 70 89 95 42 15 33 17 15 21 19 71 48 65 31 24 16 70 40 16 40 35 91 77 13 29 32 58 30 12 1 71 16 74 12 14 92 5 44 16 77 13 74 90 57 80 33 37 99 37 28 76 54 19 8 44 52 63 11 47 16 34 36 23 8 35 55 51 85 37 43 44 49 35 65 15 45 77 33 40 28 8 47 19 45 87 66 25 84 47 55 17 3 7 83 24 27 25 18 22 90 32 65 87 94 62 69 93
70 93 75 99 65 34 83 68 57 25 95 77 46 80 94 16 17 56 65 56 64 28 99 13 11 52 85 29 29 21 35 70 83 72 50 65 74 66 51 6 72 27 12 65 58 86 78 90 41 38 93 41 53 95 17 16 98 22 92 9 92 8 6 49 47 9 68 4 51 6 13 42 42 75 45 83 8 56 19 75 48 62 92 66 5 31 41 9 30 56 11 9 72 58 99 9 32 67 9 86 89 55 56 86 11 67 63 70 27 12 20 18 23 20 10 52 36 93 38 33 75 5 71 53 62 63 62 8 28 13 75 91 59 54 96 15 83 70 24 28 32 37 11 64 14 3 23 24 96 20 56 81 62 58 89 40 71 60 29 49 77 86 27 30 16 15 7 59 34 41 88 62 95 57 55 88 48 77 29 53 38 68 11 82 85 29 92 14 2 24 20 77 58 18 43 16 29 11 13 25
90 70 69 59 76 90 99 34 50 95 88 26 91 55 9 98 68 49 95 92 62 63 73 76 9 92 32 63 50 98 10 53 78 88 90 94 78 60 59 40 91 13 43 8 75 11 45 55 53 86 11 72 62 42 62 96 20 52 5 78 79 54 72 23 54 59 97 6 85 50 24 22 65 44 6 57 38 89 17 62 23 97 17 58 8 49 46 38 25 10 7 5 77 39 83 73 10 2 62 24 44 69 89 13 84 26 84 33 6 88 23 37 73 33 78 49 27 77 78 51 71 21 39 25 38 61 20 44 43 92 12 4 68 9 76 48 23 8 4 66 71 3 47 65 63 6 78 48 97 38 30 92 38 30 38 21 12 22 44 24 70 40 8 90 19 52 62 98 25 20 10 26 60 22 74 23 37 26 9 1 29 16 67 8 24 36 31 51 7 65 24 79 40 43 41 90 65 62 40 95
10 34 91 69 40 68 27 87 62 51 42 95 75 24 89 58 17 78 61 43 94 50 58 11 86 13 9 78 46 84 78 10 89 82 32 48 3 86 61 31 46 83 75 58 84 94 50 63 27 78 75 98 94 59 86 68 95 56 79 43 40 35 88 94 77 99 45 33 87 70 56 28 60 86 60 39 86 95 45 31 84 13 7 16 77 43 11 15 81 96 99 68 93 77 75 25 72 37 60 43 87 10 64 21 80 20 33 39 77 69 37 21 31 3 2 89 81 24 66 31 27 6 17 16 43 8 25 33 48 31 50 55 68 73 41 10 24 74 42 51 39 51 64 29 40 46 57 50 91 40 1 40 43 49 72 95 58 65 10 98 76 24 53 49 52 35 40 13 94 31 93 12 3 38 56 25 75 95 50 39 71 65 39 67 57 45 50 69 55 98 24 32 10 39 39 84 99 1 33 51
