10 200 16225 24.35
60 63 58 41 90 74 96 63 18 76 68 53 24 56 54 89 61 80 95 76 66 73 45 35 13 33 68 89 45 71 84 82 86 18 86 91 98 92 23 39 36 54 9 90 42 10 61 84 65 14 48 79 26 71 44 66 28 77 32 57 34 20 49 29 57 32 80 79 45 96 57 98 11 76 18 4 2 68 11 89 71 69 53 85 51 70 55 96 87 26 64 81 51 58 60 74 92 6 23 30 20 1 63 11 21 66 41 74 90 13 62 51 47 24 43 35 10 33 64 41 7 46 72 50 26 64 69 75 31 19 97 24 60 34 19 9 45 9 76 38 78 82 76 83 56 2 99 4 97 94 30 3 89 18 55 39 65 26 74 45 28 66 58 21 53 52 48 52 60 1 31 36 50 6 14 80 82 6 41 24 19 5 26 93 43 11 4 69 6 65 85 83 97 38 23 26 26 79 96 76
62 84 4 73 83 36 95 83 93 25 51 51 40 37 93 41 30 9 68 68 62 61 71 54 65 21 73 94 84 84 81 90 66 26 63 84 63 3 1 42 80 46 91 72 24 95 56 11 45 30 15 68 25 31 21 85 98 63 66 50 80 78 34 32 32 62 76 64 94 36 17 50 27 98 45 46 14 79 93 71 45 18 59 44 25 64 33 11 52 35 60 84 58 68 37 50 25 49 29 12 23 10 37 2 74 69 76 28 68 6 63 92 50 9 21 9 22 28 59 14 4 59 98 75 80 17 6 27 10 87 75 30 87 77 22 22 36 80 38 74 57 43 72 91 43 12 58 66 33 90 82 31 24 35 18 86 26 21 35 83 87 86 1 36 15 1 50 59 28 92 79 56 73 84 74 36 50 98 14 94 79 49 31 8 26 20 2 94 30 92 60 55 19 13 81 2 88 94 51 25
71 19 82 94 82 93 23 86 56 91 72 41 63 21 44 70 87 44 27 31 32 16 58 60 12 69 44 82 92 91 50 83 68 83 54 90 72 20 89 74 5 81 58 6 77 92 34 68 81 66 1 77 86 58 44 52 1 5 38 39 91 47 27 26 28 73 25 4 95 92 32 1 76 98 60 57 13 60 82 17 39 6 23 37 97 57 31 96 93 48 58 71 1 6 61 56 7 13 81 93 93 74 93 97 18 25 62 52 19 62 3 74 38 28 12 64 38 24 48 62 29 34 2 39 46 6 88 6 1 19 87 39 90 35 44 83 57 57 75 63 30 93 48 25 70 95 71 90 28 12 12 52 19 67 55 36 38 2 46 28 42 66 7 4 76 54 98 7 27 82 85 99 23 8 89 65 56 8 62 5 69 32 91 52 13 85 54 41 35 56 33 71 17 5 74 98 84 39 29 91
75 86 92 63 92 98 32 99 84 71 97 56 77 40 41 28 14 59 50 62 92 84 90 82 65 2 78 32 86 16 75 33 16 16 94 1 2 73 67 9 82 2 85 76 62 65 81 4 43 20 62 22 59 45 15 54 7 71 53 2 86 1 61 36 97 31 12 15 64 77 22 16 22 32 74 21 13 75 4 39 40 65 39 49 83 13 9 70 68 80 81 32 49 38 13 42 72 35 5 10 83 66 51 36 75 9 63 9 24 69 62 61 12 88 40 63 75 48 89 18 21 20 56 61 26 18 25 70 11 51 9 12 10 24 38 39 53 18 48 42 40 73 73 56 37 97 73 4 40 83 1 10 28 38 6 73 99 73 96 51 55 33 4 2 6 58 21 96 88 98 10 11 16 40 13 98 7 73 18 39 77 29 5 5 69 93 33 59 74 27 23 49 52 29 50 39 24 42 13 71
75 87 95 99 28 86 80 36 65 89 51 75 69 81 21 34 77 97 39 89 91 13 99 30 71 81 65 64 47 3 2 92 99 63 7 86 38 72 50 50 99 57 59 95 43 29 36 37 47 97 9 70 15 96 96 42 73 90 56 52 38 27 54 54 39 41 52 14 83 4 11 92 66 51 1 47 77 8 17 34 84 53 76 81 42 47 54 16 75 10 40 62 74 32 65 34 42 98 60 87 17 83 54 11 68 61 48 44 8 56 46 8 16 66 8 26 39 62 41 57 19 6 52 46 6 47 59 26 51 34 32 57 99 18 65 97 78 21 43 33 47 24 83 77 27 27 16 6 99 48 53 70 9 67 34 58 31 69 6 33 71 73 26 75 73 3 84 19 42 45 47 9 99 25 38 46 26 44 57 95 75 13 47 20 87 19 94 78 66 8 93 41 41 73 79 5 23 93 34 89
62 88 34 88 34 99 70 13 52 62 96 43 83 55 82 45 91 93 52 75 55 90 23 91 15 67 38 30 53 67 85 94 80 50 17 54 67 3 11 40 73 84 16 53 89 72 87 17 76 33 61 30 89 9 49 66 67 41 77 14 99 63 14 94 66 96 68 79 77 91 85 2 94 18 21 81 93 23 71 10 42 38 86 26 44 46 11 83 59 61 38 93 48 49 1 26 66 45 35 3 30 82 60 54 3 75 85 64 32 37 84 35 3 17 13 27 29 12 20 48 84 15 42 15 97 80 63 65 84 18 17 51 40 48 71 46 33 54 40 66 10 83 69 26 69 48 74 77 43 16 82 43 33 50 31 84 11 29 26 17 52 8 52 47 34 92 13 65 82 71 65 39 56 76 65 21 81 79 48 95 60 89 12 68 61 3 9 26 19 51 22 56 11 9 96 2 62 21 15 62
75 21 87 37 6 1 89 78 99 69 42 84 60 45 55 67 33 78 65 28 27 92 99 29 71 43 37 35 61 34 39 1 59 71 11 53 43 88 80 35 14 59 20 11 98 52 35 28 29 54 69 82 78 60 69 51 52 77 79 70 77 41 10 53 3 33 78 66 70 27 36 44 11 16 51 36 86 8 11 33 24 83 46 37 45 42 44 74 21 15 76 76 96 22 77 54 70 7 32 50 32 1 42 35 9 83 57 21 49 65 84 53 51 62 51 32 35 72 21 13 35 86 93 38 94 49 82 16 79 14 52 36 72 1 84 41 36 41 55 52 47 30 7 85 72 64 86 96 95 21 7 36 15 33 56 58 13 79 34 33 52 62 75 65 77 92 17 21 16 80 16 50 53 67 63 81 42 95 13 63 35 4 20 97 52 11 49 36 74 83 14 53 75 67 34 70 42 94 9 69
98 99 90 85 85 30 40 47 25 27 35 56 57 77 70 49 61 15 86 53 65 11 25 96 78 66 70 95 23 57 25 67 90 18 69 12 63 85 41 40 97 77 76 63 23 16 21 92 6 59 73 29 86 19 6 86 33 75 9 5 31 93 24 87 68 10 32 84 37 62 64 61 45 65 19 44 76 13 27 49 13 86 61 98 69 79 89 20 7 61 82 95 47 77 2 28 77 39 27 26 53 14 4 50 24 18 48 77 19 63 39 26 46 7 77 5 60 20 62 18 46 41 6 82 49 68 12 85 40 88 3 64 12 84 42 40 52 97 45 61 4 31 17 58 78 12 20 39 85 32 8 32 10 27 22 27 60 80 48 14 8 93 68 9 9 7 15 10 51 61 89 56 12 75 73 50 5 11 18 83 99 65 22 97 58 96 68 56 67 34 30 86 21 23 86 65 93 14 11 27
91 86 94 80 70 51 71 63 37 85 84 97 92 98 91 72 87 56 46 67 36 23 60 17 56 95 11 1 89 70 33 89 41 47 51 93 46 43 27 88 40 32 24 98 93 44 16 31 19 45 44 29 3 31 78 43 75 78 50 94 69 47 87 24 74 4 96 8 8 37 36 16 28 25 63 50 75 16 73 23 12 71 92 9 78 52 38 42 9 55 75 31 74 2 52 33 81 42 65 39 97 12 25 6 33 97 30 42 16 55 40 48 47 83 38 44 6 74 91 33 33 17 36 4 24 59 15 90 32 31 30 36 64 31 4 30 6 31 96 1 56 46 7 35 13 14 71 69 99 3 89 94 35 8 15 71 60 21 46 93 45 65 55 9 18 62 13 16 43 93 16 50 31 99 4 10 80 36 33 38 83 37 92 55 40 72 12 21 5 4 35 12 71 13 36 93 8 45 42 85
36 86 26 12 65 76 62 61 71 11 13 73 39 72 24 99 39 20 51 93 24 92 63 70 77 79 39 48 21 28 58 1 5 61 67 32 33 77 93 85 9 29 67 16 29 37 90 92 68 87 94 91 70 35 38 22 6 6 17 71 33 22 90 83 88 98 79 13 10 90 93 42 36 28 50 55 57 50 65 66 40 89 6 97 34 9 98 20 73 1 32 73 76 19 31 16 80 71 3 61 44 46 95 39 47 17 11 78 27 90 28 72 9 64 26 29 49 12 81 37 61 69 7 88 4 14 86 87 46 77 32 88 81 73 14 17 31 75 98 28 84 47 67 13 82 37 26 83 31 20 25 13 12 22 65 67 86 39 72 62 35 98 8 66 13 78 14 65 98 93 17 17 15 41 69 33 51 89 37 33 17 74 25 92 24 73 25 62 85 88 54 84 57 18 54 49 45 37 40 11
