10 200 16162 24.42
80 69 79 43 95 69 92 56 83 48 82 3 31 93 45 66 55 31 50 10 54 37 66 12 84 90 62 69 62 5 1 53 82 15 76 62 95 10 94 76 88 21 50 69 33 81 5 70 45 92 83 4 50 30 29 43 42 16 23 55 65 11 67 20 29 18 69 13 41 85 98 25 45 38 38 85 29 45 33 96 68 39 50 82 61 69 73 27 37 66 50 79 72 27 82 48 78 5 31 62 81 73 59 21 51 38 20 12 60 7 22 71 27 35 43 83 52 34 63 7 62 23 23 8 71 73 87 30 7 49 36 69 89 93 83 10 19 70 97 34 22 49 40 90 64 1 39 37 2 73 36 4 82 84 75 46 26 7 23 25 59 21 49 21 94 82 95 48 70 98 31 39 99 22 97 43 12 19 21 42 29 12 5 59 82 4 15 40 61 4 98 7 24 43 18 92 96 24 64 48
38 56 84 69 77 25 88 98 67 24 37 92 74 28 45 40 31 60 89 68 98 47 36 89 98 85 31 61 79 33 29 80 75 15 49 18 97 36 79 28 84 8 58 68 55 66 31 98 52 6 26 38 51 90 53 46 47 51 80 18 54 79 5 88 21 67 74 34 68 35 71 88 27 7 4 7 64 76 45 14 40 86 59 55 1 24 61 51 48 24 17 93 1 53 97 64 99 54 60 6 42 91 41 71 22 14 38 2 81 31 26 24 97 89 1 49 55 94 4 31 54 2 97 73 10 80 86 13 88 7 41 22 57 24 7 95 72 18 87 62 14 11 37 56 82 36 48 12 89 66 90 63 82 86 23 38 1 71 86 66 71 12 76 87 31 29 63 82 19 59 34 6 83 45 21 17 21 58 7 44 78 78 62 80 28 34 5 38 22 54 7 23 75 69 80 82 68 31 41 24
84 65 68 70 53 49 27 83 66 99 48 87 28 78 9 58 91 40 44 15 10 26 37 26 7 9 13 69 66 84 61 82 21 74 3 58 28 50 30 62 41 37 76 36 50 98 72 25 39 30 9 36 15 78 42 11 61 57 30 18 54 13 55 47 83 30 46 99 33 45 28 42 25 41 1 39 52 39 47 10 99 95 23 22 40 35 66 88 5 49 90 9 25 28 92 25 16 12 4 68 8 53 71 63 32 4 21 31 26 12 38 3 33 35 29 53 83 70 25 12 43 48 94 43 63 90 14 50 93 57 6 70 83 8 96 10 19 31 9 27 8 17 37 26 33 81 57 18 29 63 9 94 58 64 45 96 54 84 14 71 22 20 21 37 35 71 53 78 30 74 12 19 46 85 4 37 91 96 27 72 89 2 49 79 21 46 64 45 41 67 84 12 64 94 20 81 49 39 7 99
70 98 17 78 77 93 42 59 33 77 54 5 65 59 52 90 82 82 73 72 98 96 17 50 76 62 11 83 20 45 35 32 42 81 93 90 17 71 38 79 11 56 23 78 48 37 48 36 61 58 83 35 98 1 86 21 59 61 8 85 10 33 17 23 63 50 73 67 33 32 28 28 78 91 41 63 82 69 5 96 54 12 9 7 82 38 77 18 75 80 11 40 89 2 5 19 9 46 59 17 22 83 40 74 10 84 53 87 8 3 49 59 93 13 6 93 57 34 72 3 87 82 63 66 56 43 98 2 41 85 42 71 31 99 43 10 94 26 49 16 14 42 48 38 3 90 59 25 14 69 33 73 57 32 73 3 62 62 29 77 62 11 34 7 11 92 16 41 41 39 37 27 1 8 2 24 90 98 6 50 95 75 91 57 91 35 38 32 48 19 36 86 94 90 4 52 9 88 90 77
73 75 86 4 6 71 87 96 15 62 39 27 37 73 14 71 82 93 93 56 66 23 89 37 22 2 96 19 4 46 81 19 76 75 71 7 31 65 4 24 16 96 82 87 2 8 82 8 91 66 71 94 24 8 90 69 39 51 22 96 22 56 46 31 5 32 10 20 66 6 98 1 72 99 41 32 89 67 84 9 84 49 14 66 50 46 33 4 45 12 2 28 17 18 65 41 28 75 36 2 26 19 73 2 23 72 3 77 51 5 41 83 52 26 54 13 25 87 4 5 52 14 43 60 10 53 33 99 21 66 9 69 24 26 68 96 82 82 63 29 26 27 68 48 58 47 96 17 25 79 62 89 60 80 40 41 55 12 7 27 16 78 37 41 44 21 79 18 34 1 4 37 62 81 37 32 36 91 30 25 81 41 85 56 50 17 44 10 49 22 98 44 19 67 56 23 10 38 74 62
86 52 85 91 32 83 65 92 22 63 45 51 94 78 53 63 2 95 96 95 99 77 32 45 46 76 92 75 57 91 55 50 39 90 42 62 21 14 6 34 75 77 54 18 51 88 26 39 45 59 46 25 92 46 11 62 19 30 71 26 30 13 29 76 51 76 62 26 34 22 6 46 78 32 66 65 65 4 58 83 31 7 25 40 78 89 2 75 39 37 89 80 62 92 47 23 94 41 64 13 2 39 31 67 5 92 89 26 22 1 45 83 94 84 2 25 27 85 54 1 3 58 53 66 3 14 9 78 81 92 87 1 12 12 40 90 8 15 47 46 30 40 62 62 6 63 2 73 39 33 70 59 8 36 33 99 84 55 83 9 72 85 68 21 32 25 39 64 13 4 1 68 48 94 87 60 12 22 67 20 39 17 89 76 15 19 5 8 13 56 74 27 80 36 39 63 92 38 24 63
68 16 45 95 70 47 58 27 16 86 63 53 6 99 75 91 75 51 96 87 82 31 65 48 31 92 28 33 55 98 95 76 91 53 79 80 27 67 90 2 54 38 16 57 87 69 65 91 59 97 77 94 76 94 83 30 28 30 97 57 27 90 89 15 63 5 60 78 2 23 79 27 51 50 52 76 83 35 47 3 15 94 39 28 3 12 12 2 87 84 25 54 43 8 1 49 18 42 6 67 93 33 71 2 56 25 4 75 39 63 17 15 42 74 19 83 78 57 44 63 26 54 27 22 8 98 32 16 45 2 21 79 48 62 42 67 47 9 76 4 33 9 39 93 2 11 7 48 31 13 38 13 12 5 98 54 78 99 67 91 64 26 71 21 79 28 33 19 20 11 38 89 36 24 47 76 39 50 19 95 6 42 42 54 21 15 32 2 50 81 20 52 37 42 75 25 1 84 55 86
72 90 77 73 70 30 59 69 55 49 44 50 86 57 97 24 65 21 33 44 31 40 50 71 28 44 41 2 98 14 25 50 51 25 83 22 67 46 4 80 32 34 79 28 31 10 74 10 39 9 10 49 40 43 2 88 46 97 17 22 33 45 53 90 31 27 3 52 46 27 71 26 5 28 52 48 17 15 57 54 66 1 36 12 92 39 29 79 99 68 92 15 58 52 71 22 16 57 24 11 95 29 5 28 10 50 52 26 68 94 75 2 40 45 79 79 17 93 50 94 51 95 83 38 81 72 65 11 93 50 22 33 45 46 53 43 70 61 93 35 59 36 90 26 81 55 55 93 64 56 85 27 47 81 9 53 88 80 64 1 1 38 31 56 96 95 17 29 24 81 25 61 24 53 42 45 82 93 44 21 66 12 14 22 92 68 13 78 83 55 95 32 11 78 39 34 26 71 7 49
98 74 50 84 48 50 23 2 99 65 55 62 66 9 59 44 38 74 8 75 24 83 82 25 15 33 96 30 16 61 45 30 69 3 40 55 73 95 65 67 86 73 4 69 78 73 62 67 48 51 97 93 6 45 56 14 34 38 41 92 91 98 62 20 25 94 9 61 51 61 69 77 69 78 91 33 55 7 27 11 63 38 23 95 16 1 36 38 11 86 5 55 24 50 73 84 57 60 2 58 50 82 33 6 63 39 29 12 67 23 75 8 35 97 76 39 52 72 27 23 60 53 87 91 34 6 43 55 58 73 26 7 19 82 91 82 75 95 42 25 47 24 45 12 97 11 4 84 13 24 79 6 83 34 32 35 82 89 13 73 35 83 25 91 84 57 79 37 44 36 1 33 42 17 55 48 80 1 2 51 10 48 12 94 21 32 29 29 12 61 15 68 17 47 90 63 26 68 22 65
59 71 91 22 81 80 68 47 99 78 56 97 97 54 96 62 88 49 6 28 48 64 75 85 83 93 44 84 59 44 81 75 56 83 29 72 46 17 75 15 47 59 58 35 28 39 34 88 36 54 8 39 10 23 51 66 87 23 27 29 98 60 68 73 54 43 73 29 90 57 53 47 21 30 19 33 42 61 9 33 13 37 67 40 42 21 20 17 19 19 20 3 22 72 74 21 94 96 99 32 9 56 91 21 51 95 25 1 48 88 84 7 48 40 86 10 58 46 7 88 7 27 68 7 8 60 88 37 5 3 54 90 95 73 26 24 86 76 27 26 31 36 70 63 14 19 99 54 6 8 57 27 79 98 93 12 96 53 82 3 55 31 6 69 42 93 25 48 27 49 12 55 96 66 13 32 72 16 20 1 55 31 13 25 1 59 69 75 44 74 41 71 81 30 33 61 82 17 67 78
