10 200 16402 24.44
88 16 74 89 32 63 66 72 91 90 87 95 91 68 84 88 97 76 82 11 97 27 38 32 61 13 34 23 53 10 78 97 24 30 75 89 9 77 9 14 63 42 94 74 67 67 18 53 36 49 1 4 8 34 30 32 96 62 18 62 55 84 65 4 94 44 70 13 78 64 29 2 23 5 66 60 39 14 32 79 85 8 23 48 78 73 53 71 87 83 59 84 77 44 93 13 57 98 3 81 89 68 54 14 94 80 65 10 33 23 81 25 46 95 56 63 96 4 4 65 84 66 6 34 81 8 11 1 84 5 58 87 7 21 60 3 16 1 77 80 84 36 52 41 8 49 30 95 62 91 58 8 77 34 40 88 13 37 22 99 5 40 15 43 67 65 6 15 5 28 79 95 92 99 25 98 18 72 59 61 15 4 57 18 8 12 98 19 82 36 10 4 19 8 93 36 27 50 24 90
45 13 26 59 88 20 64 75 26 6 35 42 84 48 59 70 89 32 13 61 58 68 95 97 61 78 76 90 43 13 51 88 42 25 87 29 76 68 96 55 38 51 68 36 12 45 20 73 96 80 84 52 57 91 6 79 12 35 93 56 64 13 77 50 25 91 15 63 41 79 42 11 49 4 78 99 8 29 34 96 4 56 87 6 32 97 6 93 17 75 39 58 37 41 70 36 63 39 73 96 47 48 86 24 37 18 90 7 50 61 36 38 43 32 36 88 4 69 21 19 56 48 83 24 73 42 16 85 79 52 30 9 74 98 29 71 89 52 43 98 41 86 40 2 82 61 22 22 11 77 34 46 18 1 13 79 56 32 94 14 76 34 86 98 45 62 36 41 43 34 69 37 28 2 12 55 88 3 77 48 33 24 9 88 30 24 79 54 44 18 71 24 15 66 55 96 55 10 49 6
79 70 67 62 10 86 72 94 22 8 15 33 80 71 32 70 15 53 98 97 49 60 38 68 51 82 31 92 25 80 91 96 48 74 39 19 90 11 94 98 68 83 53 75 27 18 48 43 69 39 65 47 26 10 19 41 34 7 92 23 5 14 61 80 59 59 63 71 53 59 69 62 43 82 3 17 23 36 74 85 81 35 76 44 43 76 97 97 73 69 10 79 1 78 55 22 5 4 69 25 20 42 23 24 53 21 13 78 54 86 46 30 96 98 56 22 93 64 86 2 29 15 89 6 74 79 7 7 96 77 80 62 42 28 30 4 42 42 43 7 86 76 32 59 44 60 99 59 7 68 65 31 83 2 7 26 15 47 69 5 1 18 76 24 46 43 76 66 88 51 77 46 92 66 98 35 74 69 92 56 58 81 52 47 34 93 12 64 44 79 69 81 81 4 10 94 3 12 24 8
65 38 48 88 45 35 73 52 99 90 86 77 34 49 96 15 73 81 9 31 70 32 6 33 32 8 86 82 33 4 61 29 52 74 38 69 90 72 46 44 16 1 39 19 98 46 40 24 47 66 75 71 57 89 61 5 73 68 12 84 54 20 20 7 75 31 16 85 32 15 71 81 55 55 82 14 97 33 33 83 80 33 55 94 88 83 34 54 5 25 35 35 30 9 7 50 16 54 53 16 90 76 5 45 24 57 5 97 26 20 28 64 97 44 84 65 72 79 16 81 25 48 35 22 18 43 44 85 43 1 54 28 8 40 62 50 70 36 94 21 4 55 39 97 19 94 82 21 32 92 36 81 45 96 11 74 21 90 97 23 50 18 21 78 69 19 85 86 85 86 54 44 96 16 78 69 78 52 35 73 5 61 10 96 21 18 50 6 81 16 39 61 77 59 82 35 87 87 16 90
13 76 64 79 94 93 19 68 10 89 82 9 46 42 34 98 13 51 86 54 10 90 83 59 66 99 81 97 71 93 83 33 22 61 6 5 97 55 65 69 78 68 65 48 54 96 92 49 84 31 85 61 89 68 44 45 38 77 18 95 58 67 15 66 28 18 50 8 5 38 41 52 72 11 32 96 88 72 49 68 15 93 38 92 55 17 29 38 94 53 57 18 53 68 72 60 16 14 69 4 53 82 89 88 21 84 21 87 53 15 93 17 19 84 75 98 22 1 53 20 45 38 73 61 48 1 9 12 84 17 12 84 30 2 7 31 39 24 86 48 93 27 64 47 24 89 63 3 5 38 71 27 91 63 10 5 18 19 86 26 39 80 71 68 5 77 34 82 12 92 84 34 91 8 49 27 87 33 46 57 7 48 12 10 26 77 33 6 48 51 10 48 66 70 10 36 90 44 61 89
66 73 97 31 92 86 64 92 87 56 46 45 34 91 79 27 87 58 97 93 26 14 74 45 80 99 43 10 16 58 93 55 56 14 99 38 40 1 23 31 18 58 67 68 63 52 99 35 41 93 7 36 9 22 22 69 50 45 14 10 90 45 88 24 33 74 49 58 19 46 74 14 33 59 96 18 42 32 16 46 3 14 87 95 60 18 33 80 36 97 76 25 84 21 13 46 65 26 51 49 80 69 85 68 3 33 24 55 37 94 25 89 70 1 50 19 24 95 45 21 57 89 45 50 16 22 15 92 38 38 47 28 92 32 54 86 36 77 39 52 78 91 40 97 12 48 99 19 97 64 6 98 22 76 10 55 95 56 11 25 71 63 76 56 84 96 16 65 5 11 54 82 83 39 1 90 78 26 53 84 11 5 79 94 63 98 61 53 56 38 54 5 30 79 50 21 20 42 70 56
85 97 40 64 99 73 30 14 57 47 83 55 87 95 44 90 85 64 62 35 72 88 25 62 89 86 49 2 98 81 36 54 67 89 35 9 5 73 71 39 88 83 58 60 39 66 8 84 25 58 23 72 42 42 60 36 11 99 39 87 50 81 37 61 15 26 52 84 8 84 37 82 82 47 92 78 69 78 59 48 38 89 60 22 14 36 19 62 20 90 65 37 74 21 47 11 7 37 63 23 40 8 44 35 67 56 2 25 52 9 12 27 36 19 1 56 11 25 55 42 46 59 29 68 50 21 83 13 55 5 77 47 43 30 28 54 82 93 58 60 57 54 92 64 16 49 12 69 17 25 29 99 69 36 25 58 28 6 89 81 93 90 28 19 32 85 69 15 69 32 31 9 45 57 80 99 23 38 77 43 7 38 18 10 11 84 11 81 22 14 84 38 69 13 87 95 23 47 15 47
93 99 96 66 95 11 57 66 60 84 50 99 61 88 84 64 51 55 9 80 73 50 30 34 72 9 48 74 65 68 52 21 85 39 24 91 45 64 16 55 82 67 82 58 71 56 56 71 12 51 30 32 68 3 61 53 72 97 1 54 74 58 35 39 39 36 57 4 89 10 6 3 78 74 19 26 37 51 58 77 54 65 94 8 10 51 76 26 93 33 83 34 85 43 79 24 43 45 36 95 81 34 43 99 19 55 38 55 93 18 82 59 38 88 19 18 65 7 96 95 30 2 15 98 36 97 75 47 48 72 59 89 22 29 12 54 79 88 71 78 47 35 64 25 25 71 9 44 67 80 75 49 54 53 55 78 48 5 25 80 24 66 54 47 13 3 6 84 56 65 93 1 4 4 21 9 40 22 50 74 1 48 37 75 47 62 83 45 17 3 37 48 74 88 50 28 1 33 7 84
95 43 89 68 19 65 89 90 46 60 11 60 26 92 57 1 87 53 90 78 35 42 68 65 92 73 59 38 55 80 15 84 89 43 90 67 30 28 70 85 39 55 99 5 97 98 30 7 28 18 76 31 37 16 70 78 49 8 91 2 51 62 52 42 89 59 48 22 56 24 85 60 77 49 35 27 18 14 2 95 23 47 48 67 48 22 68 87 77 20 38 66 25 46 55 86 94 1 98 93 77 58 10 91 25 10 21 24 22 67 86 44 97 59 36 61 5 25 74 57 3 3 19 13 76 26 77 93 29 6 94 25 64 94 6 40 32 66 11 36 93 43 72 71 93 65 29 33 92 68 92 41 68 96 66 36 3 2 93 31 98 97 46 96 25 68 76 43 39 58 80 78 53 33 15 39 31 5 56 18 12 39 81 66 9 49 4 36 1 70 30 39 50 73 77 34 8 39 28 60
91 61 88 60 81 87 84 62 20 98 31 43 72 8 14 79 90 98 84 33 93 92 68 81 28 32 43 29 84 55 75 75 3 76 13 35 39 99 52 75 96 87 39 49 62 52 66 88 92 1 23 17 16 44 74 60 59 44 90 47 74 60 35 87 39 91 38 79 48 47 19 64 96 66 48 51 38 50 55 35 83 18 93 63 27 53 31 94 93 43 22 7 56 27 7 32 56 53 45 76 61 47 42 3 56 10 62 28 69 21 34 52 28 48 32 3 67 20 40 13 5 11 56 11 84 60 26 25 3 87 81 82 80 23 13 19 28 34 17 77 75 42 87 98 49 65 70 24 97 16 95 15 86 75 53 94 51 61 31 74 27 71 8 32 79 42 93 14 25 92 95 22 26 3 97 20 94 72 54 86 45 8 92 45 47 91 66 57 85 97 31 8 53 75 9 38 57 71 17 98
