10 200 16485 24.47
14 44 88 13 99 29 73 65 63 99 38 76 75 27 83 84 23 49 46 78 32 22 96 20 73 88 13 37 36 81 46 33 79 87 81 62 75 73 94 93 24 18 12 70 37 99 84 35 80 64 54 10 22 57 13 19 64 20 62 32 84 91 49 70 5 45 25 12 85 98 46 4 82 35 82 39 38 59 53 7 73 85 23 98 89 19 10 53 75 87 39 87 22 99 87 54 77 23 93 12 41 66 32 7 93 29 77 69 91 46 45 85 44 20 65 17 11 60 81 61 2 69 37 64 79 7 76 6 54 85 97 84 43 53 92 63 71 24 30 12 13 50 99 85 12 55 22 75 88 44 7 44 4 79 32 40 77 17 27 73 74 62 88 76 74 81 47 2 26 92 67 51 23 87 39 97 17 65 28 92 47 3 42 5 65 37 91 67 47 17 52 31 17 30 7 43 8 17 47 99
50 58 41 31 38 76 82 69 88 49 79 23 80 95 9 87 84 66 46 8 21 51 69 90 52 72 25 18 20 36 89 90 34 61 57 98 73 74 11 25 21 68 76 76 47 65 9 42 11 85 46 46 36 12 37 88 17 98 84 63 35 67 87 78 6 29 52 86 96 15 41 22 24 25 37 98 98 82 68 4 34 62 38 34 48 98 57 1 94 39 8 34 94 90 86 56 1 25 88 48 3 91 36 47 22 49 78 27 26 21 31 75 31 42 49 73 56 83 10 18 19 39 68 32 8 12 27 9 94 73 82 5 85 17 5 72 15 95 25 42 50 99 61 26 40 25 9 19 9 87 97 85 19 3 92 5 97 18 42 84 10 8 18 74 81 24 70 19 20 70 33 18 29 18 74 79 43 4 48 8 13 45 38 95 59 27 3 13 13 23 73 69 69 37 69 7 57 11 66 49
17 77 87 72 96 20 92 98 54 78 15 6 28 24 68 40 52 78 41 59 74 75 52 59 80 94 27 55 71 34 50 72 99 55 13 25 89 84 72 15 48 60 19 47 64 7 91 22 5 12 79 42 19 13 34 83 56 44 67 18 67 18 31 86 13 62 11 9 40 68 31 54 79 13 97 2 80 71 82 44 67 23 35 49 47 62 3 52 97 23 96 59 63 93 33 32 64 46 33 55 26 54 56 16 3 4 99 86 53 16 23 77 76 63 53 50 98 18 92 40 57 54 1 65 66 36 39 14 56 77 48 70 79 16 53 58 91 8 29 36 31 55 55 22 88 72 56 54 8 6 51 30 2 55 87 24 4 34 12 68 33 41 43 38 5 3 87 67 37 28 18 74 31 23 58 63 54 8 4 2 69 36 54 9 13 9 26 10 69 92 41 18 95 67 27 28 48 28 15 78
78 98 99 22 99 75 72 2 96 10 68 66 60 71 75 97 82 93 69 55 65 63 90 17 25 80 6 75 89 33 95 89 42 37 41 93 65 9 94 91 70 38 37 87 48 98 35 79 10 5 22 85 90 68 32 70 98 31 10 18 36 29 11 7 98 4 17 89 27 95 1 88 50 73 97 75 44 61 28 13 12 61 95 40 49 5 27 42 61 28 12 96 21 65 65 95 86 83 70 67 46 69 30 75 54 67 71 4 34 61 42 50 84 25 30 37 33 46 22 96 46 39 30 97 86 73 27 78 12 30 1 76 44 54 31 6 4 2 20 86 99 3 97 34 8 7 69 72 69 20 35 80 60 26 22 31 36 89 60 21 47 17 81 4 59 4 62 40 18 49 60 91 35 92 43 58 17 45 56 92 10 26 61 28 49 19 16 80 10 77 88 63 31 37 23 55 96 24 72 10
90 40 4 84 87 78 14 63 41 77 6 82 55 15 66 5 28 80 84 9 7 76 25 12 98 64 58 50 62 70 79 7 97 32 87 83 1 87 40 5 68 73 86 43 44 66 52 95 19 93 73 89 73 11 18 61 36 5 75 90 56 29 75 25 79 85 92 72 74 13 79 81 31 62 94 93 33 17 73 19 30 41 91 91 36 39 53 49 59 57 49 99 99 9 28 94 8 31 38 12 19 8 36 1 19 35 63 21 91 31 25 74 39 75 99 83 73 46 27 50 15 89 60 9 26 60 6 9 98 8 46 15 52 56 35 55 47 87 7 26 37 87 36 6 74 85 15 2 69 7 75 22 64 35 77 34 58 77 43 54 10 19 33 16 36 66 38 34 76 57 15 90 53 50 33 86 10 6 56 74 11 35 85 46 27 89 53 95 11 66 19 92 15 92 35 93 27 25 97 77
28 50 15 69 12 22 93 97 13 65 90 43 42 95 80 93 86 55 34 89 42 75 82 83 18 48 41 81 10 76 38 97 58 86 88 78 98 28 71 51 73 99 96 14 94 80 34 55 13 10 64 93 71 76 8 50 44 2 85 72 93 2 94 58 27 82 50 26 79 36 85 11 6 81 35 62 15 86 49 11 17 93 40 58 54 79 71 69 33 89 83 60 41 51 93 46 8 76 2 76 97 46 26 89 33 90 60 79 72 84 52 37 34 45 53 7 27 61 54 83 26 1 67 37 22 45 30 92 6 79 88 93 26 54 29 27 88 96 18 2 15 10 54 48 43 48 39 47 93 28 20 99 19 31 41 46 97 8 6 71 66 8 77 29 28 52 3 61 69 22 40 41 78 74 34 20 5 22 25 15 90 92 7 46 38 61 43 39 90 98 34 98 13 20 45 54 25 34 82 65
61 63 83 39 22 64 80 67 8 87 96 44 94 60 91 52 74 94 65 75 22 19 95 27 97 1 66 22 62 4 47 87 77 93 10 50 99 66 55 78 32 17 81 70 89 16 61 69 64 82 58 32 53 72 71 31 38 59 39 88 26 75 6 77 91 40 6 94 4 44 10 85 50 78 94 51 33 24 49 86 54 81 91 25 51 85 54 80 18 24 63 65 13 21 8 55 11 3 26 88 59 43 4 22 71 47 82 70 69 72 6 20 56 70 16 80 23 63 79 9 80 75 57 12 84 91 76 3 87 6 28 3 54 16 30 13 77 29 41 17 88 37 21 96 2 18 70 2 5 10 67 34 6 67 79 1 52 7 54 21 58 43 41 40 28 84 46 56 38 60 55 80 7 30 46 90 36 60 73 66 9 66 23 6 43 48 43 90 9 89 50 8 66 52 29 25 80 78 35 87
82 81 61 38 85 49 9 93 18 70 86 99 34 92 77 60 95 46 55 12 37 78 73 20 82 9 53 2 37 76 67 10 71 38 65 12 34 44 98 77 64 14 66 46 77 23 15 52 30 33 31 11 73 88 99 32 87 88 59 67 77 91 70 89 14 33 72 59 37 58 29 92 73 3 47 19 91 63 34 94 34 94 26 37 84 33 13 53 11 45 74 64 33 71 31 55 72 76 26 17 95 62 81 92 11 15 8 43 48 14 27 78 18 86 79 76 75 66 31 50 91 3 94 4 75 70 56 64 79 49 24 9 25 80 52 40 25 8 72 52 60 25 89 12 27 18 95 87 27 62 38 8 54 24 79 98 50 35 35 16 22 68 39 90 93 93 53 43 81 68 23 35 37 18 49 41 6 36 22 99 8 30 49 71 11 20 5 49 8 77 16 56 89 48 18 43 83 26 78 70
52 65 70 75 50 90 89 60 9 50 46 50 32 77 86 48 54 51 54 94 60 76 61 56 46 96 73 11 26 94 84 56 49 15 81 79 83 23 48 87 44 5 84 5 44 93 99 95 35 95 1 7 67 53 96 56 54 63 74 56 46 28 40 57 74 58 52 38 8 62 55 21 72 99 19 58 63 48 86 31 58 26 70 15 87 29 95 11 81 46 71 85 81 88 78 75 81 86 22 49 95 36 82 70 75 23 5 35 93 70 70 26 7 39 54 44 14 16 7 76 30 12 72 21 34 25 61 62 47 52 49 87 48 93 93 98 66 37 64 34 50 84 33 15 73 73 84 89 16 25 14 10 4 68 67 79 23 70 23 30 64 74 24 16 75 29 45 45 81 8 62 5 50 39 82 56 7 75 47 1 53 14 32 26 90 44 26 9 53 51 87 21 63 34 21 23 31 79 54 50
83 71 95 94 26 85 46 74 92 66 87 2 52 80 4 99 71 6 72 71 87 40 70 52 23 27 71 90 96 77 19 6 5 94 68 98 54 26 85 86 48 74 40 90 2 70 37 74 67 58 79 69 47 52 58 60 22 49 26 37 18 89 89 28 46 22 73 52 26 21 40 16 63 91 28 39 71 18 32 30 25 93 77 88 52 95 46 27 76 38 41 64 43 5 20 1 26 18 75 58 67 64 55 63 72 45 31 28 75 68 59 94 72 95 31 72 74 13 75 22 60 6 99 44 26 47 39 5 66 42 38 12 42 29 90 73 18 48 83 93 65 37 17 69 50 95 6 24 35 29 33 8 53 77 79 31 8 15 39 35 18 22 60 34 80 28 41 19 59 33 82 2 68 97 8 39 5 76 95 51 33 10 31 14 58 89 20 16 33 20 39 16 93 7 35 64 75 98 4 66
