10 200 16185 24.44
34 11 94 96 75 67 83 49 84 7 83 90 97 53 25 49 90 73 67 4 15 68 10 29 94 92 89 81 35 99 54 36 74 20 68 12 52 30 97 88 73 82 47 67 58 45 61 21 83 50 42 95 21 15 90 49 91 16 97 9 23 95 65 26 90 53 48 8 50 6 8 42 31 52 77 9 57 91 43 19 24 48 48 54 9 31 65 79 87 37 45 71 75 40 16 36 64 40 47 21 5 15 82 53 54 31 88 70 67 26 10 41 11 86 8 5 39 96 75 63 53 86 68 74 31 16 46 68 71 11 12 15 19 86 51 28 61 23 27 27 53 64 93 50 93 22 58 29 64 67 77 25 37 24 52 4 20 75 7 14 99 4 87 58 38 91 36 48 7 34 39 26 40 25 60 5 46 5 53 52 4 43 3 7 22 18 14 5 21 11 44 68 42 65 61 97 59 26 15 7
33 96 78 83 69 35 36 21 62 93 83 35 93 76 75 96 32 5 94 54 53 40 49 25 90 76 76 56 75 64 52 27 1 87 81 60 61 98 28 24 36 25 39 92 7 88 68 38 46 37 44 62 33 22 60 44 25 28 22 51 31 67 92 2 16 55 79 7 15 3 92 29 90 87 36 80 14 96 38 32 89 32 29 33 50 77 44 39 4 23 45 65 62 2 59 74 66 87 7 72 40 34 31 55 39 50 50 97 23 56 86 7 34 38 18 63 76 82 16 85 74 80 18 57 41 21 47 53 87 66 71 36 67 54 97 86 9 4 1 91 23 61 53 79 37 90 15 72 40 48 33 15 26 38 21 2 85 2 4 95 26 25 28 51 65 10 22 85 74 54 97 78 29 43 75 48 69 84 86 7 41 83 5 10 91 12 8 25 92 26 2 69 37 73 25 94 30 56 30 93
95 73 73 37 92 97 47 88 65 90 70 11 27 91 60 52 81 79 73 79 93 64 72 64 5 71 44 44 61 21 90 96 61 33 3 18 74 26 55 39 48 21 6 22 40 91 92 59 80 36 35 52 92 68 87 52 25 78 49 63 57 63 3 79 49 79 66 42 96 93 62 29 2 1 53 65 91 91 4 66 38 74 31 37 48 1 76 23 88 90 60 4 17 98 26 7 53 15 85 80 42 91 14 88 98 64 82 20 93 5 58 8 58 21 4 62 22 35 4 58 10 23 93 25 65 24 38 99 2 8 62 63 32 75 40 2 21 65 78 68 58 97 65 16 45 38 38 64 35 80 65 70 9 22 13 28 99 52 46 48 26 50 70 70 47 57 68 66 77 45 28 17 11 40 4 36 48 37 67 79 44 45 83 35 18 90 43 33 49 11 58 36 36 35 98 19 97 5 3 90
53 32 69 29 55 41 88 35 45 53 6 13 92 78 40 50 75 24 57 71 25 39 85 75 48 66 14 73 27 70 36 13 89 6 51 92 84 19 13 59 57 72 88 82 44 19 60 58 85 6 95 30 54 91 59 96 7 60 53 39 59 39 7 51 96 51 29 94 65 82 66 32 34 38 33 20 21 52 68 27 36 66 24 54 40 89 47 98 35 48 4 72 96 68 71 61 93 65 10 72 23 76 40 35 22 25 28 69 32 56 23 85 89 6 63 31 93 71 28 90 23 20 24 14 99 2 36 22 68 69 79 34 8 65 69 18 63 78 73 38 68 54 26 69 77 92 7 54 66 33 6 3 8 10 92 55 40 13 1 82 14 68 95 47 18 23 75 34 77 29 40 17 82 83 37 7 26 55 39 6 50 52 61 91 17 95 43 10 15 34 71 47 95 58 3 54 48 56 51 53
83 17 4 46 55 83 42 88 24 63 96 98 74 75 58 74 61 70 78 56 81 84 81 89 3 55 30 61 11 61 32 50 5 88 69 29 32 30 98 17 63 53 15 23 90 52 51 38 51 79 65 27 24 99 82 37 71 45 60 65 97 88 54 65 1 94 6 60 48 32 35 96 31 21 6 79 33 28 40 93 32 40 20 6 46 2 42 78 62 21 24 5 91 38 23 88 60 66 97 14 53 9 34 61 80 44 23 97 70 9 48 74 53 78 29 12 20 55 31 60 16 31 46 95 14 85 38 19 97 35 58 36 37 88 70 75 7 44 5 9 18 60 3 95 93 87 66 12 47 8 45 4 81 38 62 30 98 61 41 58 80 78 86 12 61 7 96 20 21 51 49 79 11 20 96 51 27 62 20 76 20 81 35 41 25 42 84 35 15 79 50 81 49 68 2 59 34 9 84 63
77 48 95 78 86 57 20 90 38 25 54 99 56 64 14 87 21 10 8 50 89 70 41 62 93 25 65 3 76 21 75 67 52 51 98 58 82 96 54 33 61 66 80 48 67 11 5 58 49 32 20 26 99 20 55 63 79 83 64 4 17 33 8 22 26 96 41 95 89 60 95 89 81 21 87 3 7 86 59 19 64 44 36 74 65 73 37 11 30 16 60 24 60 37 35 44 74 70 64 90 88 99 25 46 1 51 51 24 11 68 26 85 95 50 60 21 64 12 32 9 87 25 6 13 7 59 64 75 68 50 38 57 50 29 42 25 75 49 93 96 79 24 48 99 36 86 87 52 54 9 95 85 83 72 8 72 12 22 60 68 19 37 1 12 32 77 11 9 91 51 88 79 62 54 74 92 13 51 48 66 75 36 59 16 7 53 18 29 53 51 60 15 23 2 4 18 92 68 22 25
38 98 88 65 96 22 70 29 74 62 58 56 45 25 67 2 12 51 33 77 30 50 52 99 31 30 27 82 46 1 60 73 74 14 89 76 79 78 17 85 42 13 64 82 82 98 23 82 9 27 53 62 52 19 29 69 94 77 50 80 89 71 22 38 77 46 86 28 25 5 67 80 6 22 57 64 45 12 69 88 20 75 53 9 97 33 34 69 27 3 61 27 1 87 36 87 79 12 47 84 50 52 9 8 62 89 45 7 22 13 68 77 72 6 93 70 30 30 73 38 30 90 93 23 50 37 24 26 49 19 94 2 72 84 45 2 2 88 69 60 70 89 80 68 5 49 81 92 33 47 91 9 29 93 19 3 37 42 15 30 3 50 51 96 35 73 72 57 34 93 45 48 2 30 16 3 20 42 83 8 82 92 47 62 7 40 1 64 36 96 20 32 17 31 57 47 81 13 37 62
94 99 82 96 60 64 81 17 57 66 54 97 44 46 65 97 81 94 93 11 55 44 18 74 41 20 16 61 75 77 25 97 71 50 63 37 15 45 22 92 39 38 34 51 93 33 26 47 84 27 68 53 15 83 18 23 37 58 30 18 75 90 77 65 93 16 48 55 66 98 57 14 82 71 10 30 83 1 44 1 26 84 58 14 43 26 23 53 57 52 15 16 45 20 50 89 68 31 82 31 45 30 21 42 4 16 52 84 19 61 94 87 35 77 61 59 71 92 55 60 99 92 55 40 11 69 45 17 38 27 30 78 78 94 14 40 1 56 85 87 56 82 22 93 25 94 79 12 25 75 34 77 5 23 41 46 29 63 17 15 53 18 57 11 19 73 79 19 39 29 1 76 69 40 57 4 30 34 11 45 5 71 1 82 16 38 49 13 53 1 88 6 22 65 32 28 17 61 7 66
67 92 73 55 51 95 52 78 62 58 37 34 49 39 68 23 97 50 90 22 11 48 37 3 45 63 65 37 13 45 73 60 36 37 77 77 28 70 63 42 74 81 56 19 5 91 12 57 49 94 45 5 34 79 67 10 37 10 51 15 2 57 77 94 49 25 70 60 34 41 50 67 75 76 66 23 54 49 47 8 82 45 62 71 24 59 97 48 34 94 13 59 18 48 62 76 80 80 41 12 49 74 89 56 73 49 7 9 42 40 11 61 76 58 68 63 95 69 40 19 65 37 60 29 2 72 13 89 98 38 58 64 41 76 2 17 11 40 74 84 31 57 42 39 43 83 60 92 21 90 94 76 15 33 26 10 28 35 10 84 30 61 5 87 7 20 7 70 2 31 22 48 91 70 27 7 42 14 91 21 23 66 88 26 1 92 95 89 19 31 17 59 65 91 4 84 52 40 22 58
44 94 93 66 6 74 90 83 89 46 75 88 49 2 93 57 60 85 13 47 17 62 86 71 89 55 81 54 95 68 61 97 18 98 92 91 75 47 77 41 58 54 98 4 11 29 68 41 32 90 28 84 24 63 89 44 7 34 95 44 49 24 26 54 13 80 28 74 40 53 86 62 11 8 23 58 28 5 57 89 11 44 81 35 94 38 1 40 5 19 89 33 3 39 33 94 49 1 90 25 42 59 36 23 13 1 81 60 12 14 34 61 62 53 77 19 38 50 35 10 9 24 76 71 60 15 98 50 54 57 11 26 64 61 72 51 64 92 32 56 45 47 77 19 24 69 75 6 14 3 86 40 74 13 45 24 26 8 53 48 86 12 73 48 65 89 25 13 94 2 63 56 31 17 55 14 86 83 13 41 52 4 27 97 10 97 17 90 61 1 13 95 61 56 55 15 27 14 69 46
