20 200 13729 1.48
18 37 69 26 30 28 86 65 66 91 7 72 22 16 19 81 30 47 19 8 51 66 31 29 43 27 64 38 19 60 11 3 31 83 11 7 7 49 65 56 55 47 95 18 29 24 20 32 49 71 31 26 52 76 18 79 74 17 20 84 44 77 43 67 42 92 35 95 6 24 49 77 18 31 89 17 46 5 70 2 52 41 69 63 89 41 3 99 33 86 60 11 92 85 80 80 89 42 94 15 57 54 19 78 79 63 57 46 70 74 76 87 97 11 35 63 64 14 98 72 47 37 40 15 5 49 76 76 67 43 24 93 54 61 21 88 91 41 40 29 1 63 14 10 90 7 37 20 70 97 94 80 20 39 54 35 23 43 38 67 27 83 92 37 15 73 41 19 15 40 52 57 72 69 2 59 96 72 88 68 59 9 99 84 76 57 44 9 71 31 66 48 58 92 35 87 86 82 99 8
10 17 7 49 24 3 20 11 15 20 25 26 30 23 39 46 62 8 23 17 25 62 35 1 70 5 12 23 90 64 1 31 77 23 98 65 83 98 57 4 23 81 38 67 41 31 96 64 95 26 17 10 11 2 7 23 95 87 48 1 27 33 62 34 45 89 91 12 41 84 52 13 64 20 61 40 2 85 60 1 11 22 36 66 26 74 59 28 85 50 51 24 42 37 48 68 74 1 3 95 34 66 52 24 73 73 26 46 59 41 74 10 40 50 4 83 46 76 72 25 42 87 76 27 8 5 14 51 99 75 32 16 63 37 97 44 77 75 93 84 50 69 58 41 2 42 84 40 28 99 4 94 27 95 96 96 62 66 86 62 11 56 87 54 55 84 40 6 22 73 92 91 71 76 80 86 40 29 72 10 88 93 82 25 24 40 75 80 59 55 86 25 78 70 79 73 86 54 50 17
8 33 3 57 44 3 62 34 6 61 12 53 7 94 6 97 24 88 50 60 8 29 14 99 2 4 54 53 31 18 24 38 69 4 73 4 96 34 52 82 59 76 7 42 89 77 4 44 34 53 72 8 70 97 48 32 84 24 42 24 50 54 20 7 59 66 34 6 68 72 80 28 82 35 99 62 27 75 7 22 71 17 5 67 95 72 36 66 56 39 85 43 92 20 14 25 51 95 10 38 5 87 36 60 66 42 65 2 67 55 80 29 32 91 72 70 57 56 61 30 12 26 30 60 49 8 27 16 63 88 10 58 3 22 25 79 57 71 35 20 79 66 63 11 82 85 90 72 18 22 29 60 91 83 57 6 45 67 23 2 49 9 78 83 65 33 65 58 66 32 64 81 79 30 27 12 71 21 50 77 98 46 49 18 62 85 66 79 43 10 97 72 92 87 76 64 88 46 31 60
1 43 61 99 54 89 13 10 17 11 92 25 93 60 74 50 41 27 53 55 27 71 65 11 68 57 69 37 4 43 97 6 30 55 45 50 57 66 11 36 57 82 99 19 14 86 54 40 33 47 62 80 37 7 59 76 62 9 19 21 1 70 99 52 25 34 57 55 73 62 41 39 51 19 58 7 85 89 84 4 8 88 33 57 29 1 64 36 23 54 68 35 84 13 98 6 99 98 88 6 65 1 81 28 12 95 88 54 80 38 41 38 70 62 14 46 97 14 6 97 94 36 48 26 21 71 14 76 45 56 86 57 68 30 89 25 23 26 26 12 70 15 62 69 25 50 48 44 87 1 65 35 86 32 79 46 66 72 40 56 84 30 52 99 85 49 78 85 91 51 30 52 2 3 23 65 23 54 69 68 72 94 44 84 65 99 28 47 99 56 72 98 62 88 43 76 60 40 57 55
73 3 11 10 68 31 37 28 30 55 68 5 87 41 12 15 66 73 26 19 3 16 48 45 12 38 40 41 87 26 83 61 64 65 79 41 36 22 27 31 59 33 62 55 75 83 10 24 79 35 44 59 45 87 10 83 6 4 2 96 71 55 63 33 94 27 16 29 30 37 38 17 99 16 11 89 82 64 50 50 56 22 79 33 12 23 74 1 58 24 54 67 15 83 5 93 36 61 22 78 41 95 4 67 91 22 83 15 72 54 15 77 67 13 17 28 10 55 97 75 43 32 97 64 34 75 66 87 31 5 87 34 7 65 34 93 23 15 40 15 64 86 78 79 87 73 65 33 89 97 8 63 93 8 29 15 46 8 6 60 60 68 25 22 90 14 3 97 82 58 84 59 81 97 93 47 35 89 82 26 94 55 82 63 18 27 69 85 20 44 57 25 71 65 81 64 94 23 43 19
4 6 51 12 20 39 14 24 2 18 69 55 27 8 19 9 44 7 19 93 76 47 24 59 54 21 86 80 99 27 64 87 3 27 8 53 71 29 17 41 78 49 40 38 53 53 26 97 54 50 70 29 59 17 78 40 30 2 41 38 34 35 63 17 56 97 99 53 11 11 46 42 63 10 25 57 58 24 10 37 53 97 82 86 36 42 39 5 40 99 45 8 1 65 46 52 75 20 37 65 58 28 34 59 34 29 41 86 26 20 86 30 35 79 68 6 81 5 98 56 22 32 58 87 22 40 27 52 19 61 2 14 54 10 38 44 34 27 18 99 22 92 46 37 45 91 70 98 38 76 57 61 88 84 41 95 65 40 90 54 75 69 23 3 32 34 80 78 95 87 67 23 61 77 58 49 96 33 2 99 37 4 8 22 47 46 7 55 80 81 70 17 88 86 10 81 14 97 99 93
45 38 39 36 46 96 64 7 48 18 58 92 42 59 28 16 47 12 8 53 22 63 36 44 5 33 37 9 2 6 75 7 88 37 20 19 30 24 46 75 22 31 55 9 20 49 82 32 48 49 95 93 53 56 26 96 43 68 72 22 78 43 1 54 71 55 8 25 40 37 52 9 14 52 62 74 63 39 93 93 31 69 42 53 14 51 13 22 17 61 76 61 13 61 85 51 63 93 96 63 13 97 27 9 90 69 50 16 58 71 51 84 12 36 23 26 57 49 42 18 29 99 35 58 85 53 97 70 17 33 22 42 95 69 55 43 24 74 87 28 12 94 79 57 5 39 54 4 59 84 81 51 23 20 87 84 14 75 88 43 38 79 94 85 46 74 35 2 94 53 8 10 50 78 35 19 19 93 99 88 85 53 96 90 20 75 13 28 64 27 54 94 53 7 82 84 39 70 23 53
14 8 28 8 6 18 18 40 41 64 21 76 47 24 43 53 77 45 60 49 53 41 75 69 50 21 51 10 5 44 40 94 11 22 24 90 16 54 3 80 91 5 73 44 20 38 25 18 18 33 87 50 35 42 48 4 26 10 73 13 36 91 55 61 38 84 49 29 62 99 45 72 40 64 32 12 88 31 69 89 25 46 30 42 6 29 49 69 17 70 87 71 34 40 7 69 4 59 52 41 6 18 70 9 16 9 21 73 93 13 7 2 15 93 73 25 10 42 41 11 94 57 29 47 40 86 43 43 31 75 18 43 35 59 92 26 50 73 20 78 99 28 70 30 1 23 80 23 4 38 36 39 75 29 63 6 70 47 21 43 28 91 15 91 40 88 16 16 30 56 14 98 34 77 50 18 26 63 79 68 48 80 87 87 64 80 2 92 66 99 89 18 50 39 86 26 43 41 66 49
69 75 22 3 1 1 4 24 63 30 39 10 5 43 10 17 91 51 91 63 95 42 40 4 21 23 37 6 80 33 26 36 43 47 23 67 18 30 84 13 27 4 28 21 59 2 35 68 42 7 29 93 12 13 62 79 30 89 21 78 92 72 71 51 37 34 20 3 31 30 75 34 8 46 90 46 99 20 24 31 1 8 49 40 70 64 1 94 43 60 16 36 69 31 76 70 11 23 43 33 81 72 64 88 84 94 5 98 15 25 14 46 46 49 75 51 74 86 27 88 42 55 33 99 76 62 88 72 53 48 43 12 62 26 12 1 80 38 18 95 38 52 39 34 43 98 35 65 15 6 56 16 96 47 34 84 88 98 49 7 48 13 30 7 85 96 63 90 33 27 33 59 59 40 39 23 74 71 50 93 36 29 18 14 58 59 99 9 73 87 39 54 56 24 39 21 62 86 54 63
31 48 30 23 4 88 84 69 48 27 58 1 49 53 4 58 9 19 36 37 15 24 47 19 37 13 83 95 56 99 35 3 66 95 16 39 79 11 69 86 11 33 10 72 66 48 74 76 24 52 2 14 49 58 24 41 15 20 71 49 98 30 15 15 78 48 86 6 40 43 23 27 59 55 4 38 29 70 29 28 86 7 35 45 84 87 71 10 84 5 45 37 45 31 40 71 51 32 21 23 21 13 23 34 48 88 9 33 3 83 89 24 5 37 18 53 46 96 24 44 70 94 99 13 79 13 6 12 7 37 77 2 93 93 57 57 3 50 78 55 36 47 88 82 58 18 31 94 25 22 78 97 6 31 10 92 9 68 82 12 52 53 9 74 78 24 71 40 36 84 55 43 67 54 37 82 12 79 40 10 35 93 63 12 79 60 48 25 85 73 2 89 82 90 36 81 14 78 96 37
58 21 74 21 58 68 4 58 24 73 78 69 26 45 64 99 16 65 45 59 17 18 58 97 75 74 1 46 18 8 31 38 71 15 55 71 44 42 66 16 59 51 4 49 83 70 90 18 74 70 75 4 95 22 28 69 47 35 86 41 23 39 9 66 58 67 59 70 30 34 81 76 38 84 47 37 96 90 79 76 58 67 69 3 16 62 49 63 33 82 30 4 55 29 50 37 17 30 87 75 61 55 21 61 34 20 10 70 43 68 41 14 61 54 18 61 16 52 62 66 86 63 93 89 78 46 80 54 76 84 31 30 76 27 65 75 88 96 39 93 66 47 11 39 74 42 80 77 21 77 37 7 52 35 29 47 85 83 28 19 78 84 1 98 78 40 16 51 84 58 76 40 88 26 52 31 92 58 1 9 45 27 1 89 80 47 89 83 96 30 86 54 70 51 32 67 88 54 59 59
19 44 48 10 52 16 34 89 82 75 11 31 40 81 2 18 3 50 88 10 71 12 72 84 3 98 53 34 44 97 4 14 40 63 3 60 48 52 1 66 7 9 59 32 26 57 19 23 16 35 7 15 17 34 2 73 41 34 18 18 57 30 54 53 25 1 71 24 38 43 37 1 25 17 56 90 1 40 89 78 3 98 19 23 21 42 90 63 46 81 27 10 76 60 2 4 33 49 36 61 75 1 11 34 37 66 29 40 39 34 19 71 55 70 62 19 54 2 1 23 69 35 2 75 4 64 47 93 32 54 66 60 73 43 56 53 53 13 61 19 83 2 42 57 87 25 13 7 52 38 71 51 31 45 53 36 29 3 54 95 90 67 67 5 68 88 50 64 70 84 79 44 27 14 35 65 29 78 77 79 1 40 8 82 39 86 67 79 92 56 55 72 5 24 83 47 49 94 91 10
19 1 2 11 30 62 35 4 68 1 11 15 20 9 43 44 21 17 55 2 6 44 8 32 74 22 6 1 48 65 56 68 1 1 28 67 1 48 76 16 2 21 71 43 23 71 28 96 56 64 95 32 24 2 95 45 62 20 45 14 78 15 2 57 10 19 51 57 52 64 33 74 18 88 27 45 33 7 25 82 74 35 8 47 64 60 98 45 71 46 54 88 37 68 63 73 84 56 55 50 29 91 81 97 91 32 12 5 42 44 48 9 74 44 95 78 7 80 51 49 27 64 40 34 89 84 62 41 86 27 62 96 25 39 55 95 92 89 65 64 67 99 46 27 9 83 52 56 29 69 51 9 6 8 54 51 19 37 68 98 31 60 96 31 45 8 88 41 53 28 73 90 32 11 55 77 92 41 55 44 35 96 76 19 96 10 99 55 57 91 47 89 92 72 30 83 60 30 82 2
7 5 10 45 23 6 37 46 48 74 3 38 11 85 48 4 79 69 47 10 81 26 10 35 30 52 12 55 19 16 10 16 66 34 51 69 61 81 97 19 47 91 26 41 60 25 70 39 1 42 53 95 62 86 73 20 17 92 93 90 12 73 72 67 11 8 18 31 86 16 83 50 48 57 30 58 4 14 42 8 92 22 95 42 75 49 22 38 31 68 8 69 56 71 13 46 31 74 74 14 67 79 16 1 73 68 58 30 40 10 43 31 60 27 58 49 77 35 62 9 81 8 1 49 91 13 1 78 38 47 61 55 26 90 9 67 79 59 83 12 92 24 28 25 86 36 21 60 55 46 59 66 51 98 48 18 86 99 33 12 32 47 88 66 97 25 44 56 2 32 45 52 43 95 72 76 78 60 79 84 5 55 98 34 63 87 77 77 36 55 14 84 8 87 90 56 97 72 96 10
31 40 79 20 83 40 93 39 27 22 48 5 65 51 6 3 77 4 17 17 79 89 86 41 10 19 77 16 14 19 24 89 13 68 12 44 38 8 26 7 69 11 43 84 75 37 35 31 87 12 64 11 66 34 26 20 95 17 2 44 15 38 59 50 20 8 60 90 68 22 92 43 15 78 28 23 48 80 60 80 55 81 24 93 60 1 27 40 67 2 86 55 8 6 68 34 5 26 41 86 71 44 69 41 7 24 86 71 8 91 15 99 36 56 99 82 93 74 20 93 4 98 3 89 74 4 58 45 88 9 99 94 3 90 28 67 45 27 68 38 29 9 55 92 51 70 64 62 75 5 64 94 12 59 90 90 60 72 50 92 94 38 33 39 88 56 75 78 28 9 51 81 47 22 64 89 72 71 47 35 66 85 66 44 25 93 86 33 41 73 38 89 58 38 82 80 63 69 33 17
65 52 27 53 40 8 18 29 69 57 68 64 6 30 74 51 4 42 36 81 67 40 19 30 32 71 17 82 36 39 76 57 14 49 47 33 63 35 14 47 60 85 16 54 7 50 78 32 23 72 24 66 28 78 79 46 4 66 19 42 46 24 21 31 70 11 68 81 61 8 10 68 7 42 12 76 5 4 33 27 90 30 64 52 70 37 81 84 51 23 37 54 29 82 34 65 14 11 71 95 73 70 97 12 44 67 40 86 38 61 94 96 76 93 62 71 78 46 16 57 52 17 77 98 2 95 96 27 80 73 92 92 73 54 63 65 31 4 41 79 14 44 46 66 88 96 54 31 99 70 63 43 95 58 33 77 91 35 99 58 49 17 54 48 5 87 17 1 14 49 59 53 94 97 85 10 49 91 6 18 37 47 8 91 91 10 84 68 30 92 56 20 40 54 91 8 76 63 48 81
26 66 10 35 70 16 2 21 34 2 30 20 96 22 65 71 24 38 69 61 70 65 2 36 82 82 7 90 71 70 45 70 28 85 40 66 31 41 3 43 78 71 29 27 6 44 34 11 43 33 3 67 27 38 87 30 71 80 78 29 18 29 58 82 50 90 35 96 41 67 13 72 61 93 2 94 51 93 37 90 71 4 47 23 9 16 20 99 69 66 2 71 14 46 56 15 72 59 18 28 36 3 81 90 1 38 97 54 18 22 58 64 30 39 75 26 22 48 13 37 2 28 43 23 74 65 44 36 14 70 45 92 62 77 90 27 95 36 59 73 69 45 13 94 78 97 52 53 60 71 7 13 4 83 62 60 63 1 75 94 73 97 61 17 11 5 77 80 85 73 32 49 45 27 89 88 98 11 58 75 38 52 29 50 92 58 19 76 43 99 81 84 96 73 70 66 6 38 47 61
11 5 3 59 40 78 21 80 44 40 13 30 76 46 89 69 3 58 21 75 45 2 86 20 46 59 3 41 92 26 81 44 28 69 98 14 24 85 43 82 17 12 59 36 65 12 76 74 67 6 2 59 29 76 98 9 93 92 21 40 94 33 17 87 28 33 60 53 72 56 2 89 95 18 61 19 4 49 38 33 52 91 63 67 71 58 73 75 84 3 37 99 47 55 67 65 35 36 39 95 77 21 59 35 21 43 90 14 79 57 17 84 88 12 46 98 82 94 84 1 87 8 41 4 91 53 33 9 86 16 74 27 59 30 70 52 16 79 87 98 44 32 92 75 3 55 1 65 86 2 72 34 74 49 99 34 51 22 34 56 47 31 54 87 39 66 90 73 44 84 57 63 61 83 93 53 3 7 53 89 93 70 87 69 56 6 64 73 7 82 49 82 33 30 67 32 83 79 52 75
59 50 51 46 27 14 59 40 13 17 45 68 21 2 76 4 8 85 37 2 3 77 38 25 40 70 71 55 41 8 9 49 83 15 53 6 23 46 66 46 27 54 37 84 50 21 14 44 35 95 34 37 94 40 29 33 20 59 63 94 35 81 83 6 86 14 8 37 25 31 23 29 51 46 98 32 39 11 29 79 46 52 93 27 42 92 50 23 1 11 45 80 73 70 96 52 89 62 89 6 55 45 96 72 88 20 69 92 97 69 78 72 37 62 20 15 19 1 43 69 65 51 89 19 53 64 76 75 30 39 45 76 65 68 38 15 53 92 71 48 96 81 42 85 76 12 52 94 85 83 30 58 97 95 4 4 90 61 21 68 47 45 93 95 48 74 77 86 54 25 97 3 15 39 76 71 86 71 66 52 95 5 78 91 66 68 95 93 90 5 66 52 41 61 22 42 64 84 87 2
16 12 39 48 22 46 46 35 10 21 22 33 26 10 84 1 87 8 20 63 22 2 43 57 88 57 76 44 1 94 73 59 44 15 90 10 52 27 63 42 40 42 39 55 37 25 34 41 26 52 38 58 42 45 15 19 3 95 87 85 15 4 60 37 26 55 7 81 59 95 61 77 83 71 50 26 82 53 17 35 12 52 14 30 72 62 44 7 60 42 60 50 93 25 31 6 49 56 7 20 62 48 47 91 3 30 57 62 47 65 50 32 63 21 66 50 13 78 87 86 39 82 78 41 42 68 63 6 61 84 49 33 32 38 38 20 26 55 12 3 11 49 75 38 60 8 67 56 61 54 95 88 33 63 39 91 8 74 86 74 61 37 24 37 9 63 56 62 86 88 26 47 67 80 33 84 16 27 48 32 57 95 49 70 27 58 21 22 24 49 73 34 87 83 93 91 64 46 45 63
