20 200 13764 1.46
34 19 18 19 46 91 13 20 88 36 55 32 64 44 87 62 35 39 52 64 49 39 47 90 55 5 2 98 95 68 70 93 22 38 83 96 30 66 4 11 18 24 55 49 66 69 25 11 53 3 14 1 91 34 56 83 57 63 55 38 91 37 42 69 13 53 72 59 94 84 68 88 82 40 96 47 59 51 26 54 3 19 74 18 81 90 35 7 9 27 40 21 42 45 28 48 97 3 95 8 41 90 81 55 37 64 98 73 2 45 18 15 49 94 15 19 92 88 2 12 41 12 43 40 57 18 33 83 40 55 10 48 31 68 47 12 10 57 61 81 43 55 35 94 34 60 64 35 77 60 2 1 55 7 64 25 93 95 83 75 56 83 89 11 94 30 58 8 52 44 97 46 12 94 45 88 91 7 92 90 64 63 66 23 81 24 34 44 77 39 32 64 55 65 63 96 84 45 65 64
8 74 28 42 51 24 14 54 28 83 33 56 92 82 34 28 57 44 28 38 5 71 48 12 98 64 73 33 12 8 77 67 56 17 3 4 3 9 69 60 37 26 88 36 2 70 16 66 49 5 67 6 56 63 61 31 74 50 93 4 39 38 52 88 59 4 73 41 36 83 62 66 30 21 88 7 2 81 75 81 25 69 87 33 55 16 96 71 22 2 44 20 36 30 57 52 2 29 50 86 15 31 70 54 21 28 46 66 82 84 29 19 52 80 80 90 67 2 68 13 14 42 4 58 62 86 59 64 30 53 2 29 37 96 85 48 96 79 91 92 58 14 75 54 43 72 72 87 90 74 85 94 40 28 98 46 34 8 65 42 73 47 80 86 98 78 29 24 56 93 13 17 17 76 18 8 39 75 18 95 26 37 73 62 53 76 25 40 57 3 56 72 76 74 88 90 48 84 87 38
38 4 7 77 89 86 67 97 13 95 27 7 47 14 6 66 42 89 63 69 55 26 5 25 81 65 31 91 91 80 43 19 71 65 73 51 66 47 80 52 84 70 53 67 67 2 40 70 93 65 11 1 47 29 16 80 14 74 1 90 45 30 54 87 56 78 42 58 60 44 58 13 32 53 24 73 23 56 34 95 85 26 58 42 12 17 37 3 84 28 25 97 32 61 2 35 92 65 40 52 86 60 76 53 13 99 17 44 43 30 78 2 95 43 27 12 50 29 11 51 54 70 92 20 56 98 71 97 73 67 28 49 48 97 8 25 38 72 93 81 70 10 92 98 60 1 39 34 9 84 27 64 85 85 17 20 56 97 40 24 11 75 61 86 2 51 76 66 82 31 43 37 39 67 32 49 9 49 50 91 9 79 52 89 6 82 38 43 87 23 85 90 41 80 97 88 57 2 51 69
24 27 91 67 11 56 27 44 79 12 21 16 68 22 41 19 30 19 57 87 81 53 32 15 27 28 31 26 5 66 68 35 82 56 6 63 47 25 13 53 71 72 44 58 23 33 45 40 71 38 71 82 48 39 54 10 33 47 73 29 39 44 22 71 86 14 25 96 14 12 96 84 65 96 59 37 37 70 25 27 71 97 48 41 61 86 94 60 99 84 38 68 23 56 61 78 79 14 73 66 34 85 97 76 38 17 1 34 82 43 76 33 56 99 19 40 80 33 13 40 43 67 27 82 65 24 74 88 79 61 98 45 66 8 73 80 53 46 69 40 89 53 83 59 48 92 36 85 25 28 29 2 86 18 76 63 17 77 90 38 26 13 36 21 26 36 70 50 48 82 67 63 96 56 89 89 8 93 63 52 75 83 92 85 6 47 72 83 62 97 20 39 71 71 12 81 75 32 59 87
34 49 58 11 12 1 28 56 26 8 35 26 47 40 97 35 46 6 62 40 62 23 48 24 18 15 41 72 83 8 49 19 13 81 16 27 69 32 53 50 43 70 45 16 41 73 98 38 38 20 42 97 37 98 78 58 49 39 20 66 97 68 1 10 49 42 65 12 31 98 30 51 75 16 7 21 51 6 57 33 10 93 94 32 30 26 81 88 94 50 51 28 64 45 96 65 1 13 93 19 22 1 7 91 47 27 19 51 10 28 66 51 25 32 42 43 20 68 64 40 58 86 22 18 55 42 43 15 79 28 24 68 13 14 95 97 12 32 45 31 91 54 20 2 35 25 65 6 71 32 32 10 48 43 58 4 42 66 28 73 14 97 6 40 34 29 41 73 28 77 61 64 33 79 87 40 76 10 94 72 99 42 28 50 91 62 56 84 16 56 95 1 19 95 88 17 97 95 82 40
58 97 15 49 28 33 3 25 13 65 11 65 17 97 97 72 44 78 28 17 8 13 50 93 15 47 72 35 34 26 63 3 24 77 39 60 61 22 7 50 5 24 6 68 29 97 36 12 19 62 8 18 25 17 2 10 83 83 47 23 71 26 66 58 11 53 26 52 34 39 42 16 34 81 60 99 32 15 27 20 70 7 15 93 12 62 20 86 5 79 72 6 99 21 64 97 71 63 29 98 30 95 53 44 95 96 11 28 31 69 62 62 79 42 80 66 10 19 67 78 73 35 27 77 91 95 44 26 81 24 89 64 33 46 41 45 69 34 60 12 60 57 60 91 98 48 3 73 24 28 73 57 36 74 64 95 4 19 85 38 24 5 97 9 40 55 19 51 77 98 17 37 76 93 44 86 96 65 59 51 18 10 43 8 96 68 89 63 84 91 95 41 66 72 9 97 48 71 95 17
17 18 61 34 96 3 10 50 53 47 9 14 18 35 22 25 13 96 58 14 54 61 74 29 42 63 75 7 66 75 88 84 32 63 97 25 63 87 19 62 57 9 71 73 13 1 42 40 26 3 86 16 4 74 25 26 17 70 68 71 29 78 48 4 8 64 8 28 84 41 44 2 77 67 84 23 95 8 32 11 90 28 54 77 76 96 11 26 67 14 66 10 84 17 93 80 22 90 88 74 71 96 31 61 9 89 62 68 60 67 63 28 26 26 26 43 74 4 57 36 47 11 77 88 62 9 75 47 70 88 23 2 53 57 4 72 61 34 78 9 62 33 54 65 42 65 64 56 73 97 33 81 97 94 23 47 66 2 83 12 53 99 35 56 10 33 86 91 85 35 18 92 72 58 32 98 69 69 44 14 27 66 73 84 91 19 74 75 90 76 69 77 79 56 56 86 69 45 50 14
70 41 3 20 36 50 56 43 88 47 86 99 25 86 13 87 16 93 10 23 22 87 67 7 22 28 84 20 18 37 32 78 71 65 10 15 51 34 31 18 31 55 46 34 44 57 20 56 46 21 98 74 32 3 64 31 3 39 2 50 81 76 98 91 65 15 72 70 11 52 88 85 4 78 20 71 55 98 51 70 19 99 95 44 75 96 62 29 33 48 3 72 90 48 74 50 1 91 40 2 12 8 65 8 64 90 19 94 44 11 1 93 11 82 80 57 38 88 42 80 87 87 80 36 31 31 95 21 33 69 11 66 77 12 36 20 47 25 30 98 45 32 50 70 21 52 98 95 56 11 29 47 28 83 26 43 99 85 19 88 63 42 46 70 97 81 86 84 4 50 82 87 44 70 54 68 55 99 29 72 77 16 44 28 64 93 21 52 60 42 36 36 36 20 84 20 76 87 72 23
31 4 54 88 9 7 35 50 20 4 8 8 33 67 19 42 91 47 16 69 3 5 30 89 18 29 58 1 27 83 9 42 87 61 6 87 51 55 96 5 76 31 7 61 21 32 70 66 59 84 59 27 47 50 99 82 59 35 91 84 28 47 89 46 20 44 83 88 42 60 31 80 61 91 74 91 62 30 49 20 43 64 22 29 17 53 11 27 94 77 68 68 54 46 22 11 71 77 3 80 3 56 6 11 37 44 7 38 80 86 35 33 37 9 20 79 81 61 4 85 77 74 93 54 58 78 41 70 6 45 38 47 89 65 95 95 32 93 94 75 41 61 81 2 29 14 12 66 71 42 15 62 46 98 55 39 61 42 13 95 33 77 59 86 60 75 10 47 89 86 83 73 89 4 51 72 34 55 93 4 57 95 52 27 55 5 10 11 41 35 92 63 58 83 76 16 23 18 40 69
25 23 7 9 39 15 51 44 74 19 91 8 43 2 83 11 76 54 3 1 25 58 23 77 84 16 2 9 18 61 47 19 15 32 66 7 40 22 76 25 10 56 96 12 78 90 49 42 32 86 5 93 18 91 35 94 58 39 68 20 59 21 52 93 71 17 3 29 45 81 7 82 20 84 15 32 41 60 31 23 58 6 69 80 59 11 43 57 74 67 78 25 13 83 35 33 51 85 81 69 89 33 78 45 40 70 55 58 2 37 40 75 84 76 75 90 13 81 88 26 29 89 80 96 3 96 16 32 86 27 66 38 72 80 50 14 41 45 56 48 57 76 4 16 28 52 94 11 58 55 85 42 47 42 52 97 3 14 83 27 94 74 39 55 50 8 97 9 15 65 87 44 24 14 10 13 69 71 41 46 78 61 57 2 92 89 88 71 34 95 63 47 19 48 84 24 45 88 94 1
28 9 12 34 69 24 51 43 50 3 95 46 76 77 32 52 2 17 17 21 51 61 40 21 38 94 81 54 94 4 5 27 63 74 40 26 45 98 44 13 89 25 12 32 23 72 50 49 94 29 82 69 6 4 44 39 51 56 56 53 41 36 28 60 20 63 26 44 79 14 78 22 98 65 23 96 6 15 78 15 61 35 14 65 6 53 90 29 47 98 74 24 25 3 31 88 17 3 24 47 99 4 52 14 99 77 93 27 28 42 55 73 91 60 81 29 56 68 92 94 49 86 45 29 34 38 6 2 32 16 64 49 59 23 53 97 99 21 37 20 68 90 97 97 55 43 44 38 33 98 23 75 59 55 7 4 82 96 35 77 54 89 69 28 94 30 80 79 91 54 35 17 3 84 62 67 58 14 78 45 61 87 88 57 97 66 93 55 43 39 78 83 63 16 51 63 72 1 55 21
24 7 23 38 28 19 7 1 38 44 84 32 62 29 23 53 14 26 6 21 43 89 21 38 51 45 78 11 63 23 7 92 20 33 67 14 23 83 73 1 99 99 27 92 42 35 68 33 33 51 40 59 20 3 74 32 57 44 20 3 28 84 24 41 39 37 71 7 58 33 40 77 5 94 7 9 27 83 67 59 6 30 26 5 83 89 8 74 12 39 58 59 18 47 36 1 86 91 75 39 80 20 16 87 87 32 97 68 41 74 84 52 39 18 40 68 86 64 72 45 76 30 37 66 68 31 55 2 46 12 68 85 41 68 92 35 80 69 46 3 22 68 17 7 47 24 51 70 27 54 62 40 58 5 27 84 85 47 44 3 14 52 63 15 61 95 99 47 70 42 85 85 72 65 94 4 18 16 95 61 86 75 99 77 1 78 70 81 56 82 18 83 78 71 28 43 76 77 91 21
52 47 38 23 15 51 2 50 5 4 48 99 49 90 62 73 12 82 2 21 93 18 78 1 17 86 1 76 19 8 58 85 8 50 17 59 13 30 84 76 13 25 30 27 81 88 22 18 4 94 14 60 91 26 22 43 33 48 81 72 88 21 35 3 61 29 68 83 79 14 30 56 21 7 62 55 75 49 79 6 40 84 49 13 2 8 51 60 37 68 9 99 63 62 67 30 42 27 61 31 51 35 86 53 16 48 55 43 81 18 43 39 31 61 27 11 79 86 78 1 47 16 54 70 25 51 84 37 18 46 54 94 68 55 52 60 62 52 60 35 14 33 60 71 73 48 88 44 57 85 84 38 58 20 92 94 55 44 87 81 42 37 50 74 45 74 80 84 92 43 48 73 75 64 72 98 7 81 51 82 78 49 81 73 60 63 67 6 30 63 83 65 77 35 35 90 80 68 36 21
3 28 40 35 26 62 75 59 56 86 52 45 23 2 35 55 43 11 65 73 53 57 90 43 72 3 73 42 1 90 79 6 54 1 81 91 89 16 19 57 40 83 43 18 65 72 19 74 30 43 48 71 65 97 60 67 74 50 12 11 4 49 74 7 17 49 41 26 60 24 31 17 25 9 69 42 78 39 20 37 99 13 6 76 71 49 60 48 15 88 20 37 54 66 69 41 83 26 17 78 40 67 34 23 83 35 41 89 80 3 33 77 20 22 66 57 59 82 90 50 68 26 7 20 98 32 15 37 78 47 88 74 87 8 15 68 82 93 30 94 71 45 1 73 87 41 7 70 85 99 96 98 31 53 68 66 48 54 42 83 98 4 92 47 65 87 26 67 3 39 36 22 54 90 94 62 37 92 35 22 99 75 55 28 15 34 54 55 64 63 63 72 91 94 66 19 81 56 93 73
29 94 35 6 62 36 18 21 26 27 52 4 21 6 16 4 19 82 58 9 10 65 1 98 72 28 85 72 20 51 9 3 63 16 16 89 55 22 37 77 36 40 29 9 75 55 84 27 61 68 51 50 55 69 66 2 22 26 12 29 8 93 48 29 74 61 20 53 21 15 5 80 31 65 42 73 2 51 95 50 5 99 64 57 83 14 7 72 3 15 95 77 35 91 63 35 18 6 92 16 39 16 99 88 46 15 17 53 97 17 66 40 2 65 25 38 62 95 92 70 39 84 23 26 28 83 60 89 22 68 95 64 80 83 71 90 49 35 39 45 19 93 34 24 25 86 66 31 50 10 87 57 84 15 69 58 96 71 99 35 84 94 22 74 73 59 45 31 19 93 99 53 83 50 61 32 88 1 3 24 8 44 75 62 41 89 26 53 20 73 91 40 24 99 42 71 91 98 80 9
16 35 88 5 10 74 56 84 10 90 6 70 6 54 84 75 70 20 84 15 12 15 51 74 78 67 10 27 26 50 63 15 46 78 34 14 53 11 2 21 78 90 32 81 15 17 37 75 3 98 55 27 11 76 44 66 90 22 24 82 48 63 81 3 56 98 49 1 54 60 16 75 87 22 68 91 74 60 1 42 73 35 25 37 82 59 52 57 46 16 62 61 92 74 7 70 50 81 15 56 62 93 2 76 96 63 99 30 55 56 48 70 32 21 6 92 31 11 54 76 60 48 78 96 60 26 4 59 56 89 84 64 56 48 92 46 67 32 6 50 87 22 43 65 89 82 60 99 73 19 8 69 73 99 85 66 68 85 87 23 66 26 34 85 73 92 30 3 83 9 6 90 17 82 43 90 83 55 71 41 61 94 19 88 88 41 79 97 95 58 28 99 40 69 17 86 14 92 23 15
77 92 31 87 82 12 83 52 47 5 2 52 36 65 11 10 95 1 34 21 22 34 82 88 48 75 2 55 15 34 39 94 20 47 65 29 8 83 35 69 30 39 95 42 30 7 23 82 27 33 68 86 76 11 63 20 14 11 85 44 61 44 1 56 54 60 91 30 51 30 60 20 51 48 14 63 98 37 48 68 77 88 81 35 29 80 53 24 84 39 64 15 74 29 80 70 57 88 60 35 27 66 20 12 22 31 82 70 45 66 51 88 61 8 70 15 49 64 26 66 84 6 98 10 53 62 73 28 21 85 8 40 59 47 8 9 17 87 58 67 4 98 91 68 88 96 69 52 36 9 75 70 5 97 95 54 30 76 37 57 85 18 68 37 60 19 45 98 8 26 96 29 98 10 89 88 65 89 93 16 50 56 2 91 26 74 83 84 73 20 23 76 57 26 75 80 32 87 92 21
99 3 5 40 14 80 47 16 37 5 20 91 10 17 54 66 56 22 41 66 68 21 20 6 19 27 33 73 96 19 46 84 80 27 79 81 46 70 20 32 35 1 67 5 92 7 61 9 54 1 53 59 71 35 13 31 64 54 39 68 71 10 22 90 85 46 30 55 1 57 32 10 58 9 75 9 59 51 44 94 47 38 39 19 71 1 81 69 81 12 33 95 5 64 42 6 58 68 35 67 69 42 56 66 53 69 98 10 24 87 32 72 95 91 85 68 49 3 6 73 37 96 54 78 54 77 59 62 40 71 16 18 21 89 38 19 78 78 92 36 12 97 97 26 47 37 51 20 42 23 62 52 22 94 67 93 80 75 10 80 53 68 45 87 76 35 84 66 85 57 49 94 48 19 70 57 95 63 20 72 91 60 9 96 40 38 96 20 96 81 62 39 81 67 91 31 44 80 41 66
13 8 96 7 6 11 84 8 5 50 71 40 37 1 19 5 1 26 88 97 66 57 45 26 13 86 17 9 94 85 20 19 60 7 49 21 69 33 78 94 23 13 62 86 94 25 47 78 71 41 37 10 68 93 7 88 32 60 30 61 2 9 74 29 23 66 47 64 39 78 58 30 68 12 25 10 70 54 67 93 37 38 26 89 53 28 24 45 72 99 41 68 69 27 22 63 22 10 1 71 59 31 42 10 68 16 4 5 59 69 60 60 69 94 96 49 21 36 95 77 13 12 82 48 68 32 99 93 76 29 99 68 42 46 97 45 8 46 5 68 83 4 26 49 28 41 26 18 67 95 99 74 92 25 44 22 19 31 44 64 93 79 96 71 46 44 20 91 52 76 92 40 98 24 59 9 70 55 32 99 10 57 82 38 78 84 37 96 3 89 62 49 80 32 58 80 46 63 7 97
46 74 50 70 65 77 91 4 65 98 26 27 68 14 10 8 88 2 82 90 76 13 18 19 9 10 34 73 8 11 19 11 10 9 51 40 20 58 68 84 41 64 9 51 18 22 72 38 64 82 21 24 63 22 52 43 52 27 61 48 19 76 40 19 88 65 47 63 67 41 86 8 39 7 55 18 22 58 67 76 56 9 31 92 19 44 66 55 9 37 47 38 16 74 41 38 72 64 25 8 74 76 38 82 39 1 91 63 69 83 77 38 67 3 68 62 13 49 10 18 36 57 12 26 10 30 34 88 75 63 79 35 16 40 3 81 59 30 13 81 70 71 51 43 98 97 70 92 60 82 82 55 40 57 5 73 61 15 26 86 66 26 18 67 4 99 31 44 74 16 6 62 76 31 24 15 70 79 78 94 70 1 64 87 77 28 68 68 96 65 40 60 89 29 90 48 68 63 69 90
