20 200 13600 1.47
69 8 38 64 23 23 24 14 34 40 51 57 9 11 39 99 3 59 29 48 9 23 13 21 11 43 34 19 19 23 68 58 28 22 37 64 17 15 67 12 72 24 30 3 58 84 7 17 86 4 53 60 90 3 12 17 37 51 57 35 36 59 86 38 2 79 65 52 97 9 70 93 81 84 4 31 66 60 12 31 49 17 92 26 60 62 47 13 87 2 27 95 13 99 26 10 45 2 90 16 83 28 47 16 37 53 65 6 80 10 70 50 90 57 50 90 57 9 90 3 50 31 98 25 65 23 34 70 31 62 5 9 91 34 65 6 68 5 28 92 51 89 87 52 65 77 92 20 8 31 59 60 49 65 68 56 65 86 31 7 11 26 3 64 5 6 68 57 46 81 10 86 57 69 14 32 97 17 90 37 91 35 43 89 14 90 50 91 84 43 91 27 88 5 68 77 77 70 65 48
41 53 16 33 15 2 55 7 15 92 5 91 19 25 69 14 18 11 9 18 6 64 37 63 25 36 24 6 14 48 6 79 45 86 90 32 70 29 31 64 96 12 30 54 10 73 16 45 41 15 28 92 72 30 48 67 29 63 44 21 32 14 52 28 51 28 46 75 56 53 42 50 57 70 14 78 49 27 74 63 88 33 97 93 95 38 7 66 5 26 40 67 92 2 78 16 81 19 95 48 88 3 77 21 96 27 87 17 8 3 61 91 18 23 39 96 12 40 57 57 88 21 84 33 74 68 33 67 98 58 12 70 6 55 88 9 10 41 38 95 52 53 27 61 24 87 95 71 84 70 84 45 35 52 10 8 31 52 83 94 49 10 6 14 92 46 98 63 96 35 68 11 55 35 15 17 20 74 21 91 72 53 34 51 23 70 55 89 80 68 92 45 33 77 76 7 97 50 39 18
43 8 39 95 39 10 79 13 49 20 21 97 82 96 77 28 41 56 79 18 8 95 54 56 16 83 37 61 13 61 75 28 13 75 69 62 42 83 14 11 6 9 39 34 86 52 35 34 6 25 17 90 72 54 35 5 42 16 48 88 69 25 4 82 44 40 58 58 19 10 11 45 62 7 36 33 80 92 80 12 30 76 81 89 85 14 63 40 87 8 44 62 8 76 92 22 40 85 90 15 13 38 96 81 18 39 48 96 10 25 25 5 57 10 87 68 64 48 70 72 86 72 85 91 93 58 62 12 62 39 79 47 90 87 47 62 98 34 63 2 53 95 74 96 82 82 38 55 75 40 59 68 77 75 64 72 29 86 60 30 79 13 6 72 2 76 44 4 16 71 40 47 12 45 65 88 19 17 78 52 71 89 83 86 70 65 78 10 32 66 70 97 92 81 85 94 97 43 78 18
27 35 14 10 54 2 39 33 85 72 38 36 13 51 17 23 24 5 3 81 8 78 67 48 91 48 4 19 25 46 70 24 77 38 72 25 7 31 48 20 24 35 84 66 24 30 93 5 19 83 80 40 55 77 20 31 44 45 16 6 74 2 71 7 57 91 22 36 38 96 55 22 93 55 90 15 28 11 83 36 25 12 57 52 1 61 30 94 68 20 29 2 56 61 16 46 40 57 57 42 26 93 69 89 79 4 97 80 60 15 61 32 52 69 33 18 46 54 67 81 3 70 40 68 45 47 23 84 43 68 4 67 17 32 93 40 84 45 33 84 96 2 89 86 8 39 51 38 75 98 27 25 46 73 65 20 74 8 54 91 82 95 46 58 40 83 67 63 68 70 94 26 83 94 78 75 53 99 18 77 94 93 25 91 69 99 98 89 38 63 70 61 73 23 81 93 91 96 75 81
11 4 22 68 7 91 81 43 73 22 16 19 65 62 25 68 6 49 43 43 47 49 74 39 85 64 17 30 97 6 12 25 42 22 32 44 71 29 16 39 1 33 72 3 71 39 34 1 84 16 57 17 22 94 49 26 80 62 79 84 3 44 14 72 81 16 14 28 42 22 24 12 75 81 51 44 47 4 12 65 13 33 37 48 40 83 22 7 42 62 47 94 53 47 1 91 5 47 27 43 33 44 80 63 72 93 16 79 67 73 14 81 40 94 52 2 68 87 43 3 36 99 98 43 12 40 25 12 70 67 30 79 67 69 13 80 55 62 43 2 75 49 54 81 1 6 67 60 37 56 44 68 19 68 54 31 94 5 84 43 95 31 82 22 29 72 12 60 44 92 16 81 67 95 88 80 84 22 74 20 87 56 22 10 98 89 31 2 68 62 95 87 56 73 71 25 68 6 29 43
62 71 68 41 53 20 4 67 4 71 10 13 22 18 4 2 71 28 80 36 44 12 46 21 6 48 71 25 32 25 68 49 74 57 75 45 28 87 1 76 30 39 17 14 48 8 54 6 25 4 30 46 19 47 59 61 11 39 91 78 50 53 93 12 73 89 88 1 8 37 81 41 88 36 82 57 12 53 48 21 15 70 51 49 24 82 87 97 24 90 72 59 93 7 17 78 99 4 86 88 34 64 47 92 41 92 54 90 62 96 55 24 88 61 53 20 32 28 5 20 9 79 1 41 96 11 50 54 10 29 82 54 95 54 20 30 57 77 85 44 18 73 96 8 48 91 62 17 39 28 91 55 56 62 41 81 56 92 44 51 86 31 71 90 45 39 60 66 73 7 94 49 99 98 83 75 94 92 96 47 67 18 91 80 64 74 94 83 64 20 36 19 69 79 95 89 43 30 94 36
34 21 8 88 59 59 39 47 64 62 21 8 8 21 58 27 55 79 25 82 52 82 46 32 41 74 66 25 96 21 66 11 1 55 8 28 73 70 78 25 99 48 81 53 57 20 98 34 30 94 15 50 96 17 39 29 31 52 34 71 21 89 44 83 26 68 43 2 33 85 1 53 4 49 99 38 48 22 81 30 80 85 55 2 56 60 73 95 41 16 45 24 57 98 75 61 19 30 44 71 51 17 87 85 1 35 26 39 3 16 7 92 30 39 89 69 85 59 26 55 11 85 94 50 19 87 4 34 45 75 86 49 48 75 75 23 61 22 89 29 17 13 19 35 87 7 58 87 69 38 62 81 91 36 1 49 53 31 53 95 39 1 68 97 34 54 40 63 9 89 88 39 18 34 69 82 86 65 56 80 40 32 93 35 46 33 84 50 70 57 2 78 67 76 60 79 80 85 77 82
32 15 38 28 2 45 21 60 22 42 30 8 87 66 11 34 3 41 56 54 97 37 60 22 64 93 10 41 54 9 97 47 76 24 1 26 95 86 16 39 46 92 45 10 81 35 81 51 3 82 16 48 49 49 44 52 27 40 15 24 10 50 87 18 78 76 88 15 37 78 89 34 79 2 3 80 17 19 92 85 50 50 87 26 22 43 50 12 50 94 44 18 30 77 37 26 71 97 7 34 69 44 28 91 90 52 94 66 96 35 20 74 55 82 82 2 64 43 95 64 50 20 86 51 53 75 63 88 89 57 54 92 2 25 55 80 12 50 84 73 44 23 85 80 91 53 59 31 98 69 87 66 71 87 56 63 19 68 64 40 4 88 61 64 32 15 97 68 98 23 12 98 10 7 51 79 25 80 94 96 88 23 21 83 9 35 50 69 6 83 42 24 37 34 10 91 64 42 7 54
28 25 61 40 91 17 31 14 85 87 77 90 35 85 50 81 43 21 24 13 38 16 49 85 60 1 4 23 81 21 7 12 6 18 41 85 54 13 96 82 59 48 7 41 5 39 9 69 95 77 68 21 33 41 28 39 33 90 4 63 41 80 50 1 17 23 44 67 67 60 47 8 16 50 70 7 20 41 53 14 56 29 48 74 59 44 51 32 81 86 3 72 38 15 46 40 34 27 62 80 30 82 23 72 57 98 2 8 15 46 41 2 41 63 47 99 92 84 61 62 62 60 37 29 67 66 89 49 57 91 14 5 2 79 3 59 2 56 55 11 57 89 56 96 81 9 64 12 68 69 16 52 3 29 74 86 96 94 24 30 91 64 92 87 36 64 51 70 29 51 9 62 15 41 78 23 39 11 82 55 71 62 35 43 70 93 95 71 86 72 17 42 11 75 96 97 86 52 54 13
8 22 7 15 23 1 24 73 34 12 17 32 61 75 72 57 67 65 71 97 96 18 14 20 36 35 73 94 2 52 50 39 13 51 34 36 28 38 51 13 50 27 39 44 59 77 37 48 61 60 20 59 25 13 25 89 69 43 44 98 75 81 1 84 24 88 39 26 45 18 50 93 51 55 28 69 98 32 24 62 18 41 21 68 90 99 95 8 65 87 16 4 24 9 42 87 64 16 23 56 10 72 13 66 78 83 80 87 62 85 58 73 62 96 5 47 52 53 27 81 4 79 3 99 58 80 72 15 78 26 49 1 26 61 59 79 26 59 1 26 91 48 61 49 73 59 15 47 66 99 4 22 56 87 69 98 13 25 41 58 68 66 70 22 92 78 51 56 90 74 2 64 90 88 24 67 23 9 87 39 44 24 32 39 86 53 90 82 51 53 44 53 93 85 75 74 46 48 41 97
22 71 78 62 17 1 19 55 59 12 74 74 60 7 17 55 31 61 14 59 23 21 62 67 82 60 71 53 45 94 2 78 89 36 11 46 70 37 77 71 1 19 59 88 62 78 73 58 51 34 79 3 4 81 75 90 56 20 64 6 42 40 16 65 28 68 64 67 65 79 87 30 49 83 90 46 87 95 9 81 87 54 3 29 18 13 22 53 12 39 69 82 65 27 9 57 34 63 85 83 14 33 87 41 62 6 62 19 13 69 56 38 32 69 19 86 40 43 7 37 52 40 41 91 49 7 5 78 91 71 70 56 49 68 57 45 61 86 94 98 81 35 48 14 46 71 95 61 7 10 6 25 34 14 64 75 46 61 88 91 57 40 50 55 86 83 67 79 95 35 24 86 11 59 83 67 27 70 62 3 58 36 81 62 98 95 3 73 64 90 73 68 79 93 92 44 92 65 89 59
2 77 32 58 29 24 58 24 5 12 89 14 88 49 30 56 66 24 51 34 86 87 55 16 42 7 29 51 30 5 13 86 75 63 56 48 2 67 67 41 30 99 53 36 13 78 2 58 22 28 67 3 67 45 64 49 31 11 23 28 71 61 31 8 66 61 64 47 43 76 50 95 10 33 1 16 9 99 14 65 49 43 72 47 52 6 75 3 31 66 94 66 91 43 86 13 51 71 46 28 60 80 38 26 89 69 96 38 96 92 58 82 17 6 54 6 95 43 14 26 53 75 14 68 73 47 80 15 58 81 88 79 16 31 98 44 44 40 80 54 24 76 42 38 19 71 50 87 53 26 79 79 42 80 82 3 27 77 89 97 57 35 48 70 95 93 88 60 82 99 81 99 86 53 16 43 36 95 39 48 1 78 56 90 64 12 80 27 20 86 93 66 98 19 58 21 18 86 90 34
88 16 59 7 21 34 7 91 1 55 63 31 7 22 28 1 70 18 62 7 23 69 71 99 17 19 33 66 73 42 88 28 48 98 61 9 19 28 26 56 30 68 6 41 50 22 5 96 49 29 32 93 90 4 95 87 17 47 45 62 58 29 86 59 22 18 58 53 51 7 49 72 10 49 2 88 75 90 1 48 74 81 6 65 58 71 14 57 72 78 14 11 95 8 93 88 71 39 58 50 67 22 48 10 28 19 37 14 54 92 81 55 22 90 82 34 2 58 45 82 3 53 75 28 63 69 88 78 17 6 88 37 21 44 86 12 23 60 8 79 58 47 39 35 50 45 40 86 99 43 81 48 88 79 30 93 73 96 96 34 52 89 66 69 78 25 20 59 52 46 72 7 67 92 89 1 93 27 44 93 49 91 74 16 96 20 40 67 63 25 88 36 69 51 7 80 44 2 97 7
57 17 29 25 74 77 31 94 85 21 61 88 60 14 15 31 23 88 64 32 13 22 59 43 97 17 64 2 25 33 3 61 26 9 13 6 36 9 19 91 79 65 57 55 55 55 73 94 44 55 97 57 20 99 20 29 75 4 14 46 29 64 56 15 23 4 16 96 99 30 6 94 30 78 92 49 1 17 72 25 40 59 84 65 67 98 7 18 3 36 16 98 59 61 96 82 20 67 13 68 57 43 48 53 63 19 48 54 77 1 98 69 70 23 37 44 46 83 60 67 90 54 49 51 28 1 70 93 50 10 86 37 77 13 70 96 32 95 81 68 79 76 12 34 86 61 96 13 72 49 20 30 32 34 73 40 32 96 51 40 70 96 46 44 51 59 48 1 38 16 82 75 94 43 69 44 78 90 10 63 81 28 57 43 82 11 40 13 73 52 18 59 23 67 73 21 11 73 96 32
17 6 23 2 85 97 39 21 16 54 19 30 57 1 52 17 48 28 16 83 74 7 36 89 7 26 66 91 62 25 38 58 70 11 38 3 13 57 14 19 33 22 8 67 2 55 83 36 5 67 69 55 19 1 92 82 93 69 94 49 57 50 19 68 85 36 21 46 81 41 63 48 2 54 56 67 93 75 67 96 44 45 61 5 27 5 53 92 48 39 60 49 59 87 67 8 72 38 48 41 71 56 1 5 94 93 33 64 1 58 31 60 83 39 36 65 18 81 75 82 78 38 27 24 38 86 78 32 11 70 87 56 77 12 12 65 69 86 57 43 88 11 36 57 75 81 9 69 79 56 18 31 54 6 69 68 37 40 25 71 41 79 64 14 75 90 42 72 39 36 93 71 48 42 52 80 18 89 20 98 56 98 84 66 46 28 55 82 23 71 79 65 62 36 71 56 22 65 37 83
2 84 29 5 71 18 70 17 40 32 56 1 12 19 5 3 37 68 79 17 45 57 15 8 71 69 98 27 43 82 30 21 12 38 33 53 82 10 42 3 72 92 43 52 17 57 80 84 42 55 81 12 9 91 74 35 37 6 29 4 47 80 46 45 83 28 7 36 20 71 70 78 74 4 4 68 2 19 85 71 98 50 24 47 33 47 19 62 46 59 94 52 60 77 94 94 20 98 18 68 29 30 10 82 15 61 23 64 61 25 38 64 34 2 31 87 60 35 70 44 85 3 86 24 73 67 44 56 57 32 94 23 54 82 66 99 89 8 25 70 10 69 18 4 31 51 58 79 10 46 60 51 95 13 59 72 91 7 96 64 30 18 92 14 69 34 85 28 48 8 35 86 89 41 12 28 62 57 17 28 46 72 45 54 13 78 29 74 87 95 95 80 27 52 78 42 96 93 82 17
43 63 47 26 11 48 33 15 3 16 53 32 6 15 53 56 81 6 72 32 43 43 2 78 50 31 56 93 37 89 77 47 24 78 37 93 43 83 48 66 1 28 47 2 10 17 12 99 44 11 9 58 83 21 34 4 44 71 94 60 29 2 29 96 28 45 27 93 43 69 14 3 49 28 4 44 88 89 76 30 68 69 36 47 53 80 84 62 97 36 38 59 23 9 45 13 83 71 7 68 78 93 67 27 11 23 14 78 86 34 89 39 38 12 49 25 6 69 4 43 39 26 27 98 43 34 52 83 55 47 11 85 99 63 12 91 65 86 20 50 70 74 73 81 57 26 25 94 36 40 67 98 76 32 48 82 82 90 82 51 30 94 64 59 82 57 24 24 13 39 99 2 63 95 25 75 91 68 63 36 45 86 74 74 87 15 3 53 97 13 21 86 48 60 50 69 44 94 83 32
38 50 10 9 18 85 54 59 12 34 26 8 90 48 55 62 72 41 8 21 30 31 10 32 9 41 76 67 18 79 19 38 52 3 14 25 60 99 42 40 90 24 60 62 71 3 63 43 39 59 57 2 15 68 79 39 43 80 91 96 73 61 91 88 39 54 88 45 10 83 95 24 14 90 55 51 51 58 6 39 8 39 17 30 68 36 71 53 12 89 75 46 66 59 39 50 39 91 21 66 74 54 10 51 60 1 41 19 47 84 94 37 27 91 75 43 95 15 81 65 91 32 22 92 74 59 99 52 58 59 8 76 67 99 23 20 87 90 95 9 12 66 59 13 85 25 16 47 47 63 57 98 64 97 93 81 30 1 9 28 43 88 18 71 66 60 67 76 59 67 84 1 70 40 92 67 75 74 86 52 55 90 62 44 13 91 78 30 67 52 72 77 45 78 11 49 23 94 92 21
46 46 53 38 48 85 24 1 47 18 10 46 13 43 81 76 29 4 45 4 32 5 51 4 47 44 3 23 73 51 21 21 97 26 79 70 4 14 49 48 5 31 36 89 40 49 47 22 92 98 28 42 30 28 35 80 68 87 10 13 46 28 13 13 99 19 22 45 40 32 33 29 95 40 90 78 47 8 4 88 12 36 26 24 24 31 45 65 29 20 81 15 1 68 20 99 61 69 78 25 35 65 62 26 9 92 74 64 83 86 46 16 75 72 87 68 6 69 69 44 52 36 47 25 16 96 24 39 53 35 43 68 66 52 44 68 94 13 23 51 83 21 57 71 10 50 46 90 7 59 63 81 33 80 47 1 94 35 3 23 58 99 72 69 8 20 74 90 24 97 37 48 76 59 72 92 64 77 55 67 11 27 89 11 65 45 47 39 67 37 83 64 93 96 19 92 85 97 54 4
44 33 67 30 13 33 44 29 47 7 52 19 1 69 47 23 26 71 1 58 63 22 29 7 1 23 27 49 27 55 60 62 8 67 78 81 71 4 89 77 71 80 86 91 87 35 6 8 73 16 9 70 50 66 4 20 65 38 40 6 83 34 61 69 26 21 79 67 64 7 28 42 27 19 97 10 53 60 80 11 70 57 24 94 50 10 69 56 85 32 81 15 9 64 16 17 49 7 44 11 79 41 68 10 8 51 16 33 37 76 19 39 95 31 23 62 96 36 72 51 97 68 28 14 6 25 53 37 15 66 60 60 84 19 69 48 24 48 61 84 6 58 38 79 53 82 42 15 51 91 99 2 69 21 25 14 51 44 19 60 60 39 77 47 86 50 1 53 95 80 82 91 23 5 60 22 55 11 54 67 25 62 52 88 52 71 77 89 55 90 18 89 76 90 83 62 87 99 34 58
