20 200 13630 1.47
4 2 22 18 11 42 28 48 9 19 28 71 62 17 43 94 40 78 7 43 24 3 36 13 59 9 17 27 50 19 68 31 69 99 87 76 43 82 85 24 4 13 38 32 93 44 59 40 28 29 41 48 91 14 60 53 52 67 43 3 60 70 78 73 75 75 55 70 95 2 71 67 58 27 54 92 19 57 14 39 81 9 88 96 40 15 91 77 51 65 99 53 41 29 54 28 45 39 69 64 54 46 17 70 13 39 75 71 18 45 79 10 48 44 98 76 60 55 45 91 3 51 64 71 5 37 79 51 20 28 33 83 50 80 69 98 68 24 85 78 75 79 55 15 88 23 28 68 73 86 16 90 92 29 25 55 41 60 94 48 96 42 20 58 50 93 34 21 72 41 7 32 85 15 82 68 33 62 82 95 53 71 96 2 79 40 63 79 91 89 2 99 49 55 5 82 37 75 27 43
3 13 5 4 92 54 31 54 2 39 4 17 3 30 9 52 17 17 61 64 83 40 33 75 91 33 93 7 25 84 28 52 27 21 26 20 13 93 15 81 69 83 75 48 28 77 45 15 92 3 91 21 46 12 55 3 1 88 5 52 28 73 41 23 67 47 59 81 14 74 95 25 33 12 22 52 88 49 52 23 28 60 9 21 50 67 42 93 37 31 94 83 65 76 81 3 76 19 77 79 50 85 74 53 48 93 41 11 79 76 68 60 90 22 38 35 33 70 3 22 84 39 86 50 42 70 72 64 42 68 43 50 95 20 93 96 7 60 29 94 29 86 2 20 67 95 75 6 16 56 23 69 11 37 94 73 33 11 72 91 39 88 70 33 98 77 77 87 68 25 65 78 34 55 91 65 87 46 48 27 60 3 60 73 28 99 94 12 31 75 98 58 94 97 63 53 81 84 44 64
5 61 46 63 72 42 54 46 34 77 13 11 45 51 89 24 39 94 34 20 29 26 19 10 47 4 34 35 79 1 30 14 19 67 53 58 13 3 90 85 8 23 9 29 74 13 79 1 31 13 33 42 30 36 54 18 18 65 4 11 45 96 97 61 94 18 81 9 45 38 21 11 20 10 53 24 93 93 26 3 38 70 16 97 32 15 46 9 78 48 21 72 36 8 84 55 73 66 76 91 44 8 10 52 85 72 94 41 5 52 3 11 49 59 77 49 60 34 24 26 95 69 63 95 74 42 74 23 94 5 76 30 70 48 36 86 66 46 30 57 19 15 31 9 92 43 73 77 40 42 79 94 8 66 43 42 92 43 4 20 15 3 17 37 41 64 35 32 58 82 88 71 84 91 33 30 62 79 84 53 24 52 61 18 84 73 71 89 41 30 58 67 52 81 69 76 98 99 74 20
4 30 2 10 36 26 7 22 1 1 61 12 7 29 36 50 8 48 26 23 75 19 2 75 15 63 38 29 28 36 74 98 44 22 15 37 29 60 60 15 32 11 75 4 59 74 46 71 63 80 17 26 57 65 91 43 77 83 85 76 74 25 3 63 3 70 88 61 57 63 28 71 1 76 11 7 50 23 98 95 26 86 65 33 84 45 5 28 67 42 85 47 7 25 69 92 17 43 72 5 56 76 23 21 65 16 71 43 16 36 93 96 71 89 44 36 81 21 99 10 62 57 71 3 95 19 74 68 1 72 41 85 34 10 47 89 95 71 50 70 41 80 78 56 3 87 81 64 6 21 66 74 61 97 10 52 24 67 72 81 29 31 27 93 95 63 38 20 98 81 1 78 71 21 24 74 91 63 65 56 91 10 84 71 54 46 1 79 85 45 92 30 79 35 69 2 91 98 81 23
39 3 10 18 29 4 75 39 96 40 83 73 44 36 78 17 71 96 27 85 16 6 2 75 6 14 43 4 9 54 8 34 16 22 62 27 36 99 3 61 8 10 31 69 2 30 45 7 3 88 5 31 42 14 29 78 24 64 47 6 59 51 29 49 5 87 86 59 58 45 45 51 70 92 51 81 35 41 18 9 50 91 17 35 54 7 22 59 80 95 18 70 18 69 6 99 43 89 45 69 19 58 33 28 17 25 17 48 31 49 61 57 19 67 39 94 72 55 26 96 27 80 64 89 71 77 22 12 14 55 92 21 10 71 34 15 12 29 51 26 34 48 55 74 90 90 10 29 48 27 10 79 41 7 16 84 80 43 64 44 93 34 78 89 21 79 83 2 84 85 25 4 85 90 78 29 85 68 91 94 56 40 76 63 15 19 40 86 87 50 72 59 78 75 28 94 54 72 70 85
27 58 71 20 8 1 9 35 13 53 32 97 36 21 1 22 61 6 40 16 70 39 21 8 18 35 37 21 51 98 87 70 1 4 46 81 28 19 22 30 12 36 78 20 49 45 55 56 87 44 79 89 14 97 22 31 26 33 26 88 65 73 18 97 51 69 38 20 88 73 59 31 74 19 11 34 59 44 57 40 92 52 69 67 22 23 15 72 54 37 43 13 73 88 45 98 92 84 63 48 81 82 88 98 7 40 69 42 76 86 66 69 24 39 29 21 86 94 3 67 47 49 88 99 32 42 10 2 45 63 71 8 53 63 32 96 38 91 52 86 23 18 5 57 87 66 99 1 36 83 93 17 16 71 75 3 72 60 15 42 76 30 58 45 96 26 47 88 77 52 97 4 56 13 20 44 56 22 35 33 80 63 72 87 85 81 27 92 90 96 59 93 35 5 79 28 91 51 47 16
62 29 41 21 28 37 39 14 48 26 10 41 33 41 14 70 84 36 20 55 11 2 56 54 35 15 28 40 33 4 49 43 81 84 99 59 12 96 61 13 79 3 82 55 13 28 24 44 50 61 41 43 11 75 21 85 70 42 51 37 79 9 49 8 77 39 20 11 22 19 44 50 84 29 71 88 40 82 4 28 16 94 25 87 7 77 39 3 24 33 87 41 66 34 94 41 61 50 83 95 22 29 91 25 89 65 94 21 21 71 61 37 69 49 83 25 54 6 41 64 41 99 6 75 69 22 53 44 78 49 68 27 11 49 16 72 29 24 53 46 22 21 91 75 85 52 57 93 29 28 51 42 8 72 75 29 36 33 73 45 97 55 42 78 71 93 84 37 3 87 88 93 88 45 46 9 42 14 46 32 79 42 74 34 88 53 48 82 90 6 37 51 65 96 85 26 23 19 97 55
72 30 52 54 16 26 11 59 83 3 46 25 25 16 1 33 59 54 11 17 41 86 7 16 4 8 4 6 82 59 23 69 3 22 1 9 77 95 54 93 18 54 77 13 3 94 84 61 34 47 47 36 58 74 21 7 36 43 61 60 17 86 28 57 6 14 64 83 33 32 30 7 63 61 4 25 2 30 38 97 53 22 83 9 18 35 76 11 26 56 21 53 51 25 41 45 73 77 5 29 88 97 74 57 11 17 58 38 9 64 42 35 16 6 59 31 77 94 22 54 26 46 78 92 2 66 72 73 92 40 91 26 71 87 54 21 36 16 6 40 97 58 59 98 75 35 67 39 13 52 16 86 96 19 34 51 21 73 57 95 78 15 26 86 59 12 38 98 16 58 60 44 69 7 32 57 21 82 18 27 89 76 80 38 98 87 13 48 26 36 28 64 17 13 95 88 31 92 44 17
25 4 15 45 3 24 81 7 44 19 62 33 35 14 83 34 28 68 51 9 44 46 99 1 82 60 17 90 73 93 87 94 9 23 39 85 36 39 5 6 84 32 17 71 22 22 11 74 50 95 50 64 71 35 14 3 32 87 94 52 97 13 51 63 80 28 16 83 58 56 82 5 59 56 96 24 21 49 16 92 10 35 75 19 77 84 35 94 16 69 45 66 53 67 72 12 73 25 44 16 78 3 97 44 90 94 82 26 33 35 48 97 80 58 1 98 6 99 44 41 4 75 57 30 15 73 11 51 54 77 47 6 35 41 85 69 78 2 41 19 73 63 34 86 16 78 69 49 29 95 12 36 63 69 47 38 51 54 13 59 70 43 72 36 69 75 74 86 92 58 50 41 29 86 99 86 33 20 62 23 45 61 23 72 47 48 91 32 17 95 95 76 49 47 59 14 12 32 67 9
86 10 78 23 84 37 6 86 10 16 43 9 12 13 15 78 1 1 72 27 12 60 82 8 15 82 89 48 21 45 37 26 22 72 39 58 85 43 83 1 34 33 69 81 92 2 15 45 50 49 21 12 42 86 3 73 63 4 13 24 57 10 45 42 95 75 83 69 64 34 53 5 70 28 11 85 77 79 82 2 20 22 59 42 61 68 61 92 67 80 28 56 31 29 22 91 9 18 4 19 77 87 41 8 88 48 11 75 36 42 49 36 70 93 66 57 50 15 92 10 13 72 3 21 59 32 50 47 23 52 69 95 87 93 44 1 67 44 46 71 73 82 69 86 31 18 72 98 91 31 99 10 70 41 51 31 96 61 99 19 22 90 32 96 85 92 58 22 10 47 58 23 63 70 68 69 98 58 49 97 64 35 24 52 63 16 64 68 85 35 76 71 56 77 84 70 32 75 28 27
5 42 56 46 50 57 50 52 57 32 39 34 69 54 12 79 24 39 64 29 15 21 53 62 86 11 52 66 13 28 12 27 87 93 23 36 29 35 20 69 45 80 26 78 49 79 91 62 67 1 34 92 29 69 98 70 49 14 76 46 67 87 50 69 66 41 11 36 66 75 54 99 85 32 26 76 21 52 46 47 99 73 96 86 18 88 36 15 65 76 49 65 11 40 35 99 70 89 55 54 5 15 37 88 47 98 27 81 93 16 46 10 42 42 39 35 43 25 75 36 95 51 46 76 23 98 25 18 95 4 14 49 5 95 95 62 32 47 99 45 42 46 40 78 97 38 30 56 19 33 72 13 58 70 75 98 19 87 86 27 35 60 46 7 67 87 71 86 22 27 84 99 39 93 14 96 5 81 95 79 55 99 66 50 68 93 91 70 17 19 44 62 55 27 99 82 53 2 84 29
41 49 66 58 37 9 2 13 50 2 3 85 10 17 73 25 24 6 53 96 10 96 13 79 22 32 29 44 22 32 75 36 99 21 27 18 81 64 30 17 44 16 29 74 91 15 27 36 10 3 68 43 50 29 18 3 47 7 64 35 47 20 90 25 83 16 70 28 3 15 21 28 24 49 82 13 71 56 74 58 80 16 1 3 96 25 85 84 34 9 80 40 82 11 89 29 57 87 1 19 83 63 42 79 77 31 45 2 67 74 46 67 61 15 17 43 73 27 94 60 54 74 39 64 87 19 33 83 61 47 60 80 52 48 6 44 96 50 86 44 94 98 77 25 7 10 25 62 95 49 14 8 65 37 23 31 1 78 56 38 49 98 72 18 45 97 85 1 92 80 39 64 21 24 14 56 41 32 89 89 60 78 25 69 47 26 54 41 47 37 79 41 80 65 46 97 3 73 26 96
26 3 6 97 3 21 7 7 4 87 45 40 67 7 10 22 49 50 25 42 72 20 84 3 59 73 7 24 77 92 27 29 42 23 6 21 75 1 54 80 40 24 25 4 53 19 64 72 32 33 6 57 73 8 88 96 7 13 58 61 39 51 35 46 52 29 6 60 2 23 90 6 52 18 78 27 82 23 88 91 42 49 33 63 39 52 81 44 33 55 79 23 30 30 60 81 51 42 33 59 20 70 61 7 56 28 29 63 55 74 11 59 65 83 72 51 59 16 61 92 90 8 1 87 14 2 85 72 15 49 7 92 48 12 63 42 73 37 44 61 4 3 10 9 3 39 54 75 79 82 74 37 94 93 85 69 17 67 23 1 75 85 99 25 12 21 92 99 88 22 87 37 72 72 87 85 5 13 29 99 51 69 65 91 23 53 65 35 66 88 34 31 99 59 11 26 67 51 69 42
34 57 32 40 18 16 30 1 26 8 4 56 17 78 19 41 29 26 67 38 17 84 6 78 28 40 54 33 21 28 15 37 94 1 36 13 80 6 92 95 74 83 27 52 71 14 35 50 34 76 96 69 74 7 77 94 75 29 3 25 6 13 3 64 11 46 57 52 35 88 29 79 50 99 71 1 14 41 47 9 63 16 83 81 65 55 53 97 82 7 32 21 56 90 69 47 49 28 91 71 27 34 20 67 39 6 4 37 52 44 10 68 52 75 22 66 48 63 41 89 18 34 31 7 75 40 65 15 71 63 63 27 72 82 48 66 32 97 7 34 52 62 99 59 85 64 43 38 90 77 22 93 88 41 24 68 64 33 58 59 33 36 39 81 25 30 38 13 2 24 81 35 63 96 76 67 61 96 32 23 20 65 43 91 27 92 3 33 94 94 6 2 93 86 34 60 64 81 48 38
8 40 66 18 73 46 47 79 52 96 2 51 8 43 88 11 52 8 48 25 32 46 72 1 86 92 57 49 47 42 94 16 8 52 69 17 56 19 58 11 72 89 58 19 24 80 12 52 55 54 16 18 28 18 31 58 11 74 9 94 80 49 88 2 34 70 8 26 79 27 37 69 16 42 20 56 12 26 53 50 10 73 9 54 4 20 87 40 31 55 20 14 88 73 9 36 47 9 4 45 92 6 33 73 21 55 96 89 47 24 69 35 2 92 50 97 2 52 44 55 93 82 19 3 69 67 95 68 4 79 70 17 70 23 91 37 89 53 57 56 97 48 28 65 20 84 11 92 22 80 67 31 67 73 73 91 60 77 96 96 21 98 76 83 20 11 8 12 32 78 89 75 60 26 89 97 95 76 61 33 6 41 15 50 90 96 83 81 11 86 87 98 58 38 79 76 94 58 93 25
45 54 17 50 11 94 17 6 54 73 21 79 78 98 86 48 1 8 28 11 86 60 46 36 37 63 16 50 12 60 18 28 42 46 26 32 45 82 19 53 71 74 16 21 38 90 5 54 82 17 55 74 66 5 5 28 64 7 84 92 62 28 19 77 20 43 17 45 69 78 97 39 76 32 57 85 10 86 41 94 66 16 85 80 91 20 30 48 57 12 34 43 35 48 42 10 11 26 39 54 39 40 89 19 41 96 94 83 98 57 2 50 58 15 91 17 91 22 16 59 46 27 48 1 97 79 77 82 40 23 61 15 30 6 75 17 50 55 36 34 46 58 70 9 54 36 80 45 93 93 98 54 23 61 87 77 89 38 48 79 68 40 82 98 72 94 62 86 43 51 50 84 41 33 44 44 45 77 43 34 46 78 55 31 41 42 5 28 70 55 64 33 39 35 60 77 95 36 63 11
47 3 13 29 54 20 83 77 90 29 80 14 58 26 60 23 83 78 77 45 27 34 40 67 9 82 23 26 61 5 53 11 66 33 51 18 25 9 33 54 41 25 54 26 88 4 21 26 45 24 23 91 73 86 81 33 83 10 25 73 6 24 26 24 13 72 51 50 18 34 43 99 2 84 27 81 96 44 6 67 28 46 26 12 98 90 84 31 43 51 28 75 53 82 14 12 15 89 88 21 40 99 54 25 12 88 18 83 2 50 23 75 85 35 27 43 14 64 60 18 80 6 93 87 56 45 43 79 70 89 21 90 94 53 75 5 43 70 41 19 50 59 91 4 72 18 66 75 33 15 65 70 72 73 32 94 83 44 54 92 61 41 88 4 61 28 4 80 94 59 51 55 23 68 88 88 73 28 8 30 52 21 34 82 46 49 87 67 98 73 96 46 17 68 71 97 89 2 91 45
73 94 15 21 56 38 77 68 51 70 61 2 93 92 7 3 20 3 12 76 66 8 92 83 48 65 45 90 60 33 20 40 42 38 36 58 26 11 14 5 31 87 20 92 24 34 77 28 42 75 88 29 20 78 67 16 92 67 10 5 10 13 67 58 31 16 25 53 18 65 7 24 24 84 64 31 83 7 64 26 85 45 24 62 32 66 77 5 31 74 21 4 73 30 61 84 83 41 46 44 37 14 4 69 46 59 8 52 83 45 83 52 60 10 36 17 9 54 80 3 35 15 51 9 23 98 41 55 59 65 38 99 98 97 70 68 58 68 98 38 87 10 67 94 36 94 95 27 79 87 85 62 1 53 41 27 35 69 21 32 21 54 37 52 15 17 33 81 75 15 24 95 77 63 72 13 27 70 77 52 96 82 63 39 50 26 96 74 88 6 32 85 85 92 78 17 79 43 98 76
3 13 34 22 12 54 73 52 11 62 64 4 48 39 27 14 31 67 65 14 24 27 15 11 31 2 76 97 4 32 53 56 85 29 63 82 70 9 54 49 34 43 51 64 5 69 10 21 16 41 54 16 20 20 30 92 62 80 64 65 16 77 33 35 5 62 36 40 26 77 35 90 84 18 71 66 82 78 97 33 54 51 40 1 76 27 5 56 87 66 97 79 73 78 8 3 16 43 87 42 24 20 76 58 62 8 58 57 98 46 92 80 44 47 58 73 47 69 83 94 45 27 76 15 32 32 9 82 70 27 34 82 39 17 14 42 75 93 73 96 90 42 77 87 21 47 27 29 95 16 69 41 94 9 95 49 78 22 22 93 84 98 41 85 32 42 62 81 94 75 77 54 13 98 22 52 93 77 68 91 67 73 81 92 48 73 94 79 9 99 90 85 96 73 57 55 94 89 22 14
9 54 47 50 30 93 23 2 38 22 75 31 36 65 38 59 78 21 16 70 62 96 41 72 52 50 77 54 73 2 1 52 9 94 64 67 18 17 31 46 91 73 37 43 18 63 95 88 34 75 47 12 19 87 50 33 31 44 99 20 12 62 87 2 70 23 73 8 97 29 6 92 4 90 79 11 6 1 41 60 22 37 60 20 8 94 3 20 16 20 1 64 41 52 31 23 28 30 12 70 60 65 33 58 86 23 14 46 91 24 58 7 8 75 72 54 53 88 71 38 67 65 45 57 92 73 44 47 88 88 46 64 28 58 8 30 13 87 82 55 22 94 33 66 45 59 15 54 93 27 49 75 54 69 84 28 99 73 67 38 41 66 86 5 77 11 90 85 5 79 5 61 55 64 54 10 87 78 64 80 58 97 59 52 95 64 93 9 47 78 45 50 9 81 34 87 27 99 95 70
