20 200 13680 1.46
3 87 2 80 69 6 25 28 43 55 9 76 37 14 10 73 59 69 31 20 30 26 62 46 47 59 77 21 91 42 50 17 89 38 34 13 35 18 82 65 38 66 98 76 25 75 47 16 83 6 25 7 27 17 11 61 44 12 42 16 26 13 49 53 6 35 88 63 48 34 56 28 72 30 70 93 83 2 47 34 55 9 85 89 10 1 74 26 16 37 26 60 90 38 79 1 10 41 95 97 79 42 83 80 59 31 85 6 86 86 43 84 63 68 59 36 88 78 68 57 47 48 50 91 30 83 76 60 18 41 28 13 94 98 56 73 21 98 57 9 96 76 69 73 57 40 82 55 91 77 90 6 46 59 2 65 7 73 81 57 67 68 69 38 77 61 67 83 90 35 76 33 40 12 93 71 94 66 90 88 45 48 91 98 59 94 10 18 69 63 84 86 89 76 54 85 44 99 77 20
37 80 61 7 7 13 88 56 18 5 3 16 93 65 74 20 28 12 14 84 32 15 34 55 31 27 30 26 34 20 39 32 79 58 19 77 37 38 61 16 3 92 45 4 87 87 19 72 8 68 18 18 57 24 19 17 14 9 51 31 17 85 87 54 27 4 1 80 61 15 27 29 15 16 32 38 78 71 26 84 40 52 37 62 99 65 33 89 3 58 66 67 42 1 65 56 48 46 59 14 39 33 22 94 53 63 26 41 33 47 93 36 9 23 57 43 40 73 69 4 17 15 54 1 81 97 46 42 82 32 95 80 65 64 30 45 78 56 87 32 95 69 32 94 98 81 83 10 92 14 77 20 53 28 59 90 60 96 97 76 21 41 61 99 93 86 86 47 11 94 57 85 5 87 66 79 24 89 15 26 92 78 97 81 19 90 2 85 4 21 18 84 46 95 80 79 85 20 71 84
22 37 38 18 44 1 40 16 25 99 42 18 36 76 3 1 75 10 68 1 68 73 7 25 76 54 15 38 99 36 61 16 67 57 47 5 4 72 5 70 54 49 58 43 83 78 90 80 40 51 29 30 94 47 38 77 4 65 97 11 11 65 30 15 93 43 25 37 50 27 45 13 22 94 38 41 79 90 68 87 16 54 60 39 15 45 14 28 37 15 52 50 87 40 19 79 10 86 85 6 51 24 5 85 87 78 10 16 1 12 78 62 78 18 67 46 90 62 52 88 67 68 87 56 93 53 13 21 14 27 63 85 36 79 87 51 47 90 96 73 27 66 41 61 7 77 60 58 67 97 78 37 52 66 58 69 46 32 60 72 36 26 91 34 18 4 10 79 24 37 23 61 62 51 37 91 73 89 86 91 65 4 36 86 72 73 97 73 63 85 1 99 92 69 49 4 61 50 98 1
8 61 70 8 16 24 21 7 42 60 46 56 19 11 41 41 12 7 60 21 66 21 31 45 96 12 48 70 51 11 31 60 44 79 8 33 48 1 9 12 8 30 88 87 61 30 70 49 12 13 13 62 12 17 77 81 34 53 9 22 94 29 19 58 4 77 25 13 6 81 45 79 35 32 68 49 1 5 28 86 5 73 41 42 5 14 87 7 45 4 8 34 26 59 54 4 76 81 21 15 40 65 18 44 55 50 40 24 28 99 33 18 45 17 62 77 19 63 6 85 92 87 22 53 71 14 67 76 94 31 51 6 9 39 59 5 92 43 41 94 75 36 21 37 65 12 62 60 4 26 13 69 19 74 86 20 80 49 46 28 10 40 49 98 80 8 79 60 13 77 6 86 54 22 70 24 96 25 86 68 43 87 57 76 7 14 73 2 13 31 87 40 86 90 97 80 85 72 11 21
13 48 42 36 15 93 16 23 11 47 9 5 4 7 75 13 6 78 6 42 20 35 78 96 64 86 3 41 67 53 26 88 33 85 4 92 79 11 92 46 34 33 2 65 90 34 78 60 60 53 84 29 41 11 11 20 68 60 25 56 40 4 5 57 30 31 60 16 69 81 61 37 98 28 72 45 24 40 55 21 26 60 84 19 16 99 51 86 35 87 34 62 42 24 60 35 78 32 24 67 57 75 88 3 25 15 29 62 24 17 98 42 65 24 56 74 9 72 67 83 15 88 67 49 8 11 20 69 11 44 93 27 33 37 50 49 57 70 69 39 22 51 99 61 33 14 93 75 60 30 91 10 19 18 29 58 88 37 54 71 59 10 51 45 32 23 45 96 65 52 87 68 57 80 22 74 14 12 80 89 47 78 92 38 79 24 98 50 17 39 24 75 85 40 81 36 15 36 99 42
19 7 18 38 89 71 6 71 8 7 46 20 46 3 52 53 32 47 17 59 23 72 19 3 73 17 7 41 35 34 11 83 99 84 59 65 77 9 89 55 37 8 28 74 62 26 22 72 64 39 42 98 45 40 23 69 44 8 23 18 33 41 6 26 18 99 68 1 28 10 76 92 47 55 1 70 6 81 64 35 83 5 61 55 79 43 78 37 48 30 20 60 83 64 31 3 97 98 46 69 17 49 61 48 52 14 44 69 63 76 75 2 74 64 32 39 64 4 96 64 53 90 99 66 91 62 96 20 63 45 56 21 98 52 86 58 92 42 10 34 94 65 25 68 65 67 56 84 79 3 17 46 81 6 67 52 97 93 76 79 88 48 60 4 62 88 71 51 68 87 45 96 64 11 88 36 42 2 93 3 16 4 33 56 6 73 98 98 38 95 97 37 78 39 60 91 34 74 7 59
35 73 22 52 61 63 13 21 21 77 4 99 73 40 32 90 7 93 79 58 52 4 5 57 46 70 70 47 1 32 23 76 70 86 69 25 18 62 54 84 16 19 80 26 22 96 83 16 67 78 93 71 93 13 34 65 21 76 30 36 36 93 51 98 92 74 19 64 80 24 61 39 88 66 72 56 71 16 83 2 48 14 42 98 69 39 50 74 77 56 70 15 37 49 3 12 42 1 18 36 81 90 40 21 73 68 85 28 14 54 94 37 78 39 71 30 56 30 40 16 1 1 86 32 3 21 68 58 44 38 67 69 78 62 15 99 13 88 91 46 8 86 90 40 42 90 63 20 46 24 39 77 42 33 73 3 99 30 87 79 88 78 38 11 97 77 98 7 82 59 77 93 38 65 56 32 37 64 95 64 96 13 41 69 83 91 1 38 56 16 81 76 89 49 3 95 68 38 55 58
11 24 28 27 16 20 49 58 26 8 62 44 1 11 4 8 4 11 8 7 59 38 44 10 1 52 76 37 17 30 86 27 30 94 39 74 57 29 89 18 94 50 7 34 23 42 23 29 80 4 85 46 56 8 32 57 38 21 27 47 88 51 87 29 66 85 64 27 16 49 26 35 50 85 26 71 54 16 17 39 31 45 20 26 39 19 98 46 66 24 47 10 35 88 36 48 20 38 5 51 24 88 13 87 76 63 47 93 55 65 34 32 71 85 86 70 80 41 89 31 53 27 8 11 54 90 25 61 4 23 56 31 18 47 45 82 52 77 70 58 96 23 97 72 79 8 72 98 55 69 91 88 92 91 84 64 44 10 41 21 56 21 66 74 51 93 65 22 98 25 57 51 43 97 12 67 36 49 53 70 93 78 46 60 97 65 56 64 69 48 99 10 60 9 61 94 93 68 58 7
7 28 34 17 69 51 46 7 31 18 20 15 24 9 53 3 56 77 20 49 54 27 72 52 5 50 12 13 15 31 25 29 85 14 65 37 95 25 66 84 54 39 46 14 1 7 7 11 31 21 65 33 93 66 80 43 42 71 99 47 22 77 41 10 47 27 32 73 58 79 19 29 10 92 82 24 5 37 71 6 56 41 4 74 93 96 6 51 41 96 68 78 53 96 57 28 25 17 31 56 95 39 14 9 17 67 42 72 51 88 23 90 92 88 19 8 1 51 59 64 79 53 6 96 89 71 47 55 55 47 31 68 83 33 14 22 53 97 20 81 57 58 50 84 42 95 38 74 96 33 52 73 93 60 70 4 10 60 23 28 66 94 72 85 59 41 58 53 82 45 71 48 96 19 85 78 49 91 33 73 67 88 51 78 85 16 37 26 54 93 84 70 62 55 42 75 60 92 58 49
21 21 1 26 43 52 22 43 91 31 46 39 1 8 54 73 75 77 90 23 48 20 23 1 18 5 85 49 65 85 11 23 9 3 11 33 6 67 30 5 25 70 29 44 77 42 66 11 38 61 32 68 20 28 44 30 73 46 91 40 45 80 25 20 51 37 49 91 87 80 74 23 94 81 14 92 86 88 29 30 94 86 89 63 13 78 63 80 98 12 58 91 92 79 60 43 91 10 94 14 13 55 40 21 37 54 11 79 88 69 11 77 6 87 38 92 80 12 52 3 56 53 5 93 10 57 20 47 41 84 36 86 30 77 67 55 98 45 32 33 18 6 27 17 58 50 51 77 14 71 45 51 95 83 49 96 16 67 30 37 90 73 20 58 35 91 58 14 62 76 91 60 9 57 68 25 78 98 34 75 21 74 87 46 75 99 65 98 80 73 19 85 80 85 86 78 65 5 26 23
14 4 13 83 91 5 38 85 16 69 58 39 72 74 41 21 25 35 15 52 45 81 58 48 22 2 77 92 20 97 49 89 7 15 29 55 22 65 2 75 51 31 58 28 29 44 87 36 45 88 19 88 81 93 58 39 76 11 87 82 45 56 25 20 57 12 64 55 88 78 26 92 30 41 44 82 68 21 43 31 72 67 65 37 18 58 13 21 57 14 78 60 78 92 69 77 37 49 75 53 24 46 34 86 95 10 83 6 48 27 15 25 71 2 95 20 90 66 39 9 77 76 41 65 43 71 50 84 92 87 94 89 95 46 61 66 57 7 59 38 6 75 75 20 46 99 18 8 92 89 49 12 89 47 90 90 29 81 2 85 83 75 78 88 51 77 37 43 42 79 22 53 50 38 25 63 70 73 12 61 27 66 40 46 8 56 25 95 97 86 65 92 14 53 48 45 70 31 96 52
18 34 91 34 18 29 37 81 43 56 52 99 21 4 6 64 71 67 78 31 29 67 18 71 94 87 65 14 56 26 76 32 17 75 91 88 29 32 6 65 44 54 72 56 97 11 29 16 62 83 69 18 35 51 74 31 13 81 28 97 31 67 79 57 30 55 48 15 43 51 81 24 41 40 54 14 26 75 59 94 82 28 65 9 89 20 47 75 84 83 80 90 50 64 78 32 63 28 23 47 85 57 57 46 32 86 27 36 83 48 27 72 49 64 46 16 32 88 30 48 60 23 33 28 3 60 83 79 83 82 10 82 80 58 74 28 12 52 22 47 78 90 86 4 8 72 53 85 76 92 89 97 88 87 55 96 44 14 37 2 52 92 67 91 53 42 8 23 57 43 81 50 20 97 80 97 24 59 28 70 79 58 95 24 3 64 62 99 73 58 10 94 12 91 91 56 77 98 86 31
7 29 25 74 7 40 45 40 19 92 29 58 57 84 5 75 49 23 52 66 5 19 45 52 32 14 34 14 43 69 75 43 32 2 42 16 35 40 1 3 40 5 40 20 61 40 37 86 19 54 60 83 19 84 73 24 91 84 48 50 57 56 91 20 42 1 7 95 28 25 69 56 48 4 76 3 13 51 48 90 39 53 62 33 69 48 42 34 11 4 94 88 3 49 77 98 78 33 68 91 49 56 87 44 19 74 94 81 79 46 6 57 23 20 20 72 53 53 42 98 50 59 94 43 81 30 9 55 87 23 78 66 53 53 56 41 40 27 78 80 23 84 31 69 77 83 34 9 93 58 94 87 85 39 90 36 66 80 80 22 5 19 10 26 43 7 87 88 40 18 84 14 75 72 63 70 95 87 95 43 88 56 79 75 91 21 71 58 91 82 84 34 84 49 92 40 30 92 76 66
99 29 24 34 35 32 55 8 79 11 46 11 60 88 21 5 41 11 33 20 68 92 3 15 69 24 18 19 25 76 18 60 27 19 64 20 59 85 10 54 88 76 66 29 15 16 87 89 14 79 33 12 83 83 27 34 22 59 31 92 43 86 93 88 94 39 62 92 15 13 86 30 8 87 85 23 42 77 75 34 70 76 8 49 48 47 75 81 21 75 50 32 9 17 97 57 49 57 10 10 96 26 23 28 55 76 35 72 60 95 24 18 35 88 81 46 35 20 3 94 91 6 13 76 86 54 50 51 10 93 36 18 21 41 81 4 69 67 26 19 12 88 39 78 75 61 35 76 56 86 34 98 2 24 15 1 46 86 37 86 7 85 12 76 85 80 90 8 84 99 84 87 39 89 21 65 62 56 4 9 15 64 4 57 89 59 85 57 93 33 80 5 5 78 85 6 88 96 82 20
36 52 54 21 55 70 44 17 26 1 62 7 45 66 71 61 78 4 29 71 20 7 44 26 28 84 1 85 6 25 50 32 21 2 36 23 93 50 63 53 64 16 5 64 3 40 62 67 23 37 42 50 31 25 11 63 77 63 1 3 72 18 36 23 62 53 45 67 15 14 60 19 16 41 45 9 50 33 35 90 17 93 94 41 84 7 25 36 82 56 91 9 80 39 39 56 17 91 22 69 25 57 39 79 1 62 75 68 92 39 5 77 69 10 19 49 82 64 74 55 5 5 97 18 3 36 91 27 61 47 92 68 13 84 41 65 51 75 55 22 95 14 85 91 10 10 90 48 13 81 47 98 40 92 10 86 34 59 72 46 64 73 94 23 27 97 95 81 83 44 51 51 96 29 94 86 43 65 92 14 14 21 12 80 56 93 25 23 65 70 51 54 25 62 16 46 50 91 20 71
50 3 3 31 32 10 7 33 44 44 5 27 10 85 58 7 4 12 28 53 69 57 90 9 10 86 39 19 88 35 55 22 52 54 35 98 29 74 31 21 37 42 64 98 93 88 1 59 30 37 14 16 14 38 34 44 64 45 60 56 56 13 15 91 3 80 63 14 57 17 47 63 96 3 53 6 62 52 6 14 25 74 22 29 86 66 62 28 78 83 46 31 7 66 15 87 76 71 78 97 58 14 23 60 62 52 3 61 60 8 85 90 20 63 65 60 47 67 59 46 14 9 14 27 92 42 78 54 24 94 21 23 4 61 41 73 74 49 37 88 61 3 9 53 64 80 71 38 18 20 16 12 78 36 49 95 69 69 60 65 38 98 46 53 66 76 25 93 27 47 13 44 91 81 60 49 58 38 60 71 89 83 86 64 93 41 93 90 88 55 99 15 37 90 37 82 79 57 86 53
13 6 35 28 1 22 45 14 48 21 76 40 73 2 58 30 19 80 50 19 26 3 66 20 66 27 71 61 35 12 65 7 20 27 92 25 14 56 80 75 15 41 99 9 2 49 28 78 60 14 52 54 14 76 16 22 63 51 42 86 77 4 2 68 69 56 59 17 40 69 26 95 4 38 14 64 65 94 49 89 58 25 21 80 93 74 26 64 22 10 29 20 26 37 15 77 10 73 81 54 4 62 83 5 60 32 46 28 39 18 59 23 4 94 89 63 9 60 37 42 53 93 90 51 41 99 64 58 89 70 37 21 42 34 2 90 33 17 88 96 38 86 62 43 48 65 35 41 13 94 48 62 43 73 44 50 94 96 84 93 53 81 48 20 64 58 67 17 6 75 41 15 88 38 88 55 69 31 51 73 80 99 91 5 95 44 95 29 75 77 35 84 53 98 80 56 79 65 96 19
25 31 48 47 26 35 68 56 58 3 31 59 54 46 37 56 76 30 5 98 31 9 52 92 1 11 39 85 71 58 18 2 28 48 89 57 38 12 9 33 42 18 4 54 10 8 26 34 18 45 33 99 56 83 92 98 21 84 34 68 96 22 51 56 27 27 49 26 90 60 3 34 24 67 93 25 78 44 9 11 66 16 10 89 1 67 63 46 81 64 24 35 39 6 4 88 89 87 66 66 72 65 99 62 78 48 99 88 25 27 92 29 40 80 22 76 51 85 24 97 82 96 35 97 81 5 67 72 21 89 11 89 93 62 68 82 99 5 52 96 97 62 40 24 38 35 69 66 34 29 25 32 43 85 77 89 61 17 71 69 82 38 53 67 45 45 22 91 96 66 54 58 62 84 37 55 49 49 32 52 82 9 38 57 55 57 84 45 72 52 67 93 88 44 96 81 6 57 52 98
28 9 2 28 5 40 23 9 68 19 64 17 25 40 36 99 51 30 45 11 87 97 27 54 40 35 8 53 28 82 84 73 38 15 12 1 41 88 37 27 52 62 4 55 68 53 18 16 82 53 34 23 22 33 87 6 72 10 80 57 22 48 95 78 88 64 81 35 10 65 63 52 92 63 6 77 42 3 97 29 80 19 38 34 48 95 25 60 17 86 33 34 27 71 53 69 29 54 76 9 39 4 96 71 59 49 58 14 93 57 78 69 89 45 47 90 83 3 64 47 59 68 65 26 46 52 50 56 87 17 49 77 65 34 91 44 11 13 38 18 16 37 64 19 89 25 17 94 85 79 10 49 30 91 94 22 34 6 19 41 83 1 67 96 70 40 46 92 48 28 80 37 88 51 18 42 59 45 90 55 55 91 86 74 81 48 42 81 68 74 99 66 66 34 91 57 87 79 67 11
98 12 91 24 17 41 33 53 13 45 59 35 30 59 65 3 36 50 97 44 2 78 65 68 26 48 76 32 11 6 12 55 25 19 30 44 66 49 68 24 96 92 1 34 6 50 38 22 84 39 84 21 35 92 90 58 60 32 38 32 39 42 63 29 45 53 43 72 64 85 8 93 75 3 22 86 35 74 63 69 13 87 69 11 7 6 56 22 73 99 21 70 93 23 93 55 61 14 34 90 64 68 93 47 29 34 87 83 9 57 63 97 57 60 8 33 34 52 75 15 75 81 81 69 43 42 32 11 77 46 56 42 51 8 46 44 31 63 54 81 70 11 48 83 91 29 12 20 12 28 97 80 16 15 8 24 89 58 65 70 82 71 82 49 28 46 26 93 73 66 53 67 81 79 77 2 91 84 48 84 65 90 32 27 48 81 88 89 35 69 37 28 98 47 15 82 92 52 80 44
