20 200 13820 1.46
4 29 67 16 6 86 17 3 76 97 36 60 48 9 12 72 54 30 30 87 97 8 60 85 47 63 99 66 5 28 37 38 75 72 65 48 42 30 17 51 6 32 61 44 8 25 18 66 46 56 56 73 11 9 94 36 17 23 86 44 89 13 59 51 16 28 55 19 75 56 77 77 25 72 90 95 4 68 50 10 76 75 37 3 97 51 20 6 43 81 28 76 47 27 37 84 45 59 91 43 52 36 76 98 13 26 59 77 4 91 10 49 47 30 92 71 74 90 21 40 52 34 72 79 70 80 44 64 87 10 5 24 35 6 97 39 71 54 82 77 88 75 72 85 62 87 56 52 53 90 23 16 87 88 98 9 65 63 82 9 48 33 29 30 22 8 64 33 80 44 91 32 67 5 86 20 95 80 73 27 92 20 80 17 92 94 64 84 81 66 65 68 77 89 39 74 43 78 26 87
2 18 11 25 79 47 10 6 12 55 17 23 37 49 1 57 67 90 86 23 42 37 11 63 98 53 22 80 30 99 19 41 38 26 4 7 97 31 17 7 28 53 19 11 36 10 68 9 13 45 64 14 93 43 4 78 50 51 77 36 58 14 25 85 45 39 38 77 5 57 73 68 75 23 30 30 53 73 89 87 29 16 79 89 16 80 85 38 43 88 70 44 93 61 90 27 12 60 84 59 64 52 98 44 28 94 38 17 74 70 94 74 82 32 51 37 41 51 33 68 90 91 11 10 58 67 69 7 42 10 60 99 41 83 11 95 7 39 84 30 69 14 57 65 75 69 78 60 90 48 33 38 17 35 47 41 27 66 17 83 46 67 89 91 17 19 69 93 35 43 62 93 16 59 62 54 1 67 96 56 26 18 35 89 95 51 61 87 55 8 88 82 4 79 85 81 83 46 94 23
41 43 34 83 2 33 60 14 19 72 56 15 60 11 99 67 57 32 75 84 81 7 3 13 73 48 33 34 3 41 5 23 84 62 31 52 8 38 69 67 33 55 82 74 17 79 24 48 71 85 51 83 75 32 60 8 48 9 90 42 12 49 42 10 33 46 24 62 22 70 67 44 27 42 17 1 91 90 63 58 57 68 5 55 93 75 71 20 72 79 8 1 41 80 33 1 54 97 40 70 19 84 67 41 69 22 69 26 82 77 14 79 94 83 73 24 97 93 94 93 38 81 92 15 74 79 6 6 42 53 66 23 1 91 85 32 41 42 6 25 30 80 70 68 53 69 47 42 33 99 73 92 7 90 78 49 3 92 81 41 57 40 78 86 71 61 23 43 69 22 79 44 32 19 90 67 92 89 28 84 45 94 18 47 54 71 97 71 18 57 22 49 67 70 81 75 84 79 89 84
33 5 45 84 30 33 5 47 16 14 25 3 92 59 83 97 82 39 34 94 19 1 8 85 3 2 1 76 70 28 5 65 24 36 62 1 28 6 87 4 55 42 71 97 75 61 1 94 28 97 8 54 69 40 79 23 39 55 8 28 80 52 10 1 16 8 84 60 5 22 27 5 77 52 17 44 60 16 84 38 7 3 65 7 70 67 49 55 59 72 45 62 38 66 11 6 88 29 66 28 31 29 43 77 35 42 16 62 56 88 20 2 9 75 53 19 75 1 81 59 73 58 51 73 60 61 16 33 47 59 96 55 93 57 74 8 98 36 56 26 47 40 60 96 15 96 54 50 78 7 5 63 71 54 32 50 79 65 36 95 9 90 41 56 21 24 2 49 33 92 59 30 54 78 77 82 10 87 60 25 93 77 53 47 64 73 14 81 75 58 94 99 95 45 65 75 62 86 69 94
29 18 12 34 24 10 55 17 79 87 69 75 62 2 42 13 27 9 28 25 20 12 73 51 16 9 20 25 26 77 6 74 51 55 54 8 44 49 65 84 80 7 21 45 88 29 64 23 9 74 86 47 88 31 26 57 75 5 9 26 61 28 51 3 2 54 43 48 94 65 29 33 7 91 84 88 28 43 75 52 64 52 36 78 72 19 29 56 43 26 3 31 44 44 86 14 66 39 17 96 62 82 78 46 41 61 79 46 3 24 27 29 20 14 38 86 65 36 53 92 44 82 33 45 18 96 98 3 37 55 37 26 23 81 97 80 24 94 90 71 85 88 63 83 60 61 90 99 37 26 77 67 7 83 3 51 34 59 51 10 3 63 41 38 27 69 71 85 34 46 68 62 73 77 89 82 84 1 67 20 18 90 30 57 59 20 48 99 74 76 64 29 37 95 95 95 51 92 57 25
35 50 90 4 8 42 30 60 77 84 5 29 44 44 2 74 10 94 84 31 8 65 40 11 21 13 91 76 55 72 53 89 88 15 68 23 59 76 15 69 38 64 23 23 90 48 27 11 14 9 19 8 90 77 7 88 84 58 69 91 98 11 16 72 95 39 8 5 41 29 13 25 67 45 43 63 21 12 29 86 93 17 91 2 20 16 17 75 16 3 69 72 38 64 89 18 66 97 45 5 31 20 97 34 41 77 63 18 9 44 65 39 61 60 20 35 50 74 57 48 25 48 64 75 18 58 86 88 98 59 5 22 95 28 10 87 81 54 78 1 59 97 59 97 32 13 29 99 2 24 37 36 56 96 6 93 92 95 65 76 97 37 66 70 25 81 27 62 70 29 54 64 51 62 11 4 80 16 66 89 68 8 39 78 49 69 9 32 94 39 12 89 78 36 60 8 92 93 48 31
15 12 94 17 14 16 88 50 52 60 61 39 37 27 37 79 93 3 85 66 63 34 21 52 9 40 61 1 28 80 50 12 48 24 54 77 49 22 53 35 14 69 3 16 23 53 27 39 92 81 54 30 30 44 7 37 58 60 51 29 57 37 87 38 83 82 24 80 50 73 82 55 13 15 16 43 93 80 5 40 88 72 57 17 66 1 15 91 98 5 67 92 53 8 26 59 42 66 49 68 94 8 1 69 77 40 88 11 19 16 25 51 27 56 6 72 29 90 7 81 35 77 17 66 99 50 96 80 83 41 5 87 75 79 54 4 77 83 3 56 65 40 43 48 16 31 67 79 94 96 74 40 67 69 85 13 18 11 23 45 40 11 22 41 98 96 82 50 78 85 62 39 56 21 27 9 46 87 8 99 79 53 82 78 24 71 65 32 56 39 71 65 97 80 54 4 69 74 81 66
72 80 3 16 63 9 1 46 49 37 59 44 2 77 42 37 5 88 24 66 57 71 95 81 21 43 33 89 52 5 20 51 41 73 30 69 8 22 39 7 65 2 59 6 2 12 46 12 24 14 14 38 32 9 73 41 11 44 8 76 29 6 84 53 88 6 14 30 33 95 15 11 81 2 90 9 32 35 52 62 66 63 72 30 44 5 99 19 26 85 30 45 61 5 62 85 6 45 6 29 76 8 67 41 33 76 99 91 1 9 87 5 12 69 45 37 14 70 2 27 10 2 30 14 23 13 26 15 18 59 83 69 80 62 65 82 73 80 38 89 5 76 13 79 46 99 22 34 97 17 52 79 75 15 88 90 27 90 87 85 59 90 28 37 66 87 95 16 2 19 79 31 97 45 32 69 95 82 32 77 90 77 28 85 75 28 26 1 29 34 19 93 98 85 83 74 25 93 26 66
83 48 20 39 84 75 50 23 68 10 58 72 9 47 50 42 61 47 35 15 57 24 86 25 22 32 29 75 68 5 13 70 12 65 23 63 77 32 61 37 1 42 83 89 40 90 74 15 2 15 24 81 66 79 6 67 53 86 68 53 12 12 38 1 70 78 92 43 78 6 43 64 67 1 14 12 36 47 5 53 58 11 97 61 13 64 99 18 97 55 76 39 27 42 11 67 49 28 41 3 10 66 30 98 92 32 5 60 75 66 22 33 74 24 30 71 67 1 43 51 93 38 85 42 41 22 34 78 37 48 97 72 56 18 56 17 5 35 25 17 19 13 10 29 44 14 45 5 83 13 52 43 60 54 53 18 78 76 97 14 65 43 68 53 85 71 79 42 15 85 1 46 77 61 68 47 92 21 62 95 78 39 98 95 84 94 86 85 75 59 74 21 34 15 3 80 93 74 90 15
70 51 41 90 75 55 3 51 1 47 33 43 19 49 11 8 19 73 34 23 25 50 48 11 64 76 24 28 95 23 74 60 10 41 2 94 81 93 28 5 83 80 22 58 20 64 54 68 96 38 73 71 22 45 60 90 5 10 27 34 7 97 46 87 68 78 35 22 29 34 63 85 10 99 52 38 47 36 44 45 22 88 5 60 90 44 18 64 47 45 37 38 49 63 56 95 54 45 25 69 48 88 24 9 20 34 54 12 70 38 80 52 13 81 63 56 64 31 53 10 87 74 4 98 60 88 49 83 20 48 35 66 31 40 67 37 23 45 91 44 11 90 84 8 75 40 82 24 59 29 75 51 26 25 70 98 88 62 1 41 94 15 59 64 92 30 90 74 88 21 30 32 34 16 42 70 90 40 64 1 38 15 56 62 72 70 88 78 76 79 97 65 12 87 84 52 79 93 80 23
17 1 6 49 3 16 60 79 26 8 60 64 73 74 27 2 86 45 7 45 31 93 9 43 7 51 22 16 94 7 99 44 84 48 92 69 32 8 84 56 7 93 76 73 82 27 71 4 84 5 89 44 82 70 17 74 22 61 30 41 35 76 17 18 61 61 19 69 86 70 52 34 38 62 85 56 60 55 88 51 7 49 5 63 21 90 64 38 91 85 63 8 58 78 43 21 91 59 34 92 66 32 53 32 29 59 59 31 39 80 5 24 37 56 18 39 7 75 15 39 21 85 5 37 5 43 29 97 64 85 94 92 54 63 27 33 5 54 77 63 50 14 5 28 74 95 40 7 54 65 92 70 46 22 20 61 90 71 66 76 96 94 83 50 93 77 93 98 72 64 77 94 68 81 88 53 94 57 45 47 80 41 59 54 34 82 49 53 79 55 78 45 89 36 82 19 78 91 94 45
41 7 9 14 28 26 43 19 13 4 6 41 35 71 27 6 65 77 16 11 41 9 11 8 51 74 46 85 82 82 27 17 37 81 1 55 80 77 20 18 7 34 66 59 90 12 63 59 63 70 21 63 77 80 40 67 30 98 13 24 58 51 13 43 1 98 79 66 95 57 52 38 70 72 31 17 58 89 14 19 81 15 54 96 37 30 26 54 59 56 88 84 72 79 53 70 36 35 55 69 5 76 67 36 76 85 27 40 8 53 74 63 74 92 63 84 71 29 11 17 31 62 23 11 62 14 87 68 56 33 88 30 32 50 42 25 87 60 26 79 97 16 54 11 82 75 92 96 76 18 97 44 92 89 46 39 33 66 33 48 72 89 75 52 42 49 70 97 23 72 76 63 92 85 85 42 18 23 85 98 18 83 74 92 88 58 95 3 79 84 91 67 40 39 52 36 89 95 58 11
16 60 21 16 80 36 3 94 53 28 51 22 28 19 82 37 2 15 17 36 11 10 82 29 42 21 97 56 12 35 82 85 60 3 34 74 33 98 42 96 46 84 38 1 51 66 75 76 33 43 63 5 32 24 41 41 28 75 72 51 70 68 53 10 37 67 57 43 21 1 1 23 15 20 89 43 91 53 16 29 30 62 40 83 17 72 22 88 16 31 75 15 1 9 90 28 45 85 83 71 3 60 25 27 18 77 20 69 89 20 88 86 79 16 75 51 52 17 94 56 43 19 63 58 85 22 37 11 28 70 84 55 59 84 93 88 28 55 3 69 41 40 12 3 54 33 46 25 4 82 72 12 98 31 59 71 8 12 83 65 54 78 96 91 33 67 18 32 37 69 85 48 70 63 91 56 85 90 49 28 22 83 89 69 34 83 61 90 28 87 59 72 56 81 45 70 17 5 87 36
46 54 39 19 18 28 37 66 66 7 65 13 30 20 11 44 24 20 71 25 40 32 69 96 62 36 19 11 21 24 56 53 18 65 21 26 32 74 58 78 57 58 29 2 17 68 25 53 25 25 45 5 13 5 75 1 22 2 67 29 39 63 96 48 77 5 23 59 32 83 51 41 90 4 80 73 44 25 56 98 64 23 28 20 6 36 27 11 74 6 49 60 33 67 15 77 53 38 85 69 83 61 7 46 32 92 77 76 65 19 31 69 67 25 67 50 57 67 83 17 4 15 91 87 13 39 63 84 34 87 56 62 9 35 31 59 72 14 92 86 21 66 28 37 7 67 9 38 25 64 40 70 96 66 19 53 82 89 94 43 76 51 47 42 88 67 96 83 87 81 9 88 47 98 64 94 35 83 50 81 57 89 59 59 51 9 36 93 26 48 24 75 51 43 27 93 81 29 94 25
24 20 13 18 22 8 82 90 41 54 96 1 60 47 75 34 28 24 80 19 5 87 7 42 98 94 62 38 67 86 88 63 20 96 14 3 41 71 20 28 78 8 6 50 11 23 94 36 71 13 36 5 16 58 32 4 15 18 35 77 35 55 39 74 8 36 31 26 59 17 20 98 51 31 79 33 76 21 15 23 21 88 45 68 49 85 14 56 69 1 12 53 21 13 19 15 19 2 68 51 83 30 16 89 55 11 63 41 25 6 96 91 60 13 72 63 56 69 75 13 71 26 56 45 47 38 13 68 99 62 51 33 4 32 29 29 65 91 23 96 77 12 21 57 36 1 80 33 68 76 15 33 50 8 53 45 85 47 71 95 45 83 85 75 67 41 32 1 57 28 1 55 75 53 39 50 27 52 64 49 89 92 79 27 4 50 43 54 6 90 86 84 40 65 63 82 65 10 84 19
36 85 57 21 63 84 84 8 30 18 12 62 28 78 57 46 13 23 11 2 35 69 80 43 45 8 16 2 33 67 48 14 50 20 64 66 3 73 38 92 88 43 85 45 80 88 45 41 47 75 61 86 46 27 73 7 35 73 15 58 22 40 54 67 25 55 43 46 66 40 67 45 14 26 22 61 35 32 45 78 55 57 78 82 6 34 59 33 44 97 82 52 10 50 75 57 42 23 9 35 43 98 97 67 34 30 81 27 95 73 38 78 82 71 94 10 82 55 41 77 82 71 60 24 30 48 12 22 54 63 62 27 67 36 73 48 89 50 65 66 47 81 77 84 71 57 11 91 62 53 4 40 48 24 74 74 34 13 67 12 71 82 34 37 60 79 50 37 96 80 14 50 18 33 17 76 44 39 72 89 32 69 87 41 87 44 69 14 66 95 20 71 86 83 78 53 39 92 71 2
40 15 39 50 1 7 22 54 40 61 25 72 32 40 69 20 14 9 27 53 46 62 10 7 92 65 47 6 31 96 42 32 42 8 19 40 56 1 54 5 98 80 23 54 22 63 5 57 46 78 67 9 10 83 52 67 97 16 25 29 67 50 32 68 58 68 41 59 50 91 34 63 74 78 19 81 13 17 57 72 94 91 25 86 98 38 55 82 9 11 42 15 72 28 49 94 52 15 47 7 88 44 3 71 84 15 2 96 99 79 66 97 27 30 40 16 54 22 91 60 97 41 73 52 99 31 71 63 57 33 48 95 82 21 7 74 83 41 73 44 56 50 93 36 61 56 73 41 58 97 69 88 48 8 21 75 6 87 29 74 32 21 4 40 83 20 31 82 86 25 62 87 75 76 20 79 49 30 30 45 94 31 34 87 78 3 73 86 73 71 91 59 41 11 40 24 15 41 72 53
12 8 17 22 5 35 95 21 48 33 26 72 37 7 46 29 81 3 16 98 83 89 55 49 61 62 69 38 39 15 79 34 69 46 85 46 43 8 67 71 98 10 55 58 89 16 69 72 20 2 16 70 19 99 80 12 74 79 52 27 76 82 52 80 65 32 79 22 64 6 78 81 65 73 73 74 15 14 70 22 3 17 89 2 24 79 93 55 4 93 45 21 31 61 43 73 44 58 26 20 2 1 42 30 85 34 4 19 90 15 19 66 51 58 69 92 10 94 43 41 13 96 86 75 85 66 66 30 32 85 63 58 84 75 59 57 45 99 26 64 78 51 98 4 84 55 54 51 64 20 21 87 67 82 93 79 96 1 30 80 52 22 20 99 58 1 7 40 80 76 90 69 93 83 39 83 45 70 94 51 70 37 75 37 22 96 64 41 74 91 93 42 56 23 53 84 92 41 8 98
28 48 21 13 97 73 34 31 14 23 38 16 1 21 20 2 46 72 64 28 56 35 47 19 33 32 32 37 58 4 56 8 34 20 80 32 16 71 58 51 5 40 37 68 59 54 3 60 34 7 61 41 13 28 44 66 85 82 88 43 17 38 40 43 28 17 99 33 12 41 33 49 60 89 1 16 63 66 92 1 33 50 23 13 87 51 20 54 7 15 32 72 93 93 35 8 93 26 19 22 38 71 25 14 38 81 30 91 38 58 95 11 46 49 5 82 37 52 43 43 85 8 20 87 80 57 66 46 8 37 1 38 50 25 64 98 22 20 65 21 71 65 54 59 92 29 70 77 27 93 96 69 47 88 63 65 66 6 36 83 14 49 59 43 34 71 76 52 1 52 54 50 10 62 86 95 61 93 84 48 64 68 47 34 42 50 89 22 49 53 48 33 95 68 59 77 87 77 45 28
45 46 62 73 45 78 22 25 27 24 28 61 97 80 42 70 11 53 22 20 38 62 47 53 4 48 54 41 15 13 29 16 4 33 90 41 66 15 4 36 11 7 45 31 5 20 56 66 92 79 7 90 33 36 51 57 75 20 36 88 5 86 75 77 57 36 47 67 19 29 70 10 24 54 20 77 34 86 11 37 14 47 33 51 43 32 87 56 53 36 54 97 97 42 58 83 30 82 99 88 96 48 79 27 96 11 67 90 60 77 47 13 54 85 47 27 22 7 88 98 39 25 98 43 9 64 68 91 97 45 8 14 78 84 9 58 56 10 53 34 45 54 92 95 35 27 30 73 12 64 75 45 24 63 84 18 85 25 48 26 72 45 83 12 27 92 36 46 74 84 66 42 32 61 26 7 7 44 24 50 8 81 45 13 74 67 47 79 76 6 11 3 58 84 82 81 14 1 52 20
