20 200 13682 1.46
8 31 12 46 57 38 46 18 1 70 46 13 9 18 29 67 49 10 40 70 39 91 40 23 25 35 9 14 55 8 54 23 38 34 69 39 20 54 13 28 3 22 36 20 18 90 49 20 47 32 40 7 25 77 11 82 24 63 7 97 67 86 6 90 59 34 93 48 53 9 56 16 64 23 11 57 71 38 95 54 86 5 31 97 90 57 83 35 63 73 42 71 15 69 33 16 73 31 65 24 74 16 73 43 71 51 30 90 11 91 49 5 13 68 70 79 60 56 32 96 65 43 67 86 64 60 63 7 4 70 85 66 73 90 69 61 91 1 37 14 56 94 6 51 18 39 86 5 52 42 75 94 48 75 6 14 4 76 18 68 91 35 42 85 45 94 3 27 97 89 40 96 35 14 98 94 46 16 42 79 17 56 89 59 2 59 92 75 78 95 93 7 68 91 32 82 78 90 65 70
84 60 93 18 22 16 62 70 34 1 26 25 9 2 69 63 60 93 5 68 67 8 47 66 97 91 91 66 66 55 21 87 67 10 10 26 48 82 24 66 83 87 16 45 6 18 66 3 76 86 10 25 57 22 32 73 41 11 20 17 26 7 30 30 63 95 71 91 71 95 61 86 33 23 36 51 38 74 7 40 41 59 5 56 19 43 70 23 20 24 32 15 89 98 20 64 17 67 92 14 97 2 15 70 57 47 25 50 73 98 83 37 82 10 60 52 51 83 17 42 5 96 43 58 36 49 79 61 89 72 50 68 27 36 7 23 14 76 79 94 34 29 80 74 39 68 45 26 91 72 45 3 59 30 29 94 84 32 90 18 67 47 94 12 60 84 89 57 74 86 14 77 9 73 33 80 47 93 44 82 78 76 3 46 42 65 64 96 27 63 79 58 60 95 81 90 45 86 98 68
56 14 34 24 12 17 64 43 9 2 46 76 39 85 45 91 14 16 65 8 96 71 50 19 74 93 24 89 67 5 97 35 34 55 17 55 35 4 65 2 48 4 99 26 47 74 66 89 75 38 81 93 56 61 45 95 34 93 22 85 86 56 65 30 26 13 12 54 91 43 63 75 34 65 8 55 89 39 26 91 10 75 58 9 83 26 33 52 65 67 89 66 29 22 40 97 59 84 45 52 8 50 86 33 3 76 73 12 3 23 45 47 96 97 93 83 21 32 61 83 9 50 61 40 16 5 36 73 91 53 25 55 24 59 74 66 82 21 57 16 90 57 52 5 36 51 64 79 46 70 34 63 10 66 87 37 96 32 48 49 86 97 38 69 30 97 76 20 51 28 88 24 22 17 5 98 66 37 25 26 70 59 14 99 58 32 68 54 75 26 25 75 49 79 90 99 65 86 51 8
25 71 46 75 38 59 36 25 72 70 16 58 67 84 21 5 41 87 58 65 5 64 9 61 48 66 89 59 67 21 2 21 63 12 44 91 94 8 62 5 85 72 28 10 10 12 77 64 51 3 12 38 95 51 52 60 88 90 72 87 35 31 76 84 20 4 58 63 17 4 26 44 5 45 27 21 35 71 40 84 64 77 63 68 73 93 17 44 51 73 9 83 31 79 87 97 26 38 27 26 91 75 41 94 1 77 56 16 68 4 63 21 76 96 38 15 85 69 20 57 55 37 91 55 71 49 62 85 62 64 91 74 25 48 21 70 34 1 77 45 31 68 58 64 71 99 47 41 27 84 37 55 96 76 60 10 98 22 46 57 82 8 63 79 39 28 6 55 56 99 7 74 66 16 92 19 90 90 31 69 38 99 96 23 11 84 86 29 63 71 80 71 69 85 89 22 53 93 55 65
10 19 2 15 52 19 93 21 5 89 9 24 25 69 4 3 2 59 74 9 64 59 27 9 38 67 39 12 50 14 69 6 6 22 57 60 53 10 24 46 37 86 69 67 94 63 3 14 5 47 11 12 6 4 75 4 59 51 9 83 49 53 57 21 57 3 81 40 36 4 87 21 70 7 86 60 64 85 98 20 64 1 25 52 8 27 18 24 73 50 20 8 56 60 59 7 10 24 23 53 11 40 58 44 97 28 21 9 95 23 96 83 93 46 28 84 95 99 53 50 92 75 15 15 95 87 70 6 94 86 95 94 52 61 64 33 24 79 49 6 33 23 62 54 55 83 30 29 37 58 9 41 66 68 74 75 68 79 7 67 73 68 4 10 60 69 66 94 19 88 58 15 60 90 65 87 77 72 69 98 27 78 89 51 89 93 80 42 39 81 30 50 64 33 54 32 89 49 90 9
17 3 5 79 52 12 36 21 48 68 53 45 36 33 96 42 42 9 58 44 67 50 47 73 59 6 14 9 3 57 11 3 46 77 44 82 46 60 56 3 90 54 8 49 2 56 19 23 37 21 99 71 27 25 91 18 55 2 41 60 10 5 63 10 63 58 12 15 66 35 8 18 35 94 46 58 70 22 1 36 86 72 87 56 5 15 55 62 89 91 39 43 40 6 42 24 10 45 61 7 28 62 92 8 52 27 35 80 62 14 3 37 19 77 97 18 63 21 91 55 38 49 85 14 52 69 37 7 54 20 19 47 20 87 32 50 67 29 64 80 38 63 39 53 11 87 95 80 44 89 56 58 78 75 60 77 19 89 30 71 7 26 32 45 40 10 93 76 17 47 27 71 89 98 21 52 41 81 99 88 9 40 87 83 48 59 47 90 94 60 77 97 40 25 99 90 57 98 43 44
98 35 19 6 20 16 34 2 19 47 64 16 60 16 11 5 40 34 40 51 15 32 7 44 31 22 99 77 86 69 17 80 75 55 21 64 14 74 82 35 7 14 32 7 30 10 8 8 17 73 29 97 53 15 10 46 53 5 45 66 39 59 13 53 94 34 17 99 19 24 89 74 84 27 46 95 66 43 79 62 4 54 74 46 62 33 26 94 31 33 94 44 73 64 36 74 79 69 27 94 60 6 15 63 33 83 56 65 92 48 23 87 16 20 27 34 13 28 99 68 10 46 61 59 23 50 12 63 92 38 45 87 32 60 81 20 90 97 66 80 42 59 87 82 70 4 82 64 90 48 69 43 77 96 34 91 58 30 20 44 49 41 41 76 70 35 49 7 33 52 72 46 48 58 45 72 27 63 60 31 97 9 59 79 70 85 91 96 88 57 24 73 43 14 97 18 91 51 92 51
67 2 59 59 62 51 23 58 19 51 46 17 12 80 34 6 51 56 24 7 20 10 5 24 29 81 70 43 28 86 47 91 83 73 33 90 4 83 70 46 29 49 65 50 16 28 38 81 61 65 72 3 61 50 44 11 53 44 31 17 18 96 6 50 65 12 58 66 33 82 40 82 31 90 5 16 78 30 19 17 6 24 58 70 73 52 32 28 15 13 97 95 3 17 81 36 80 98 81 86 53 48 60 15 41 25 61 75 97 87 22 61 2 26 54 18 77 56 50 80 32 24 92 39 28 56 37 22 61 39 15 11 87 97 17 81 36 98 74 39 95 57 82 48 82 43 76 87 30 82 77 62 59 98 81 91 76 34 94 59 49 12 55 32 30 52 16 69 21 33 25 90 74 72 34 10 76 94 80 78 95 77 95 52 66 33 69 96 69 7 49 97 90 59 43 10 91 23 62 7
46 6 36 32 4 6 36 37 99 49 98 38 94 93 36 59 54 28 24 23 54 6 26 76 59 12 19 46 34 6 17 86 70 89 75 20 86 78 73 92 7 62 26 9 97 53 88 66 52 50 93 21 67 58 9 17 89 43 49 38 25 92 42 44 42 61 60 23 4 28 14 43 30 91 96 33 12 34 74 65 99 76 16 13 84 65 28 70 31 27 32 31 44 3 17 67 37 99 30 30 68 93 92 70 93 10 39 4 39 19 68 45 33 60 17 62 81 27 34 68 62 4 21 59 30 73 76 22 52 71 55 7 74 93 7 35 97 36 56 56 12 93 76 54 98 22 61 94 67 53 75 82 39 65 91 62 75 81 55 31 97 99 62 33 39 62 67 85 55 46 15 7 69 46 6 95 19 16 73 2 59 30 2 60 93 96 31 35 66 86 38 42 93 98 88 93 39 75 81 23
14 70 47 27 19 60 17 38 24 18 41 33 30 38 60 15 23 3 91 54 5 27 91 31 15 58 67 4 13 98 22 83 16 93 16 15 57 25 26 97 18 50 9 96 23 86 73 86 5 14 35 32 10 82 29 33 49 21 36 16 73 19 57 39 75 36 46 63 52 96 15 41 25 18 44 35 62 91 23 93 26 60 25 28 50 94 63 71 71 33 24 8 90 94 80 1 9 57 79 79 8 75 10 16 30 2 71 81 46 80 71 9 99 5 20 63 36 49 89 74 36 85 31 66 1 22 5 98 75 8 54 60 53 71 42 27 11 22 7 91 56 85 34 50 32 40 5 62 38 47 42 74 48 50 50 6 68 67 72 87 33 44 53 4 83 30 88 56 96 60 78 49 10 97 77 52 95 33 81 38 22 83 75 60 70 95 94 31 81 79 98 50 9 40 21 57 78 92 32 54
1 29 67 20 59 47 41 21 39 14 10 36 49 18 29 58 94 46 98 42 38 1 56 77 5 9 25 22 4 52 73 18 26 45 68 45 27 38 27 32 82 60 75 29 37 36 54 48 28 79 10 58 29 50 62 62 25 79 13 22 92 27 96 4 35 63 35 99 28 80 35 3 50 10 95 85 13 32 90 48 13 40 72 55 62 51 75 55 59 20 63 26 94 52 33 8 37 22 14 9 37 30 47 63 45 7 30 18 26 67 9 54 17 33 80 13 92 38 71 45 80 44 51 65 12 2 90 96 9 6 66 47 94 51 65 35 62 89 54 32 88 2 71 71 69 46 93 82 26 36 91 44 39 49 81 24 15 47 90 51 29 60 53 60 43 95 62 26 74 18 93 3 33 48 43 81 83 91 89 85 31 84 66 69 59 3 56 65 35 85 71 7 78 32 66 87 87 65 89 42
5 3 55 70 18 58 54 59 76 18 74 72 30 29 19 25 14 19 44 2 33 71 64 15 72 1 22 85 4 63 81 11 37 38 62 1 97 47 28 96 33 35 46 57 8 87 35 31 95 43 71 42 24 38 6 54 89 90 64 60 44 1 95 63 86 69 12 53 7 89 54 78 15 32 94 83 13 27 76 63 42 8 52 28 32 62 92 49 67 16 50 94 76 74 5 78 89 86 38 16 21 82 12 63 57 80 23 15 67 69 92 62 46 34 63 98 33 62 16 23 93 2 7 41 71 19 98 55 9 86 62 77 48 13 61 81 70 81 49 84 81 54 24 9 18 27 23 53 47 69 49 80 95 55 10 32 76 65 94 18 10 98 77 87 70 56 79 97 75 53 19 35 52 95 66 19 3 39 59 52 44 4 91 13 85 70 21 64 45 85 38 28 73 88 20 74 62 39 66 2
37 41 43 35 61 23 47 11 58 38 92 87 22 36 47 76 56 20 66 59 65 69 57 27 27 31 20 37 24 35 64 20 89 7 43 8 67 73 37 24 72 29 67 60 73 5 28 71 28 75 21 9 23 30 50 15 27 33 97 16 1 20 24 31 5 76 56 35 9 46 22 10 57 52 43 34 21 63 11 25 84 89 64 86 24 92 40 45 4 61 3 24 74 70 97 20 38 4 1 47 63 26 33 37 67 65 30 52 33 96 95 44 88 38 19 55 55 35 41 25 46 32 48 32 88 44 3 67 88 78 48 34 36 30 40 84 68 34 69 39 53 56 18 60 93 77 40 40 66 15 74 82 75 20 26 99 45 33 61 42 97 78 19 26 7 51 23 65 85 59 95 26 26 39 75 54 85 85 45 3 60 82 76 6 52 75 52 57 93 27 17 93 75 84 86 62 54 63 70 59
9 30 71 75 39 86 15 27 33 34 41 21 3 26 66 34 68 62 1 46 45 11 68 76 66 95 11 13 36 8 87 82 1 83 45 13 4 30 47 29 9 72 35 94 73 17 9 96 23 5 85 63 52 94 79 51 68 27 79 1 93 33 28 57 28 2 21 20 40 85 69 46 51 82 45 78 99 90 86 13 90 71 47 21 81 35 71 16 63 40 71 55 34 21 20 92 96 37 41 99 33 7 11 98 69 88 93 81 57 62 27 67 65 43 14 86 43 43 41 56 86 8 83 69 47 27 98 49 38 15 76 94 26 33 49 57 43 89 71 22 61 51 83 52 17 9 75 3 10 23 46 45 8 40 31 13 30 59 70 66 71 84 86 86 65 20 91 80 41 20 92 48 45 51 97 34 43 47 69 62 50 8 80 30 32 51 29 50 37 53 63 47 89 17 11 14 42 35 95 46
32 9 24 28 14 23 16 36 95 20 11 56 73 37 15 45 51 17 48 64 54 62 70 11 21 14 45 73 45 84 58 27 99 78 72 1 59 35 51 67 82 23 8 46 81 64 73 31 37 23 15 95 23 3 80 59 2 13 95 45 26 75 29 35 10 92 57 63 78 24 9 95 99 61 46 2 24 67 77 37 86 82 19 55 47 26 39 27 29 81 60 26 68 52 87 43 10 49 85 81 94 50 82 98 34 95 27 35 52 65 78 19 11 83 90 86 20 23 57 18 73 88 44 41 62 57 58 92 41 52 56 3 98 41 94 86 55 78 34 78 91 99 28 67 90 71 62 46 20 64 41 40 50 39 72 95 53 36 14 57 75 83 41 14 99 77 35 31 55 96 66 93 67 8 99 50 77 26 80 64 73 80 33 66 49 2 5 88 41 72 93 98 47 99 71 7 17 77 86 64
12 77 51 38 34 77 20 57 52 54 14 29 41 12 6 73 40 56 64 44 70 82 63 17 34 33 97 68 51 68 87 70 11 6 86 60 13 26 26 40 70 9 89 79 91 16 72 11 89 85 7 73 69 90 6 31 21 93 51 52 47 93 90 74 39 79 2 62 73 38 75 59 27 40 52 83 40 29 78 88 35 30 69 53 24 50 71 59 87 35 61 68 31 63 89 79 84 58 9 10 51 56 87 87 35 4 78 65 66 22 9 76 1 89 2 81 27 86 43 92 41 58 79 44 84 71 70 60 40 82 8 33 42 22 74 29 43 12 20 45 5 41 7 72 80 98 13 21 98 34 4 40 50 26 94 51 23 90 98 64 16 31 81 53 94 46 38 34 35 87 76 73 70 82 59 52 47 70 2 51 94 85 30 94 66 63 61 19 80 76 55 91 78 42 39 57 76 16 33 44
57 46 38 14 34 16 5 85 33 41 20 9 86 16 13 1 23 24 8 92 35 58 7 50 14 42 37 39 90 7 17 23 14 36 62 59 20 35 40 70 2 5 19 77 39 53 41 82 42 54 79 42 77 12 15 70 5 39 28 53 68 9 96 58 62 34 87 7 81 13 56 11 29 6 38 12 57 43 23 8 7 48 20 69 55 54 30 55 47 70 62 97 43 2 46 85 98 8 97 85 39 54 9 16 42 43 76 79 6 59 30 20 89 6 70 72 12 26 62 3 29 94 15 71 20 83 44 92 17 53 42 61 93 4 93 99 24 50 19 27 22 25 66 71 36 98 26 66 66 43 52 49 56 1 1 82 43 97 84 38 18 42 81 81 82 43 62 45 59 14 32 60 97 80 89 55 41 11 4 53 39 60 51 78 56 74 62 91 93 45 52 28 39 82 68 93 70 70 35 92
25 95 18 5 78 44 2 25 52 33 7 76 59 3 58 96 11 60 9 26 13 22 44 42 53 30 5 10 7 59 24 37 8 32 16 8 63 26 44 22 38 56 99 56 88 82 18 33 47 14 10 17 90 49 94 10 57 12 24 24 54 47 24 50 38 84 85 19 73 57 29 58 80 72 7 22 61 18 1 11 90 20 38 3 32 19 16 54 5 15 38 64 16 15 64 40 50 34 48 30 43 65 88 10 5 36 84 82 41 1 62 42 41 90 94 10 94 80 42 22 87 51 49 42 73 94 16 43 34 33 90 1 23 71 71 4 84 79 19 85 29 22 42 14 60 16 49 44 50 83 81 13 91 65 65 26 87 73 2 94 99 35 63 89 38 61 73 85 68 42 66 95 88 46 54 86 33 84 50 41 95 56 45 41 83 65 99 16 42 14 98 68 26 88 53 98 91 46 47 26
49 51 20 91 40 33 98 79 39 8 2 70 39 69 65 32 65 46 3 19 39 36 60 44 37 39 57 76 87 40 18 27 41 5 2 57 65 87 14 17 64 53 57 4 44 7 70 7 79 46 77 31 37 98 76 30 22 52 50 54 45 70 22 82 63 78 50 3 62 61 87 78 35 93 71 76 6 5 36 75 29 66 51 13 7 17 87 36 23 82 58 56 51 94 35 45 42 70 37 64 76 93 28 37 88 65 53 7 68 26 82 98 64 9 42 3 18 40 58 20 80 88 11 89 96 84 40 25 13 60 45 56 37 3 23 17 19 46 84 76 55 51 74 35 25 12 37 94 72 34 71 26 30 41 63 91 8 10 93 42 30 29 62 90 85 56 21 81 64 57 83 88 72 35 44 38 94 29 59 89 80 53 65 84 98 13 36 80 43 31 33 99 49 20 83 94 71 93 78 19
24 32 23 12 68 86 45 66 1 84 94 15 33 54 99 28 26 80 6 36 6 13 6 59 43 32 18 18 47 31 4 44 51 27 36 90 13 13 81 74 33 51 13 17 24 45 16 40 11 56 57 86 35 9 52 98 62 63 91 34 30 50 11 32 10 14 28 20 50 31 51 10 96 20 62 3 40 63 24 34 4 13 98 97 65 65 34 81 92 81 42 12 29 32 19 18 48 14 94 91 44 69 60 34 80 95 45 90 9 57 5 99 63 84 38 5 42 65 41 42 1 46 70 43 68 37 45 16 78 57 16 71 84 80 67 93 38 37 71 49 86 30 74 78 64 76 64 58 97 29 53 89 9 52 72 19 64 47 14 80 28 91 64 81 34 47 78 30 48 49 82 59 98 69 37 13 59 79 98 70 86 46 21 85 52 77 54 24 16 93 95 37 85 53 47 82 10 47 36 36
