20 500 30694 22.00
19 15 3 8 19 47 47 11 70 2 79 96 21 54 66 36 71 10 4 2 24 4 34 14 7 44 35 10 64 11 20 12 33 23 14 48 24 68 35 52 22 67 12 70 52 88 33 41 66 4 20 16 4 56 34 42 51 26 63 85 4 24 11 19 80 92 79 8 37 55 3 50 22 96 15 24 97 77 78 19 47 73 13 31 15 20 17 69 92 67 59 19 18 81 27 45 33 53 95 80 21 4 53 45 56 42 29 66 95 38 14 25 85 25 15 56 6 93 37 61 52 37 67 15 20 86 76 83 46 4 11 39 54 24 39 5 33 48 28 26 96 9 16 73 19 5 78 12 85 20 87 6 41 52 77 63 47 83 5 34 85 4 19 51 15 91 28 67 99 90 94 52 36 18 19 73 9 35 87 33 69 1 35 80 84 35 94 35 23 67 4 70 62 21 29 6 75 24 49 31 85 9 80 72 53 38 58 76 41 33 82 82 8 80 71 80 9 53 69 55 70 57 69 83 8 16 53 43 51 10 48 59 11 43 73 49 37 63 67 28 57 45 8 96 4 24 5 63 4 77 12 71 67 1 55 68 93 27 47 75 31 20 7 16 79 67 19 70 14 3 99 94 43 34 59 53 21 23 53 69 95 99 2 17 64 89 77 85 13 35 75 83 47 67 92 49 98 9 18 58 79 46 95 77 18 76 19 79 45 90 99 2 80 80 45 63 18 75 80 4 76 5 38 87 99 20 33 29 77 97 31 96 67 94 87 33 78 40 50 45 32 43 37 17 72 98 43 25 87 7 97 65 95 91 52 28 58 69 86 38 11 35 33 2 27 66 60 99 98 75 84 54 26 72 23 78 68 70 66 74 26 81 63 83 41 20 67 12 29 4 85 51 94 68 99 33 44 72 99 34 30 1 22 44 24 20 83 93 57 7 24 38 67 28 80 93 84 17 52 30 19 42 91 30 8 92 42 80 76 37 81 17 23 50 26 76 64 53 24 70 31 97 30 88 15 51 63 29 96 89 36 27 12 82 94 70 25 72 68 81 88 42 55 66 37 23 94 97 74 64 19 68 65 48 48 45 79 59 90 66 99 87 22 91 72 46 63 98 72 64 48 62 82 76 69 84 92 66 73 2
7 34 27 72 7 34 35 23 17 59 26 53 16 26 27 39 28 53 63 21 31 63 42 63 12 59 19 39 63 46 51 8 99 22 81 34 46 44 5 71 67 94 91 77 41 2 71 32 43 50 39 96 24 39 94 56 46 16 54 2 28 38 81 63 33 17 3 3 64 48 67 2 20 10 29 86 30 8 44 69 7 69 3 61 92 66 82 36 16 64 33 17 11 81 38 99 35 48 35 56 68 26 19 89 3 29 37 48 12 56 82 43 87 58 26 80 61 11 44 68 7 94 16 63 89 62 58 20 42 58 7 45 10 93 46 16 86 48 79 8 51 66 63 74 46 55 59 50 87 63 39 86 30 75 47 72 71 68 92 59 90 20 12 68 46 76 56 78 73 32 86 50 66 76 76 37 37 3 38 23 10 85 45 82 53 75 71 85 74 11 57 10 9 19 67 21 52 37 13 87 29 61 49 78 33 35 36 76 19 61 74 21 6 57 47 75 31 47 50 97 58 30 81 18 33 99 24 37 5 90 44 52 90 80 4 57 7 33 4 8 83 2 45 62 81 55 74 37 56 8 65 10 24 82 42 89 39 48 13 51 54 7 29 22 49 43 94 5 42 13 2 47 84 93 82 35 46 40 80 10 70 65 8 26 26 62 84 75 57 38 56 88 68 78 72 5 34 7 87 46 14 2 31 49 29 75 22 72 47 91 91 24 70 86 69 75 37 71 15 53 47 51 44 7 2 12 51 50 12 93 83 51 40 73 33 19 83 81 41 26 31 45 20 41 36 87 5 64 50 33 90 66 46 81 43 19 44 91 80 76 74 81 82 32 95 15 77 98 45 50 98 99 16 5 9 33 44 2 84 52 34 79 71 24 63 14 67 41 75 25 1 41 3 79 13 15 51 65 93 67 78 94 80 54 93 72 26 71 14 44 20 9 61 42 84 43 62 66 84 33 64 83 70 84 57 51 1 10 90 98 95 1 79 76 99 99 42 91 83 36 85 41 59 57 63 70 67 32 50 3 4 83 90 65 74 33 26 24 11 73 96 56 52 98 34 45 63 80 26 94 38 58 7 27 41 84 12 12 89 32 66 64 94 13 72 32 84 57 91 27 35 19 46 30 74 86 82 96 83 21
8 88 22 5 4 18 35 30 67 65 3 3 1 63 22 50 1 30 56 67 32 72 15 51 66 63 30 13 79 16 34 69 5 9 23 58 74 2 7 20 24 15 41 52 66 1 25 91 19 16 3 1 58 90 31 44 67 82 16 18 31 15 74 43 44 67 18 27 77 20 30 3 7 16 27 49 5 7 59 58 39 92 37 53 67 56 43 60 66 35 54 21 80 68 28 10 11 17 30 55 93 71 2 23 35 53 32 30 5 41 18 95 29 47 81 7 91 55 60 49 29 73 18 33 40 23 94 4 39 40 29 4 57 57 84 58 69 38 3 21 58 55 13 25 66 36 26 53 41 52 36 3 51 35 26 27 24 42 55 22 41 92 51 31 30 45 7 71 1 4 13 20 83 10 85 73 1 49 67 23 39 44 46 92 14 98 84 75 49 34 75 18 78 7 58 25 26 41 20 71 80 99 11 19 76 38 34 88 1 96 30 47 74 11 63 63 80 92 74 68 37 9 78 30 20 76 31 62 46 68 58 26 98 3 93 16 43 1 86 97 12 73 54 33 56 30 10 54 85 64 54 7 83 54 8 58 74 99 92 94 94 73 2 13 47 63 65 9 93 46 28 84 12 78 87 12 54 61 70 72 37 32 40 42 62 49 76 19 72 94 19 68 89 77 71 15 53 52 34 96 82 13 52 57 97 65 75 3 32 70 47 53 13 75 85 71 63 75 75 92 98 94 87 94 81 82 13 93 39 35 30 8 73 76 37 90 36 75 26 81 87 46 92 99 37 91 95 14 95 66 34 66 99 93 65 16 12 68 73 42 99 8 58 36 60 99 96 22 81 65 31 56 62 57 18 38 98 37 4 81 66 65 64 93 68 40 74 48 61 96 84 94 6 54 99 65 27 25 62 34 38 23 95 83 60 77 84 36 49 18 78 29 18 88 46 84 28 50 3 69 83 74 51 35 89 90 71 70 58 23 46 75 17 31 99 61 95 61 89 73 8 43 81 72 51 69 77 99 93 28 25 82 78 45 86 24 41 9 76 90 49 36 73 43 75 55 7 51 5 19 44 73 89 17 24 27 84 72 57 18 64 33 65 20 46 59 94 77 94 63 83 79 91 10 43 86 12 58 32 67
41 18 31 13 92 49 26 41 87 6 15 90 54 10 20 42 43 20 45 26 12 2 53 9 20 61 52 21 43 14 66 36 13 94 15 27 59 23 4 15 93 29 12 48 7 14 48 4 15 1 22 46 83 18 48 29 32 33 41 99 66 42 33 97 2 35 30 81 47 58 33 91 92 17 83 80 11 89 1 70 65 26 74 8 3 39 26 12 30 65 65 83 89 62 20 27 95 61 77 26 93 32 76 58 82 83 56 50 20 88 64 15 48 81 38 85 51 23 35 30 34 97 12 84 1 65 23 71 37 7 5 21 73 73 63 71 48 35 59 3 51 43 9 52 36 84 46 91 55 83 98 78 66 54 81 88 49 77 23 84 55 40 82 45 72 90 66 33 33 33 73 67 11 85 29 40 77 25 61 97 87 58 65 42 31 43 1 97 94 80 45 63 54 75 17 45 14 37 16 4 66 19 69 48 15 84 88 9 48 34 44 13 50 52 9 51 54 31 5 21 61 32 90 85 74 56 72 10 53 99 10 64 1 93 24 8 92 56 89 3 40 10 90 70 4 34 16 75 43 37 33 37 17 38 1 98 74 16 15 52 49 26 44 82 63 89 87 41 63 73 58 17 26 40 5 62 64 54 79 2 20 80 78 71 58 50 32 75 81 79 26 54 6 30 19 42 45 55 52 14 48 59 98 18 60 90 8 95 82 2 4 94 7 37 18 18 17 78 62 3 19 81 26 96 40 93 66 2 60 52 71 64 30 52 41 42 34 81 92 85 79 72 54 91 98 25 71 45 29 44 90 92 20 79 25 95 58 81 8 98 12 59 65 86 39 51 95 13 57 27 40 39 95 76 16 47 99 59 49 46 11 85 11 84 81 24 55 54 88 25 90 41 1 26 99 73 58 82 94 75 75 51 74 70 50 83 63 14 47 91 17 71 86 43 57 12 70 83 15 82 69 69 47 42 63 38 20 38 92 8 16 36 16 33 40 43 85 65 49 60 35 91 61 70 28 37 64 76 77 14 68 24 68 16 8 57 9 69 79 64 86 98 81 81 27 41 34 53 69 78 88 57 76 55 87 34 98 68 37 72 69 29 25 40 98 83 59 44 92 22 10 71 98 73 84 86 55 99 82 26
28 22 71 42 14 37 16 75 19 20 10 4 4 21 57 30 21 28 22 57 5 31 20 41 60 1 5 20 34 24 22 99 93 24 88 79 68 28 91 54 73 1 46 71 7 85 29 12 50 89 17 76 81 85 34 75 31 37 44 3 59 32 21 78 57 67 51 54 26 67 29 24 66 12 87 65 73 34 51 92 44 1 42 4 38 9 75 43 54 56 6 92 54 25 50 92 53 27 23 14 23 45 15 23 9 51 33 42 43 26 54 37 34 54 46 5 96 50 15 28 30 4 68 58 63 34 34 54 87 28 16 32 9 20 25 30 49 93 51 79 58 3 39 72 19 40 4 27 7 89 28 45 56 30 59 1 69 45 16 82 37 24 26 93 26 22 2 34 40 33 59 34 32 54 37 48 76 45 73 63 2 32 3 28 21 1 17 9 69 29 3 46 26 14 30 46 83 52 94 21 18 29 31 55 28 43 19 24 80 85 54 96 27 71 69 82 61 11 69 42 47 17 19 76 97 63 75 40 78 42 62 58 87 72 68 7 16 49 43 45 80 72 16 11 88 71 99 37 66 64 66 24 24 56 47 55 74 49 99 53 41 82 20 93 9 7 31 44 44 37 37 16 87 61 24 91 34 51 92 64 24 85 93 34 48 2 97 39 73 42 85 39 12 56 67 41 63 23 35 25 73 96 75 60 26 56 96 58 98 74 77 21 91 25 84 95 78 99 65 36 22 92 65 46 22 99 5 91 6 62 68 27 36 79 30 94 56 51 70 77 38 86 80 67 79 97 98 2 91 54 99 24 31 84 31 70 65 54 92 24 35 39 94 65 91 52 76 92 38 18 28 40 15 59 76 74 58 66 66 72 91 56 94 75 55 99 64 84 26 34 93 59 49 57 2 21 12 24 53 85 81 17 4 83 91 90 41 68 75 76 96 38 52 94 65 89 27 82 5 90 77 80 76 58 62 30 43 91 47 60 79 96 51 36 76 92 20 54 95 96 31 98 41 46 79 60 17 25 7 77 60 57 92 54 48 97 97 40 78 89 42 39 8 79 86 48 69 65 99 87 81 90 23 80 83 39 26 88 84 64 67 46 11 66 24 63 74 64 59 71 18 46 1 47 10 12 82 8 86 57
7 13 5 63 40 21 26 64 47 10 11 74 37 97 3 39 9 40 47 19 42 64 29 25 1 38 73 9 13 91 73 43 5 38 21 11 64 25 25 12 7 6 80 10 13 39 41 64 16 43 22 2 19 15 43 14 12 86 51 88 40 6 96 10 8 57 40 38 39 3 4 63 2 55 97 63 7 85 27 11 30 99 30 19 6 58 9 70 20 18 1 32 67 80 16 18 28 11 9 48 11 45 43 36 37 9 27 36 97 55 31 81 14 45 12 83 51 25 3 72 17 18 64 17 91 58 64 42 19 45 70 91 31 95 99 18 45 72 15 68 11 77 83 2 84 20 33 58 93 30 6 92 11 82 10 21 81 63 34 50 34 92 71 36 80 54 39 1 69 49 66 51 96 40 94 13 23 84 52 38 3 96 57 49 54 87 31 28 76 77 50 25 99 46 16 54 67 59 40 19 16 60 44 26 43 57 52 3 25 87 43 51 84 34 28 8 71 76 39 81 67 55 4 78 26 8 28 27 26 28 19 65 15 38 8 53 85 82 72 50 40 88 33 55 1 3 80 29 55 61 75 66 23 72 60 49 69 54 73 22 31 94 26 96 68 23 54 75 49 19 94 46 94 6 53 43 33 16 53 62 6 64 86 79 81 39 2 6 61 48 24 10 54 66 5 7 70 2 4 55 15 9 96 75 80 50 90 38 28 58 31 34 88 26 68 1 12 99 97 22 90 13 68 89 77 45 52 69 46 36 3 98 12 27 33 31 98 50 10 1 33 8 24 38 20 33 10 60 11 30 41 7 74 13 30 17 28 7 46 38 83 45 23 21 55 98 8 94 37 68 43 34 71 23 57 72 62 27 12 82 39 67 74 34 48 52 49 58 82 43 22 33 71 55 87 75 94 95 52 91 49 77 44 80 34 85 82 42 50 95 97 63 96 68 1 20 72 71 79 54 88 66 28 93 58 13 16 4 66 48 37 90 55 22 38 19 12 86 17 94 68 55 40 50 88 92 77 62 96 73 12 99 64 3 53 91 98 91 99 83 56 69 69 77 29 27 39 67 96 18 85 33 10 77 92 89 33 56 58 24 99 10 52 74 89 87 75 85 57 68 9 60 89 72 94 56 42 24 97 19
42 33 99 62 97 44 65 45 21 33 86 57 2 45 2 38 13 1 35 31 1 12 43 41 19 11 16 31 69 7 4 15 35 69 82 91 12 78 24 47 50 14 50 42 82 85 25 25 21 57 81 9 21 35 1 65 52 88 47 73 73 82 98 58 13 64 14 38 90 88 43 89 42 57 20 78 42 21 22 62 73 14 64 58 45 62 64 76 29 6 25 38 72 15 66 8 92 61 9 77 9 42 16 88 4 33 29 55 96 69 15 78 14 56 91 34 20 74 84 10 87 35 23 23 81 52 36 42 57 80 27 20 35 4 34 42 32 56 81 93 12 40 38 49 8 41 61 66 58 10 59 83 41 26 50 98 65 26 84 11 88 56 8 81 72 13 9 95 21 99 74 35 11 88 3 84 2 87 33 49 81 97 77 6 17 19 97 55 70 5 10 13 3 76 96 22 42 88 20 38 74 75 80 7 96 11 31 62 32 24 1 55 59 34 31 62 98 81 10 35 19 24 52 32 79 7 13 17 81 7 83 84 44 7 92 89 58 69 32 50 76 60 82 9 98 38 59 61 18 74 42 10 49 81 66 35 69 35 48 36 86 82 73 54 65 49 67 53 21 79 63 66 88 46 7 94 94 15 21 70 69 54 54 60 24 71 12 56 19 92 21 65 13 46 61 73 30 71 81 84 47 97 30 34 33 68 98 65 46 85 15 50 22 91 64 80 90 3 32 87 39 23 77 99 20 61 30 62 98 5 64 11 35 11 58 50 54 53 45 98 96 43 83 61 47 16 53 51 51 18 79 71 80 38 63 38 96 8 1 95 32 93 78 58 36 55 94 81 98 14 68 98 71 81 79 18 12 75 35 7 17 91 94 8 19 98 97 21 32 24 53 54 61 64 36 32 62 65 7 91 79 37 24 98 52 5 40 29 29 27 64 43 37 14 29 92 55 74 3 56 24 6 20 84 40 81 37 68 22 36 96 79 66 74 30 68 38 67 68 3 85 26 21 38 15 24 2 66 15 5 86 90 66 18 72 39 70 71 32 33 31 80 74 97 42 98 98 76 92 98 73 4 47 42 44 33 73 78 72 32 69 83 99 84 27 59 36 43 64 19 71 86 66 82 34 71 86 51 95 31
7 12 18 32 43 28 33 11 24 37 41 14 10 26 28 11 1 45 30 35 57 57 3 1 87 16 18 54 1 78 36 94 30 63 57 17 45 44 37 94 7 30 70 59 25 50 1 93 87 77 55 22 38 28 81 8 3 14 90 21 71 93 5 65 95 35 68 17 7 51 79 61 9 11 71 90 8 74 82 87 47 22 17 46 27 11 19 27 38 10 76 15 64 16 71 41 90 11 86 72 27 55 86 32 63 10 79 39 96 22 4 9 66 22 67 97 59 96 76 86 1 3 57 75 13 35 50 36 43 65 77 74 22 18 14 62 39 52 81 42 86 59 43 36 85 33 98 44 5 20 45 89 35 65 70 15 11 76 58 52 9 81 30 5 79 95 21 29 46 83 28 21 20 56 38 85 72 32 2 65 19 29 24 53 92 72 58 66 67 57 35 97 88 25 69 41 39 44 84 23 10 23 69 33 24 75 49 30 52 73 47 55 54 54 22 30 56 12 45 78 72 91 45 3 28 86 47 63 25 75 50 29 79 13 68 44 42 67 39 45 69 29 25 66 94 23 13 93 28 16 33 56 67 69 30 46 15 43 13 28 26 76 76 72 67 41 76 28 60 83 61 79 47 48 91 62 67 90 12 74 13 27 14 4 19 14 57 76 21 53 2 89 83 46 25 56 37 74 81 53 68 37 62 1 47 43 1 19 89 2 10 87 37 4 51 52 75 99 58 3 42 3 35 16 54 80 95 46 91 54 27 79 89 41 41 77 55 64 23 9 87 51 96 68 50 6 85 85 27 73 49 99 46 16 82 79 13 14 76 47 91 87 23 91 41 68 71 4 47 5 82 2 86 89 77 27 11 25 91 99 43 55 68 22 36 53 34 55 67 25 56 44 63 20 78 98 90 77 87 25 19 93 66 72 37 17 65 34 97 43 54 71 94 98 76 72 78 23 91 46 94 99 23 31 74 99 86 41 42 94 9 32 35 30 58 49 87 65 73 95 61 99 99 42 66 40 49 12 56 53 87 83 13 11 47 92 77 80 91 84 16 70 38 99 56 48 80 26 83 70 62 13 39 42 93 67 34 34 86 90 69 74 45 98 84 96 83 93 18 61 84 98 62 93 39 32 77 85 97 35
64 12 45 78 62 65 30 61 25 3 83 5 23 28 23 37 70 29 47 2 45 40 8 9 68 47 8 9 19 27 96 40 67 9 11 32 31 1 63 87 11 58 66 25 12 37 9 47 19 39 12 60 60 10 24 67 8 17 39 55 40 29 71 4 7 68 42 85 31 87 50 58 57 51 84 16 36 92 54 7 19 18 19 13 31 69 39 31 43 46 19 50 31 47 71 82 41 61 25 83 32 99 92 70 90 60 90 53 7 17 12 60 58 45 32 9 63 14 22 49 59 54 13 22 42 71 38 33 51 85 85 77 8 67 29 88 53 28 5 34 13 25 48 94 40 80 40 41 97 74 7 25 9 10 65 49 52 25 64 31 7 25 38 78 81 20 7 74 45 33 48 38 47 14 43 85 17 41 29 44 97 40 73 22 36 8 13 57 14 4 50 62 21 95 80 87 77 24 93 87 20 17 53 74 85 30 58 15 38 33 72 10 16 32 57 25 56 98 60 71 29 38 42 96 74 81 3 43 42 83 3 15 96 13 60 13 96 17 9 48 63 67 46 59 65 68 40 49 36 43 71 59 59 89 17 71 78 20 10 90 51 12 52 60 49 32 67 18 7 70 35 59 28 63 26 71 64 73 13 49 43 76 60 72 27 39 38 43 92 39 17 6 70 20 78 65 76 54 86 21 48 96 28 57 70 89 20 46 60 42 19 86 27 82 78 26 63 69 93 87 48 69 37 35 66 83 8 59 35 22 61 31 19 18 77 23 6 12 76 84 72 28 82 15 85 56 73 79 6 16 6 13 61 32 75 93 70 83 77 37 16 7 2 65 71 48 78 43 22 75 24 31 58 84 30 26 11 21 4 6 71 43 36 46 79 11 41 3 81 66 41 84 84 53 79 77 72 50 36 66 21 28 56 21 82 30 79 50 32 16 52 87 73 53 9 9 61 91 96 34 72 19 23 89 61 67 99 50 91 70 10 33 77 70 89 65 75 56 86 7 8 1 95 40 59 59 97 44 98 16 84 7 89 96 84 33 23 78 12 39 97 61 76 92 86 85 85 36 94 11 95 19 92 72 57 52 27 55 16 79 58 39 41 48 96 80 71 93 79 95 95 53 92 75 38 50 92 81 99 2
35 29 1 31 3 73 34 2 71 16 13 15 52 20 11 88 43 24 4 5 81 14 86 10 20 38 63 87 73 70 22 76 92 12 35 30 19 57 81 70 82 26 52 2 15 22 11 3 54 29 12 58 7 45 29 77 7 38 36 6 96 66 34 40 85 15 33 24 48 26 64 33 17 51 85 13 42 2 42 49 21 15 64 74 51 91 38 47 32 38 50 40 84 93 50 56 64 23 47 7 58 64 62 11 73 14 62 47 3 47 9 45 88 42 1 69 33 9 78 47 38 10 46 26 72 24 78 50 31 28 57 15 55 89 24 3 73 8 58 98 49 88 53 13 82 67 25 55 44 80 54 97 45 16 40 94 86 27 17 88 5 98 5 57 53 26 23 62 27 28 43 33 89 34 99 44 70 20 58 41 47 6 90 64 70 9 6 1 17 87 54 35 38 54 34 93 97 23 40 74 74 68 71 29 39 1 78 41 35 65 34 16 75 91 18 22 27 40 31 3 32 6 96 33 8 29 67 19 99 56 69 29 87 93 25 81 44 45 94 59 68 80 70 30 23 30 23 16 51 85 21 68 63 15 99 40 15 49 29 25 67 62 58 35 39 40 5 37 49 54 85 24 54 40 32 50 77 23 51 70 69 34 83 25 85 28 29 95 69 7 99 20 62 89 63 50 32 7 83 97 21 3 6 78 91 26 57 99 50 2 31 44 96 56 81 96 54 18 42 2 69 98 25 76 26 71 91 99 2 66 10 16 34 65 93 67 7 98 61 48 57 91 26 7 85 85 15 56 54 92 32 83 62 35 47 69 69 9 22 42 14 56 97 32 42 54 60 8 22 83 94 76 10 26 74 86 59 53 35 19 87 21 77 91 39 96 96 47 13 50 51 53 81 51 26 87 14 8 27 43 12 36 41 70 63 99 89 59 27 85 53 98 35 49 73 12 66 81 71 23 34 59 2 30 52 99 86 73 64 53 69 63 11 7 44 94 69 86 2 76 96 42 68 97 79 30 26 32 40 42 36 63 33 84 81 11 88 64 53 42 41 95 59 85 65 69 20 98 48 74 16 32 90 82 97 86 96 68 45 79 82 94 65 76 97 95 38 91 44 45 97 84 82 92 80 93 89 90 11 5
32 4 12 13 9 5 75 45 21 29 27 11 48 18 27 2 77 86 18 43 55 35 13 66 47 14 54 47 5 7 46 79 19 33 67 26 76 18 59 11 15 35 22 22 90 6 45 96 53 38 66 64 49 15 55 11 4 89 17 14 79 53 50 3 51 70 39 23 27 41 62 51 91 38 1 30 30 7 39 20 18 83 59 81 84 18 91 7 34 20 32 26 40 11 92 61 3 35 55 17 4 5 33 53 40 60 22 26 81 57 96 2 44 66 41 7 13 84 38 25 75 74 77 57 50 15 49 55 2 57 33 44 24 36 15 87 5 62 4 92 46 65 84 20 48 86 98 65 33 91 35 46 49 84 10 53 7 51 94 15 98 91 20 96 24 1 82 99 65 42 63 76 88 23 80 12 39 48 39 3 5 21 67 84 99 36 8 28 59 96 50 51 43 78 54 23 46 87 75 23 49 94 10 1 91 76 80 15 88 83 73 12 77 3 22 52 66 15 67 31 13 81 32 1 44 61 56 67 77 41 9 78 18 38 38 63 50 24 52 81 17 89 37 44 46 91 74 82 5 56 51 55 66 62 20 14 43 79 89 29 71 35 48 16 42 50 42 48 76 77 65 71 77 94 99 11 65 44 92 44 36 72 7 36 59 22 49 38 16 71 99 32 87 4 5 45 75 80 43 97 1 24 14 86 20 10 92 85 29 71 75 55 46 29 27 67 53 89 68 46 53 57 1 46 49 38 80 32 25 12 75 36 9 62 63 29 91 34 46 62 28 1 43 82 42 22 45 28 49 91 34 70 27 55 80 70 66 21 65 63 40 80 40 67 48 49 10 54 56 53 52 25 62 68 77 43 78 94 54 23 97 5 95 96 17 24 62 59 61 96 56 71 81 40 45 14 39 89 74 8 51 86 80 8 49 94 7 59 71 21 86 36 70 98 46 60 54 97 61 63 72 71 98 97 88 94 56 93 20 89 65 24 63 98 55 11 92 41 32 79 82 97 69 47 98 70 9 14 15 70 92 81 75 90 74 28 84 57 58 64 41 35 6 4 58 54 76 67 75 50 41 66 92 83 76 99 46 37 48 65 11 89 72 97 60 56 77 86 13 52 67 82 94 45 94 67 90 72 1 43
54 20 66 15 5 9 45 15 42 54 16 7 45 90 96 97 46 78 26 80 42 22 55 49 12 88 89 45 56 29 37 23 52 28 58 33 61 56 56 61 46 98 29 34 83 20 40 49 41 6 80 1 41 4 8 21 93 19 20 93 1 21 23 42 13 47 74 54 8 4 21 57 45 15 25 51 42 8 36 17 65 26 71 86 63 65 56 74 47 84 94 42 43 52 65 16 39 7 82 58 67 45 50 59 19 64 36 53 15 49 63 59 3 23 18 38 68 81 9 2 5 61 58 83 65 2 65 50 45 88 21 78 18 31 71 56 31 15 86 70 65 44 37 22 81 25 1 53 4 31 18 5 46 11 8 16 61 17 71 40 51 32 55 17 85 11 91 60 14 82 18 39 12 58 1 68 89 29 30 77 50 52 21 81 95 24 3 24 19 41 27 71 60 77 31 39 9 82 94 68 16 91 80 61 29 96 12 60 3 8 22 65 90 17 66 68 3 71 89 13 75 55 43 23 79 52 96 58 72 16 42 9 68 36 99 62 96 55 62 99 99 39 57 50 66 55 97 58 96 76 89 21 4 58 69 68 68 80 61 22 37 55 44 26 36 81 22 37 75 58 11 21 71 38 24 8 32 93 35 94 57 15 18 50 75 12 81 99 14 38 49 93 36 23 74 40 30 54 39 51 52 20 42 78 31 32 19 81 41 1 2 37 18 56 17 24 23 8 33 87 29 87 50 25 50 27 47 97 53 55 57 31 93 25 13 79 12 10 34 42 72 75 51 5 1 31 89 10 25 43 58 57 64 19 58 79 78 22 99 77 61 86 23 59 75 12 79 40 52 47 70 83 20 68 98 28 73 27 88 25 78 85 76 90 55 13 29 67 44 50 65 81 80 38 58 33 37 6 60 42 58 62 64 98 60 80 77 44 38 95 12 33 57 66 82 12 78 57 19 81 72 35 54 20 36 13 42 10 92 88 21 52 38 74 34 76 66 15 71 27 32 66 75 84 83 61 95 73 54 3 67 42 81 87 42 99 45 68 93 33 48 92 72 55 63 76 67 6 15 97 27 48 88 44 71 99 60 94 95 85 2 7 71 98 66 99 23 41 56 96 51 36 26 17 83 58 67 47 96 80
4 13 96 17 1 51 31 29 8 76 63 4 80 34 60 30 12 35 2 2 31 79 33 95 24 21 40 99 30 38 59 13 59 79 57 57 4 53 81 39 86 60 12 5 15 18 86 24 2 3 93 4 18 43 87 29 35 7 20 57 76 20 24 14 66 22 28 21 70 21 25 56 83 45 9 27 12 7 29 85 36 21 24 18 7 13 5 40 71 43 52 1 7 19 13 17 3 43 51 33 37 49 70 18 3 99 18 71 61 57 75 53 66 23 88 79 9 26 10 36 96 48 41 86 66 96 48 7 80 58 15 21 76 34 74 72 23 33 89 26 67 91 12 8 96 29 76 12 89 23 60 21 48 72 34 17 54 16 16 53 29 31 72 9 17 54 50 52 72 34 3 40 64 80 23 11 28 28 38 76 15 12 37 61 18 62 95 73 36 63 62 38 59 46 55 93 21 6 54 49 66 41 33 86 45 92 36 86 82 21 51 16 6 70 37 49 29 34 62 97 91 79 22 21 78 18 79 7 30 91 95 56 75 39 38 97 60 65 24 46 31 56 88 45 78 85 28 34 48 13 57 95 53 23 99 34 78 63 58 82 15 67 80 97 47 94 92 86 86 33 7 49 13 91 60 67 92 98 28 23 97 39 64 21 11 63 32 74 90 74 13 10 93 43 10 87 90 88 6 27 92 60 64 89 80 49 37 3 37 39 80 1 56 93 83 39 58 20 96 75 97 24 40 96 94 60 42 12 62 52 41 94 98 58 2 48 87 1 82 12 14 68 4 16 29 16 82 43 89 66 74 87 91 62 34 98 1 82 28 91 75 41 38 41 5 89 53 62 96 9 5 63 89 58 28 2 15 38 70 63 39 90 28 26 49 65 56 79 96 67 49 21 87 24 73 86 12 97 23 95 18 18 74 2 20 15 10 93 69 34 69 95 79 18 98 94 46 35 49 55 10 41 43 91 87 89 74 13 78 45 22 86 79 23 58 30 30 89 11 69 40 38 70 69 43 51 83 91 93 99 23 65 32 62 69 37 7 56 45 23 79 51 79 39 52 85 90 99 77 26 40 95 72 29 71 90 45 80 18 57 19 99 77 40 17 32 68 5 78 41 65 87 82 81 91 56 92 84 59 2
28 47 18 9 56 13 8 71 5 2 98 60 1 15 28 8 72 37 85 8 62 6 22 62 65 18 7 13 5 33 69 10 11 39 50 37 21 26 11 33 34 12 20 63 33 89 1 37 49 71 94 46 78 39 88 17 16 91 23 14 21 66 20 54 49 30 26 11 16 49 83 15 58 73 19 77 14 99 22 42 12 21 42 17 61 10 62 10 64 16 20 28 4 9 26 24 29 40 1 7 8 6 30 45 66 24 57 31 4 96 8 28 74 49 66 5 15 37 6 16 91 77 83 53 17 41 6 20 79 63 34 99 93 80 29 34 53 95 81 17 13 8 38 55 8 13 40 37 23 17 55 20 70 11 31 86 18 72 53 18 71 90 83 62 16 16 38 15 32 97 18 61 58 14 22 97 21 79 27 27 40 6 87 39 31 96 1 13 61 74 48 31 84 51 60 55 91 7 48 43 36 23 33 90 10 9 20 81 57 27 71 51 12 93 75 27 94 92 93 5 62 52 68 14 20 25 77 86 94 88 28 18 2 67 77 17 35 91 56 20 69 76 86 48 11 78 63 70 18 78 14 97 57 6 16 95 22 55 37 73 26 60 29 12 26 33 25 13 22 88 58 54 40 28 37 47 16 95 93 37 39 12 96 67 64 76 65 16 53 95 96 66 92 44 85 64 77 70 87 55 48 85 12 34 57 76 35 41 49 90 77 25 71 8 9 78 95 18 8 57 49 84 6 3 29 76 50 64 99 37 97 35 80 76 53 72 97 23 27 52 89 99 48 23 80 79 92 80 63 82 74 17 69 67 28 41 65 79 41 55 76 46 95 7 36 93 63 62 47 56 53 35 80 78 79 77 90 67 66 92 27 1 66 6 83 38 7 99 56 86 51 31 9 67 15 45 69 29 45 7 91 98 21 92 12 19 60 81 96 93 54 35 41 20 5 80 36 6 62 62 43 46 28 68 53 47 62 15 34 37 82 43 85 93 24 60 66 50 35 86 89 89 43 9 79 39 71 78 77 98 37 40 81 91 68 26 65 89 54 75 8 11 63 43 99 46 98 56 24 56 94 82 51 89 96 45 92 23 83 49 74 99 59 95 89 52 65 39 7 13 82 43 30 70 43 42 64 83 77 8
9 80 11 23 49 90 7 29 71 79 60 57 23 39 47 18 10 28 38 81 34 28 21 2 64 91 83 71 44 45 33 6 13 62 16 12 60 32 9 12 22 49 23 9 43 49 94 9 8 31 19 77 69 43 13 2 2 56 60 49 29 54 94 65 15 20 68 18 33 41 42 27 14 45 3 5 81 80 80 6 86 74 98 91 3 20 65 9 11 41 86 97 2 45 52 16 21 36 26 16 51 40 64 56 75 51 34 20 13 31 40 18 1 73 62 17 12 15 86 61 11 30 26 14 16 42 10 77 34 22 86 46 82 42 36 51 58 77 69 12 63 14 46 51 31 4 20 73 21 50 12 60 33 79 63 60 23 21 21 23 59 2 13 7 42 59 91 44 34 13 30 15 67 22 19 59 55 77 82 88 77 73 35 4 72 22 82 57 3 25 81 70 61 99 3 16 93 43 77 97 20 8 40 12 33 82 6 7 74 20 64 87 90 24 97 73 38 82 25 27 95 43 11 64 2 32 21 68 17 41 88 77 55 62 41 53 76 4 36 74 22 17 48 34 17 91 79 63 88 42 97 75 85 67 75 4 10 91 15 67 39 39 40 86 95 76 19 92 31 61 92 48 50 31 82 44 25 81 50 67 46 52 35 48 13 89 35 10 70 21 14 52 21 56 83 94 61 97 47 18 84 92 56 47 82 7 31 29 70 67 97 94 34 31 38 10 91 71 48 98 55 35 97 36 95 29 89 50 77 47 64 82 59 88 14 5 65 60 76 78 16 71 14 80 9 63 28 98 57 1 10 81 19 42 34 35 68 16 32 72 7 4 13 47 62 36 18 58 16 83 15 70 90 87 47 65 81 49 85 36 85 75 5 89 16 42 23 67 85 96 37 59 68 91 42 17 87 77 88 88 75 3 53 31 93 5 12 91 96 92 16 69 40 21 82 71 46 29 87 41 22 31 94 53 61 68 94 91 46 34 54 54 58 64 89 66 79 96 84 4 94 35 13 67 44 99 88 42 14 63 61 62 12 94 17 93 96 57 65 83 88 6 62 4 97 34 20 75 5 24 86 27 31 72 4 2 84 52 9 81 89 18 61 54 85 16 16 96 85 80 58 42 93 92 76 69 95 93 98 81
4 33 22 41 4 8 17 1 53 42 15 59 94 7 95 56 25 24 17 53 81 32 79 18 9 85 62 34 27 24 16 11 34 2 9 62 25 64 37 64 87 39 32 44 43 11 32 67 47 93 32 45 61 59 63 38 99 28 18 36 33 5 19 40 28 3 25 98 26 66 13 85 13 53 31 87 75 42 61 21 64 31 65 66 79 59 69 11 62 9 59 92 44 8 28 66 2 61 25 19 92 79 33 62 63 61 67 57 76 25 78 2 41 17 65 29 47 52 47 70 49 3 17 90 99 54 3 76 13 10 45 14 36 47 81 24 11 26 18 47 12 51 76 7 10 33 33 36 74 55 23 38 81 40 89 66 63 77 62 83 39 35 72 17 14 99 93 12 44 33 67 38 4 17 75 11 69 72 50 4 88 48 6 13 13 88 71 10 62 18 31 40 20 4 90 45 55 92 61 93 82 84 14 35 76 14 75 52 47 59 41 17 74 81 74 43 11 6 33 1 11 57 32 23 44 67 26 16 38 28 84 53 44 80 15 67 15 79 4 65 8 1 7 63 11 40 46 29 95 19 27 68 66 17 9 16 68 4 88 34 80 35 93 55 65 71 50 78 62 17 38 55 41 44 69 57 73 14 49 21 32 37 29 63 54 60 84 12 83 5 36 38 1 63 30 36 26 17 53 72 79 61 39 8 58 15 46 36 79 21 48 98 82 16 5 94 8 34 18 18 52 2 91 5 61 72 31 93 89 36 24 90 87 27 44 78 85 58 42 47 57 28 25 85 40 27 28 69 19 72 30 76 71 65 47 34 92 68 31 51 73 41 62 72 80 1 19 52 9 67 85 98 81 7 25 95 69 83 33 76 10 58 78 66 11 97 69 74 8 75 23 76 12 79 35 63 3 32 12 13 60 98 50 35 78 92 98 78 54 13 89 74 34 88 99 52 72 71 71 82 59 60 68 39 53 9 96 48 62 14 83 55 57 74 43 80 63 29 83 45 54 93 73 84 22 74 1 72 76 81 96 34 91 95 40 87 83 40 68 74 94 93 59 84 91 43 34 26 8 42 73 70 98 87 38 40 98 88 50 55 76 72 97 23 98 51 39 44 80 78 64 42 54 42 96 75 40 62 76 53
24 2 12 41 8 16 27 85 15 79 29 17 31 46 37 41 59 31 9 93 3 55 85 12 40 27 13 6 82 90 6 26 28 47 62 7 23 50 30 19 22 61 77 27 36 85 45 64 22 59 74 41 16 46 5 76 2 31 69 3 2 66 52 3 57 44 15 79 74 35 88 29 54 81 1 15 90 27 23 56 42 41 53 3 62 75 2 47 30 48 43 98 12 48 48 61 78 54 81 80 29 19 29 1 50 32 38 36 63 14 75 89 8 34 3 55 22 15 87 41 10 47 61 15 29 83 32 96 59 30 95 7 64 40 58 68 68 14 9 6 16 47 93 64 64 77 23 19 91 65 21 72 54 33 13 68 43 78 33 36 31 40 64 34 26 5 69 8 40 88 44 94 38 55 77 32 96 86 71 96 53 79 75 46 43 8 35 10 28 25 93 62 90 32 18 84 12 34 21 8 43 10 67 7 46 63 90 45 94 9 16 44 38 83 83 43 7 2 33 84 1 80 46 87 84 27 81 83 28 50 41 37 47 56 46 52 23 72 45 64 2 96 49 6 82 49 50 3 83 61 61 63 10 97 87 82 49 44 41 94 61 98 74 21 44 1 82 64 95 77 51 75 54 30 44 19 5 3 67 72 34 88 72 93 96 36 2 37 72 34 62 37 25 24 31 72 17 88 84 15 64 36 55 90 71 89 80 70 58 32 79 51 29 35 67 87 86 42 93 63 29 75 76 76 34 2 60 10 90 84 4 68 32 42 80 46 41 43 82 55 75 39 41 92 10 47 29 75 67 77 2 26 53 83 81 11 31 95 38 60 43 93 56 95 38 75 70 89 36 78 52 66 56 65 73 14 16 94 63 91 57 7 58 56 98 93 10 64 75 81 30 3 95 62 45 92 92 48 51 39 70 57 57 78 3 70 34 41 95 87 23 28 66 49 66 33 73 15 50 63 50 30 31 66 34 14 92 87 30 73 6 64 80 60 34 26 20 16 81 62 79 9 49 3 69 70 97 74 52 67 46 81 34 66 39 36 88 26 54 69 2 73 95 7 31 46 50 13 84 24 54 89 78 84 83 69 82 67 76 18 30 86 80 53 26 40 92 36 68 99 65 65 50 98 85 92 43 77 18 93
65 55 6 52 24 38 61 4 13 13 10 16 25 4 20 52 46 37 32 48 45 33 68 93 43 12 37 32 13 77 63 6 10 80 11 64 3 48 48 5 33 75 41 94 58 79 31 33 66 7 7 88 40 12 76 43 84 14 31 30 51 91 3 37 79 28 42 87 10 7 77 12 59 72 2 1 90 34 27 4 73 38 50 67 18 23 9 52 9 72 41 42 72 53 11 51 91 80 6 98 26 40 5 19 44 98 75 59 51 51 68 90 68 66 88 57 42 80 78 27 71 34 68 48 9 44 83 58 28 29 94 61 48 16 13 23 17 90 9 91 43 61 24 45 58 70 90 41 3 12 72 20 33 48 66 8 93 40 62 63 3 8 89 43 99 86 52 89 31 14 91 98 95 37 44 26 83 64 88 12 87 45 35 25 1 67 76 70 32 9 87 87 40 97 38 16 7 56 3 10 77 92 3 58 55 5 73 86 34 17 71 84 56 55 47 52 66 78 26 34 38 32 35 73 22 26 55 80 79 43 66 90 35 58 90 90 2 32 38 41 50 21 52 59 54 1 96 3 30 38 29 28 56 15 48 66 22 38 87 20 28 28 42 80 12 94 3 88 17 19 33 80 32 14 38 45 66 32 10 69 98 65 94 60 26 93 24 35 21 52 98 40 41 71 72 43 65 38 14 10 99 14 63 21 22 57 78 14 32 78 38 74 73 52 50 8 33 45 27 96 54 31 28 87 87 61 36 26 22 62 99 42 19 22 70 99 27 90 88 42 57 62 62 56 96 36 55 90 54 80 47 20 3 39 36 78 25 86 45 9 87 66 9 32 69 23 20 45 64 98 95 40 4 40 12 99 93 93 14 15 97 6 1 14 55 69 47 33 64 48 41 90 1 1 7 29 77 82 66 71 33 78 82 67 79 79 82 63 49 98 80 41 6 82 35 92 27 95 73 32 86 84 96 31 51 83 48 85 71 46 94 91 90 61 30 83 27 31 46 79 87 55 44 64 57 92 85 49 70 96 69 41 62 13 78 91 97 47 6 35 82 90 54 24 93 75 23 91 97 77 99 90 17 75 26 56 24 55 24 92 61 28 60 13 71 98 80 62 67 74 95 51 36 66 81 58 39 80 5 48
60 48 82 11 70 5 29 22 6 21 12 15 59 14 9 12 52 17 77 70 36 81 50 75 56 24 72 82 22 35 21 95 50 7 21 70 54 7 18 41 18 39 35 62 95 7 69 6 65 90 8 8 3 75 4 77 94 55 13 30 28 19 4 92 1 6 84 67 78 52 34 46 89 4 84 2 57 17 74 14 29 47 4 56 35 89 12 63 95 70 23 31 4 55 85 56 44 98 92 21 50 62 50 13 58 1 31 3 33 1 61 33 26 75 62 77 54 23 39 57 50 61 70 37 14 9 43 21 27 49 69 96 52 13 52 43 89 10 36 80 32 65 84 93 11 43 9 6 18 12 96 13 52 44 1 14 1 17 28 29 71 8 31 62 7 26 42 3 81 47 1 59 24 75 52 4 50 25 14 59 60 32 19 17 33 5 62 91 26 85 68 11 10 9 73 56 4 91 50 38 7 34 79 92 53 98 53 23 96 47 8 69 7 23 52 31 65 31 93 70 35 98 74 56 74 92 27 93 29 17 15 10 20 32 8 18 83 25 85 27 25 8 3 95 46 49 15 83 42 65 93 12 92 33 72 3 10 72 28 41 32 1 86 41 81 31 28 57 36 79 26 17 29 71 3 73 44 10 12 34 74 6 78 75 94 52 56 93 27 7 76 43 99 56 56 56 39 84 82 56 6 98 58 25 15 12 58 26 53 92 25 32 8 97 62 33 73 7 9 47 8 99 88 8 11 8 95 35 43 42 75 10 71 79 85 69 24 58 80 67 20 39 90 88 68 96 40 20 92 79 45 18 9 53 94 39 80 25 62 6 47 95 88 93 45 11 25 34 62 98 38 55 71 6 93 61 31 53 79 89 31 71 13 78 76 47 80 78 26 94 90 58 56 95 77 82 94 49 56 25 96 85 35 1 61 16 63 33 36 4 76 65 83 64 27 72 61 14 62 55 9 82 76 41 31 8 14 62 31 79 86 48 81 65 89 9 44 20 55 55 67 7 52 86 92 16 50 98 45 93 90 15 6 58 46 88 35 64 76 29 79 42 23 36 20 94 94 89 77 79 6 89 74 66 52 66 79 34 78 84 8 59 85 63 9 28 11 52 61 86 81 99 5 35 73 48 54 89 83 70
7 12 1 42 65 27 35 27 9 55 9 57 88 59 50 8 41 93 90 11 38 31 6 31 47 21 3 58 40 22 12 26 42 54 17 4 33 80 86 1 12 3 3 1 2 31 83 23 77 22 71 68 58 73 14 42 98 13 89 65 14 20 29 16 62 58 67 17 43 33 6 1 18 60 90 8 26 59 19 83 57 65 47 25 92 26 96 98 39 75 45 21 87 18 31 42 37 62 35 26 94 65 66 94 26 22 44 74 25 57 30 36 45 2 3 17 95 45 54 73 98 50 26 13 36 18 24 20 97 71 41 33 70 39 32 68 40 22 62 10 81 14 26 70 33 85 66 88 1 52 79 31 79 63 90 16 15 12 45 61 32 67 95 44 53 49 73 13 72 5 22 21 1 86 27 42 31 17 8 29 18 92 51 61 72 95 46 67 73 67 25 56 11 32 39 90 48 34 9 79 96 28 50 83 37 20 21 91 24 88 73 81 69 8 6 38 53 23 2 63 64 42 39 82 86 59 50 64 13 11 72 77 14 63 19 50 27 59 51 38 77 59 94 55 65 75 23 51 43 14 1 71 28 60 75 5 26 31 54 10 79 47 76 22 17 15 72 57 61 19 63 4 38 59 88 66 38 95 52 12 56 14 6 75 33 74 90 40 19 99 57 91 26 66 26 87 9 57 12 79 10 82 54 48 46 49 72 77 11 29 92 75 90 61 39 23 14 21 23 67 67 20 64 17 48 27 72 27 21 99 65 81 67 35 96 1 16 71 4 44 15 61 84 26 74 48 23 66 45 37 72 26 44 17 60 56 47 88 65 46 91 7 90 72 58 81 4 27 94 8 20 14 15 31 90 98 14 51 86 36 79 44 14 7 99 94 62 47 22 6 74 48 90 70 79 58 63 25 12 98 64 57 77 12 60 53 6 22 22 66 46 83 11 23 47 16 14 54 79 62 67 38 96 36 61 34 42 92 10 94 75 90 69 89 75 27 61 64 52 24 11 63 67 37 21 48 36 89 34 90 83 89 86 36 49 38 18 70 54 9 52 36 77 62 35 86 37 9 34 95 69 87 56 25 13 76 26 87 93 68 98 95 43 82 2 59 83 25 52 89 68 42 95 92 3 77 29 5 88 11
