20 500 30546 21.68
43 3 61 2 33 87 77 82 35 30 13 29 39 61 7 6 55 51 47 17 30 65 96 40 98 81 87 43 28 25 50 9 24 44 2 70 37 28 16 12 28 69 2 26 8 3 32 33 88 80 50 32 46 78 92 94 91 48 1 16 43 17 19 14 33 73 75 46 73 26 62 67 20 6 29 13 64 1 47 8 64 90 5 42 7 26 85 32 29 23 7 69 2 56 85 34 8 16 29 99 71 5 51 6 2 87 63 36 69 16 12 58 8 52 36 51 12 11 49 7 9 79 44 51 3 97 79 98 70 18 48 98 37 48 33 23 99 65 32 55 82 2 15 64 28 7 57 8 85 40 54 17 36 88 19 6 41 36 9 93 10 96 39 28 95 61 18 56 49 83 49 37 31 71 81 6 20 60 6 18 56 59 60 22 3 60 93 40 59 96 67 50 46 40 69 48 71 64 49 51 26 90 86 39 29 8 10 62 32 3 29 57 9 65 33 13 59 67 24 9 51 60 20 49 9 5 79 10 89 39 11 85 20 3 4 15 45 13 83 71 59 90 81 37 27 61 59 5 6 50 79 63 13 12 49 82 85 53 82 65 11 87 85 50 38 14 44 37 82 79 43 25 87 89 68 36 75 67 47 19 36 10 83 18 83 92 15 84 14 53 83 36 67 22 69 48 12 80 29 42 45 33 81 78 53 31 89 45 47 89 98 22 72 81 76 90 14 65 58 59 23 64 97 70 27 49 69 49 52 31 82 75 74 56 46 54 26 65 45 47 54 35 32 75 12 84 48 64 31 87 9 13 84 61 9 44 87 64 3 39 76 92 80 69 56 11 86 77 4 85 37 64 27 85 73 56 43 31 67 72 57 80 83 45 5 73 46 66 40 87 3 40 35 92 46 36 77 96 80 33 45 69 58 76 89 81 62 22 38 83 55 39 93 71 74 69 93 48 14 83 64 89 31 72 90 44 81 62 6 68 99 69 90 67 94 91 20 47 86 18 65 84 13 28 25 43 71 27 72 29 35 38 24 73 41 76 70 88 66 91 94 77 90 67 60 70 88 90 62 96 78 81 68 57 39 88 71 98 52 72 96 80 71 53 35 44 27 89 72 43 9 13 98 66 40 89 60 48 90 17
7 41 15 62 17 15 10 19 11 40 46 81 71 5 45 38 65 10 79 50 16 69 12 58 35 17 93 72 7 32 25 19 12 22 75 3 46 95 87 16 94 51 20 24 76 7 7 36 34 11 23 24 37 51 54 35 3 53 19 97 72 73 40 60 14 93 79 81 81 68 71 47 14 31 1 47 46 54 53 74 71 61 63 17 7 9 85 20 69 37 33 10 58 70 32 1 5 73 65 17 38 50 58 6 97 6 6 71 45 18 73 40 29 33 49 60 26 51 65 57 41 37 66 26 53 2 34 82 81 71 28 28 55 78 54 86 9 23 37 70 63 90 8 46 9 5 27 61 28 65 83 24 46 65 53 17 15 43 80 34 87 29 58 75 29 46 77 45 50 43 52 66 97 33 46 17 32 8 52 37 32 52 67 91 74 87 1 43 22 6 50 13 33 83 55 4 53 6 46 71 40 31 21 8 24 49 81 55 45 86 65 13 27 47 39 10 70 34 25 46 73 38 33 75 10 8 36 38 31 42 35 55 49 81 96 7 19 86 39 77 85 91 89 81 79 4 84 7 20 14 16 17 42 80 30 7 25 15 83 76 60 43 85 39 44 93 38 95 67 24 53 67 84 89 99 28 88 24 57 15 39 24 45 32 78 1 16 4 35 9 37 83 74 4 40 59 96 55 91 95 43 55 12 26 76 16 44 71 95 52 67 41 74 71 77 39 87 82 92 18 12 47 14 24 80 29 45 35 16 8 11 6 50 87 2 2 22 42 71 62 90 38 65 74 22 69 75 13 77 11 41 73 8 82 68 4 56 50 59 30 79 93 11 76 84 75 5 88 81 6 67 98 88 73 36 52 7 70 28 92 52 51 22 24 69 37 55 94 23 62 89 23 87 82 96 76 52 73 68 90 52 26 34 81 11 83 69 17 61 58 21 52 77 65 41 1 96 25 89 58 14 29 56 34 13 65 43 78 21 4 70 61 59 16 25 9 86 88 39 20 10 25 73 5 83 65 49 44 34 76 97 81 52 55 48 84 88 66 91 53 49 74 59 81 22 93 90 77 9 69 63 51 60 30 53 81 62 10 79 59 7 1 29 95 67 11 87 38 46 98 77 97 96 98 99 99 97 64 98 50
14 67 64 9 12 84 48 42 20 21 68 69 19 1 84 18 48 43 53 45 41 54 45 12 35 16 10 14 93 56 48 2 47 4 56 73 7 41 18 56 72 63 38 1 35 2 83 33 7 20 83 3 22 17 6 10 18 25 35 29 96 97 32 51 41 68 93 68 41 26 33 17 6 9 51 62 75 64 27 65 48 30 57 38 36 57 53 45 10 22 43 57 9 33 75 44 34 97 17 15 24 50 30 94 38 92 96 49 51 63 32 32 49 90 73 15 97 97 59 43 62 35 65 3 2 76 61 56 81 67 81 78 38 22 24 21 5 86 57 3 38 47 95 58 82 9 59 52 91 76 24 36 17 24 5 80 4 2 16 34 72 4 77 97 31 65 24 89 27 9 40 10 91 60 38 58 6 48 64 84 87 97 3 67 3 12 91 11 27 73 6 48 60 33 8 75 58 55 79 25 19 18 77 19 32 41 33 13 31 5 18 46 75 17 72 73 92 95 5 18 8 77 48 26 99 9 89 40 95 26 63 25 84 31 43 90 53 55 50 31 69 17 39 8 52 55 87 93 61 69 45 39 41 7 23 84 75 28 8 73 87 54 87 44 3 25 84 3 96 33 85 96 68 22 89 48 89 3 23 81 81 90 5 65 15 63 14 26 71 52 96 32 59 43 75 85 25 92 78 81 75 95 82 68 95 72 70 69 36 27 45 79 73 33 54 99 35 76 49 47 75 74 71 42 74 75 60 95 56 14 40 85 94 68 71 59 30 65 30 55 20 79 76 59 95 84 55 14 76 7 65 96 91 50 75 70 80 24 57 91 29 92 39 34 89 70 93 24 51 53 78 89 24 66 95 20 72 90 40 67 84 57 91 75 57 13 89 87 20 20 16 28 61 80 59 68 56 48 4 93 56 17 71 10 83 58 24 46 24 61 89 71 83 83 34 69 69 71 74 62 68 53 67 94 41 67 51 98 57 43 93 93 15 88 4 70 68 69 79 43 49 97 14 37 79 20 92 60 88 91 52 98 56 72 94 68 32 52 13 68 8 66 83 71 94 50 96 44 58 50 32 65 48 4 68 82 55 48 28 30 43 85 61 23 39 72 75 30 86 60 93 7 33 97 73 18 39 31 81 45
15 32 15 75 43 14 19 10 39 12 37 12 3 17 17 92 9 11 20 95 34 26 13 79 35 22 2 95 3 10 21 90 60 50 16 13 50 17 58 41 4 86 93 22 4 7 23 21 63 63 19 7 21 1 6 5 61 36 22 49 55 5 26 36 79 2 58 60 14 70 33 38 25 52 95 9 51 53 23 68 5 28 43 7 93 79 80 60 39 69 35 9 65 10 44 10 73 30 75 73 50 31 78 95 1 21 21 46 20 32 64 52 52 22 41 92 3 91 3 13 81 78 25 25 47 61 60 64 98 77 68 26 5 85 72 74 70 15 4 91 3 38 21 82 18 51 36 43 63 87 69 28 38 81 24 92 56 16 55 30 54 81 9 54 21 44 94 34 81 92 30 25 57 88 70 65 60 46 72 21 86 75 34 12 97 90 12 13 20 37 78 65 66 8 66 33 48 44 95 8 79 13 33 16 69 47 4 61 10 82 15 74 29 56 71 24 51 34 12 72 82 19 37 16 86 18 92 30 72 95 40 29 73 58 94 9 76 9 90 3 12 2 26 21 3 55 4 10 13 21 66 45 42 87 72 75 46 85 68 59 84 74 74 80 68 11 81 42 8 89 87 88 62 54 29 87 53 69 18 77 60 49 50 73 82 61 57 56 45 80 48 76 99 24 99 2 17 88 70 29 89 81 47 86 41 46 83 57 20 57 76 10 79 92 33 68 33 49 52 72 60 96 71 73 15 15 15 93 56 69 58 52 60 45 90 59 81 45 87 40 69 71 37 80 68 3 91 68 61 64 44 7 7 90 50 26 41 9 69 20 57 31 7 32 75 87 46 82 33 70 58 84 53 82 51 93 55 25 90 24 52 82 65 99 98 78 15 55 16 83 18 56 66 66 56 87 77 19 46 88 18 75 47 65 53 10 6 95 32 24 54 73 4 2 80 22 8 75 7 63 88 96 89 73 42 63 23 4 41 57 20 29 18 59 65 19 72 49 47 6 75 43 79 56 21 95 28 78 93 29 6 74 91 19 83 26 54 2 3 68 99 73 94 50 69 40 96 58 94 99 16 71 70 53 94 84 1 99 68 55 84 86 67 76 64 84 12 76 83 81 18 62 66 89 85 14 60 99 90 95
17 23 70 69 45 64 26 30 29 75 66 74 78 45 34 38 64 18 53 77 16 36 10 69 10 21 47 35 91 64 26 58 28 67 99 44 2 18 14 6 9 37 24 15 80 3 99 34 78 11 25 62 34 2 54 55 34 63 2 6 31 28 86 66 13 90 22 31 19 27 57 17 55 41 91 45 16 49 43 92 72 25 24 29 49 3 32 10 11 7 10 66 19 77 59 47 79 9 13 43 89 2 41 56 42 15 50 85 89 81 57 8 41 14 70 45 53 12 56 96 41 86 72 68 51 82 17 30 10 26 12 75 16 57 15 77 2 46 37 38 14 37 24 42 37 96 84 29 26 77 36 51 1 79 27 41 11 22 15 96 35 33 40 19 7 27 42 47 30 65 50 36 39 53 12 69 22 46 82 91 44 55 36 84 8 45 74 6 78 9 44 55 3 43 54 28 86 64 45 76 92 86 99 2 56 84 3 69 8 24 83 31 48 16 70 42 46 28 45 82 99 89 68 81 14 49 5 99 30 31 55 31 37 53 47 43 21 64 82 52 59 57 46 88 5 63 34 8 25 99 4 58 68 98 87 86 39 99 16 18 25 80 11 10 85 99 48 76 9 83 60 52 26 19 11 32 33 97 97 78 73 31 41 84 71 17 70 42 93 28 59 72 97 51 18 84 7 48 84 97 3 45 29 24 65 86 88 19 14 44 25 23 14 92 50 59 32 29 14 54 97 50 62 83 1 29 77 88 93 50 61 5 18 38 51 18 43 32 79 67 14 24 65 5 54 98 52 4 32 50 98 75 6 83 45 69 7 97 18 38 98 95 32 25 30 62 64 51 18 26 48 15 60 56 76 28 80 77 37 75 93 86 26 31 56 74 2 34 85 42 98 3 47 87 58 19 72 87 94 85 34 95 57 97 28 19 93 98 76 61 80 50 32 32 14 46 33 91 94 93 90 65 11 93 63 75 19 47 67 91 80 62 90 46 50 82 95 40 56 52 36 22 5 35 86 98 95 84 41 18 74 43 10 39 39 40 95 25 28 81 14 60 13 84 67 49 68 96 98 96 69 48 61 91 85 31 55 67 87 71 60 55 94 46 72 42 94 96 91 59 62 92 26 86 17 82 85 80 95 77
15 65 37 19 33 17 17 51 52 15 14 20 90 86 26 19 8 65 48 3 22 5 58 16 4 30 5 46 78 27 46 41 97 94 28 34 45 14 10 33 5 89 69 52 73 65 28 59 84 85 35 78 52 36 67 33 27 3 2 35 6 28 13 32 23 7 49 10 18 16 44 87 60 60 79 42 1 79 25 24 19 34 89 99 34 21 21 83 91 81 61 88 77 11 19 8 57 12 29 79 34 88 44 14 65 27 57 19 45 9 65 16 33 99 3 48 29 3 65 27 75 1 35 56 91 56 10 9 3 18 87 10 69 86 22 44 50 1 54 63 56 13 58 25 15 69 95 51 36 35 20 86 31 57 86 98 73 91 19 94 76 25 85 46 56 63 91 48 71 12 54 69 66 54 19 40 45 42 74 7 69 58 30 30 2 43 92 74 56 91 27 32 29 37 98 81 96 33 13 98 52 34 24 84 88 15 3 25 98 77 93 91 39 50 67 7 90 38 73 21 43 55 88 57 7 97 8 52 29 39 76 51 45 40 83 53 51 58 21 70 13 47 49 84 43 12 18 35 74 77 73 42 14 30 67 13 71 12 26 45 82 22 79 32 50 97 58 76 41 6 48 71 76 73 85 29 96 42 18 29 64 19 55 85 46 1 83 19 5 9 97 79 66 76 49 52 47 19 79 16 67 43 24 13 11 29 58 29 62 31 87 98 61 11 14 37 87 15 4 58 77 24 75 82 77 51 29 32 79 91 15 43 15 86 10 18 56 81 59 69 89 86 26 1 81 34 14 83 49 16 86 96 31 77 97 74 96 74 49 38 39 82 57 49 78 76 60 92 48 92 75 38 94 11 73 93 13 3 58 11 11 60 52 90 54 75 70 7 78 25 30 73 6 79 19 22 43 51 97 92 40 31 49 48 73 96 26 15 92 68 60 53 52 17 1 59 87 87 52 93 6 62 97 50 37 16 77 61 87 23 92 95 77 80 83 74 33 79 1 73 57 79 75 90 94 6 39 98 34 55 35 59 94 74 67 71 42 87 65 1 54 23 79 88 86 76 98 70 59 38 66 27 67 98 32 76 82 6 29 93 22 95 84 44 17 44 29 70 58 60 85 94 83 39 54 18 97 31 4 3
25 30 17 62 39 33 11 3 71 67 19 17 31 76 95 52 60 29 52 3 54 17 54 32 26 46 37 24 25 45 83 67 50 14 6 91 7 71 58 48 39 39 59 60 81 72 55 29 49 34 21 10 83 45 30 46 30 69 91 31 12 59 19 60 56 27 9 4 89 95 24 95 63 60 2 93 13 66 13 42 47 38 87 39 19 70 34 42 12 54 88 16 46 71 3 95 57 56 52 24 40 78 65 56 28 60 22 21 23 88 16 16 71 50 80 40 94 53 58 12 13 16 37 77 22 34 35 8 9 10 17 48 83 19 23 54 85 56 52 11 56 21 85 34 29 54 34 19 13 68 50 8 3 88 31 66 94 50 72 37 7 30 6 94 10 24 12 69 84 94 42 62 27 66 51 10 96 58 73 64 32 49 39 60 45 10 42 81 92 32 5 66 38 80 72 30 95 26 59 12 2 44 28 95 21 18 44 80 32 20 33 82 27 89 18 10 17 52 4 64 71 73 87 65 47 71 43 43 39 13 90 99 14 90 57 86 2 40 26 61 68 95 35 50 95 43 68 74 2 7 68 42 36 99 1 93 18 58 61 31 56 61 5 52 98 92 86 21 69 92 1 46 57 9 73 19 70 74 72 60 98 21 86 41 38 67 88 42 80 20 12 57 30 22 12 98 42 38 48 81 63 82 29 85 39 84 96 21 60 70 61 15 47 23 39 56 39 43 31 30 86 45 9 44 92 23 58 75 91 92 71 74 29 14 50 53 75 94 52 89 70 6 43 23 28 90 98 31 47 72 22 20 41 18 92 91 48 38 92 98 49 83 26 72 25 56 28 77 30 69 39 10 74 84 94 37 19 38 76 25 83 50 17 87 54 78 61 81 59 41 18 42 30 22 49 15 50 88 70 6 81 14 13 29 82 46 84 75 99 93 69 32 44 11 3 96 44 33 61 66 35 67 33 60 90 33 33 34 66 59 52 96 68 90 6 76 41 32 99 83 14 63 71 80 98 85 76 28 14 61 74 63 24 97 56 24 87 42 89 49 90 93 48 53 62 28 45 45 5 47 52 62 11 77 20 64 99 96 89 50 78 27 98 44 54 78 13 41 92 71 31 56 89 99 93 57 69 63 39 3
50 37 49 29 11 54 24 26 8 21 12 12 27 50 17 65 6 78 13 21 90 20 10 20 4 24 72 10 26 78 90 29 58 6 5 29 4 31 84 69 75 68 23 7 27 74 86 54 62 52 25 77 23 17 57 48 75 43 3 5 11 94 13 2 87 89 42 59 75 19 9 59 77 74 36 60 1 41 75 32 65 19 31 82 98 85 48 63 15 58 50 15 80 39 18 20 10 82 20 88 50 56 20 76 65 60 2 11 88 7 53 33 96 1 75 68 35 30 88 76 47 2 73 71 71 41 23 64 98 97 65 47 50 50 56 2 24 70 53 19 96 67 31 66 38 36 23 92 73 48 11 75 88 1 82 41 88 15 97 51 2 60 6 79 44 1 7 4 91 73 2 41 72 59 62 22 66 14 71 75 48 6 92 10 32 29 29 94 10 68 76 64 73 90 61 97 3 43 20 13 99 74 13 45 88 88 85 4 84 63 76 45 82 1 48 83 10 62 63 14 18 36 37 63 68 39 9 11 24 59 60 90 84 39 9 54 45 62 55 79 48 50 37 69 42 39 84 63 40 50 44 78 89 15 83 17 40 57 64 57 60 31 76 99 14 63 10 66 57 42 47 80 75 58 24 51 6 48 42 48 62 85 41 88 50 57 70 75 11 61 1 43 7 62 5 72 83 86 59 82 5 47 33 68 19 46 80 55 70 60 45 81 22 69 78 22 60 65 52 6 1 15 51 4 80 63 57 3 26 92 49 43 49 23 44 85 65 22 7 96 23 89 49 40 48 85 49 54 90 89 17 93 16 22 37 55 60 50 52 80 92 38 44 66 6 48 18 53 83 21 93 47 75 4 58 49 28 50 80 90 94 10 33 50 49 94 32 19 42 99 73 62 51 35 28 99 56 84 78 81 77 80 23 44 30 81 20 80 46 17 98 99 34 46 4 50 69 35 43 17 77 22 75 23 80 37 86 61 30 89 89 64 2 96 53 93 65 84 93 97 73 87 8 66 46 35 72 43 23 82 95 27 61 28 12 95 28 62 39 81 26 40 69 62 90 94 70 60 36 84 88 62 27 3 37 47 87 50 34 90 95 54 85 17 69 84 84 36 38 77 90 83 50 10 61 70 29 74 87 21
43 18 37 79 21 39 41 70 17 10 4 84 34 27 32 24 43 28 28 29 81 77 11 5 42 16 34 87 90 5 28 21 7 43 33 7 58 8 61 10 11 9 2 73 15 37 45 83 7 35 4 42 34 69 21 26 25 21 49 65 61 68 15 81 12 3 43 50 33 25 9 8 39 64 42 14 23 26 68 26 24 94 32 59 85 88 5 91 82 65 93 54 21 28 44 56 45 31 83 50 53 15 93 18 78 43 78 33 4 26 46 45 6 35 6 38 17 92 74 94 19 21 33 45 78 92 30 4 65 92 23 77 12 16 41 8 34 82 76 98 54 27 23 89 80 15 58 34 20 77 81 20 59 54 79 1 80 76 18 5 92 27 97 53 42 40 20 23 84 35 21 46 39 80 27 54 54 29 48 12 65 95 97 91 53 30 73 9 72 21 84 56 97 79 73 27 47 52 3 7 90 89 82 54 66 4 73 10 79 67 81 5 38 2 87 55 43 54 39 13 98 98 86 63 43 63 54 98 92 78 71 53 82 63 27 69 73 90 72 56 11 43 92 73 22 63 27 16 48 3 83 65 67 75 57 2 55 86 89 47 95 88 26 34 38 38 69 45 37 54 68 20 41 66 94 74 93 42 60 45 63 99 83 61 1 89 63 51 91 24 31 60 26 59 90 18 43 82 63 51 19 60 82 70 27 60 21 50 64 80 3 64 38 94 65 97 61 97 80 47 8 23 76 35 13 92 76 34 77 4 1 45 6 84 78 17 55 88 8 72 31 62 95 84 67 4 5 75 39 56 68 65 91 41 67 76 38 50 70 34 49 45 71 48 85 38 51 41 96 58 91 99 69 67 30 88 74 44 4 82 52 18 59 98 30 29 98 88 78 51 79 29 11 16 33 36 85 83 47 15 88 10 98 22 23 32 43 72 75 85 16 28 12 44 64 87 83 93 87 9 27 2 87 25 35 38 90 82 59 83 51 8 56 49 13 73 71 72 12 44 19 79 9 41 87 46 31 96 81 67 91 35 10 74 41 70 9 1 86 32 82 86 64 18 87 50 7 59 95 90 41 33 30 87 71 68 15 88 59 57 46 95 26 78 10 72 76 24 40 66 46 30 15 49 36 77 91 93 12 29
56 34 45 8 57 70 8 43 68 30 46 58 30 62 28 21 15 92 76 26 10 43 5 24 61 63 14 67 26 16 17 32 46 50 24 69 12 70 52 63 15 58 67 51 99 39 16 89 99 40 37 29 45 98 44 81 12 51 87 23 3 19 67 84 40 34 26 39 15 1 73 29 11 5 4 26 48 16 28 80 28 7 71 58 45 42 71 21 92 49 62 18 54 32 79 58 34 22 61 61 36 41 98 74 28 97 88 10 23 16 40 68 57 11 57 34 67 41 5 28 64 5 10 12 29 32 47 81 6 70 4 21 76 67 85 54 64 28 71 44 83 94 91 46 41 34 9 44 37 11 22 52 26 43 7 42 41 95 1 82 90 99 87 41 7 89 96 34 48 54 85 73 93 37 73 79 44 65 30 87 6 3 93 69 72 57 50 12 66 23 67 97 77 7 62 63 19 64 47 40 71 30 31 88 13 25 87 8 81 19 4 28 88 72 78 87 26 69 59 75 8 3 38 69 98 88 79 30 30 92 29 7 37 69 12 4 98 58 33 98 18 94 21 20 41 85 22 73 93 70 76 84 22 12 97 26 19 13 14 29 6 68 34 70 10 84 17 73 96 1 34 98 58 74 68 13 85 49 32 83 19 75 16 31 95 87 43 46 31 94 72 19 3 35 17 13 77 5 9 12 84 77 87 78 54 64 19 14 25 34 14 31 79 12 52 32 79 73 24 67 84 26 9 22 92 90 59 66 50 30 70 34 34 25 99 99 34 82 12 1 67 1 89 14 83 82 37 73 67 84 92 88 34 18 62 93 60 16 40 77 56 81 92 96 22 41 13 63 23 33 43 18 73 20 8 97 76 62 37 48 15 70 27 89 20 16 93 97 61 25 39 35 92 7 60 90 27 2 55 88 67 11 19 48 64 82 41 70 2 27 2 2 85 91 70 15 5 18 27 99 74 83 23 48 59 37 72 78 77 84 83 32 38 25 63 41 98 51 97 80 89 2 45 99 79 60 98 58 23 79 69 17 18 6 55 90 48 89 86 44 77 53 3 50 60 35 60 18 84 30 59 10 66 91 12 18 23 85 80 63 98 47 58 77 94 95 78 69 49 91 75 56 25 58 49 41 81 73 86 26
5 15 25 37 69 38 12 15 65 87 89 3 58 5 31 37 9 16 97 65 91 28 80 52 34 21 57 13 17 30 86 81 84 57 19 97 50 24 14 61 26 9 19 58 69 55 50 88 14 38 40 81 33 21 5 26 14 50 45 38 12 24 64 1 81 8 61 42 17 62 30 44 62 20 54 6 83 6 22 10 58 5 87 41 33 12 3 21 17 84 18 4 66 88 47 28 85 92 98 92 1 20 33 33 31 49 36 63 79 68 82 30 54 75 33 68 9 92 32 80 46 17 17 64 82 15 5 70 3 80 51 19 85 48 3 21 53 26 12 62 9 71 48 53 88 57 44 72 7 59 18 83 49 74 77 46 91 30 23 29 45 6 45 20 78 63 13 3 29 76 86 73 34 3 71 86 34 12 1 67 13 25 20 59 91 56 48 88 13 8 37 15 32 62 24 92 11 7 57 65 20 55 35 81 14 21 52 39 8 18 41 69 21 44 22 35 38 65 93 72 71 51 88 74 59 58 98 76 6 32 34 88 13 32 77 3 38 99 46 10 84 56 41 62 15 8 55 8 65 86 70 37 73 51 6 15 91 71 54 44 7 26 54 26 3 2 48 85 80 68 90 1 37 97 16 56 34 34 39 73 48 50 6 14 14 29 7 7 30 89 16 85 24 85 81 62 9 63 58 51 62 15 32 53 28 11 65 86 69 39 88 56 36 86 10 74 7 39 76 55 61 22 41 55 74 30 52 76 14 70 27 63 59 1 27 54 81 62 93 55 80 79 82 88 34 62 52 74 53 83 97 49 74 14 72 68 84 96 64 36 16 20 79 23 50 10 90 1 62 12 12 70 25 7 59 11 21 76 96 86 72 10 36 87 98 41 55 69 71 13 94 42 53 81 48 89 20 93 25 50 92 60 79 91 61 37 52 20 96 71 57 42 69 66 97 95 81 81 36 42 74 95 52 96 94 86 59 92 55 96 14 47 99 83 67 75 30 92 44 43 80 78 11 69 99 80 26 68 78 43 55 2 80 99 79 53 68 1 91 92 41 80 91 55 34 51 31 80 10 93 99 31 63 10 94 89 56 45 60 85 61 18 34 90 96 51 94 86 52 24 10 92 86 7 94 45 60 62 67 65
65 15 4 38 38 41 9 62 84 33 40 47 2 1 43 39 32 56 74 17 8 45 31 8 54 20 7 7 1 8 14 62 26 23 92 23 45 62 40 10 54 3 48 19 56 82 21 26 26 27 75 10 12 22 42 51 8 1 94 90 79 34 1 79 97 43 2 49 19 50 74 38 6 83 54 8 77 62 51 35 88 35 9 2 47 26 21 82 71 97 64 11 4 53 59 40 36 34 13 67 55 78 11 73 15 22 87 36 23 27 34 72 14 73 39 48 85 89 44 67 68 63 26 15 41 6 12 80 14 9 62 10 19 3 64 92 36 68 8 89 95 42 36 51 58 61 19 10 21 30 70 44 79 34 51 50 2 27 21 73 2 10 98 49 79 80 46 60 34 21 3 26 42 39 11 87 94 92 37 39 16 75 55 6 80 47 91 81 81 58 27 45 82 42 22 65 95 76 85 89 54 51 69 6 9 4 84 89 70 38 87 30 79 22 53 71 15 22 45 31 7 36 82 31 15 59 62 87 91 1 94 28 40 55 85 63 72 24 94 59 30 71 37 28 72 61 30 40 20 62 83 3 94 23 83 20 8 35 84 87 87 14 33 40 85 55 69 13 31 37 11 84 59 34 93 58 72 69 14 26 27 61 99 77 79 1 69 61 85 55 67 6 13 87 66 79 79 34 5 42 7 54 49 74 65 90 1 95 37 20 80 63 69 55 97 34 95 39 62 67 98 55 99 78 72 94 39 81 43 88 90 33 43 54 96 1 15 34 10 36 52 27 40 56 24 37 65 58 53 53 16 42 17 69 19 41 8 70 48 29 89 19 26 88 12 80 46 95 97 61 98 83 68 78 78 65 86 15 20 85 22 99 51 17 70 53 64 68 6 37 74 77 26 25 84 51 52 8 65 37 17 26 65 32 19 3 12 66 41 59 26 1 72 84 60 58 86 42 97 34 35 81 62 96 79 80 51 28 17 20 14 99 11 80 81 52 85 4 52 38 87 72 95 80 7 55 48 85 41 79 9 76 31 29 2 33 53 90 60 49 88 91 40 43 35 48 55 70 81 50 83 80 99 73 50 94 98 37 85 76 22 61 30 84 90 77 93 74 77 89 87 90 97 70 72 89 90 62 94 17
16 1 34 20 7 26 36 5 14 5 1 5 36 30 34 87 88 63 12 35 35 63 60 81 68 16 3 25 32 93 39 37 16 54 71 28 7 45 48 66 46 77 59 68 50 63 44 39 14 68 39 60 65 98 57 88 80 70 63 56 33 64 76 52 29 51 45 56 55 45 77 35 59 28 87 90 31 60 70 49 15 91 74 31 58 68 21 8 76 17 66 44 53 1 56 13 78 63 45 32 91 24 5 49 39 1 2 15 48 28 59 46 68 80 2 5 12 23 17 76 53 42 38 56 74 33 56 10 67 19 22 57 29 37 45 72 21 52 77 68 7 59 53 29 71 54 75 55 92 41 95 15 61 55 65 26 20 3 81 18 46 85 51 20 69 43 73 24 19 13 92 42 6 55 60 26 51 83 43 22 30 7 25 1 5 77 9 35 22 63 86 3 86 72 25 86 93 30 14 99 47 24 36 14 68 61 59 7 64 73 16 28 27 88 11 77 23 87 92 89 54 88 49 22 95 35 15 44 15 75 77 70 75 53 96 76 79 31 58 8 33 38 75 94 96 46 20 97 87 84 69 25 43 21 87 83 54 12 15 46 88 17 53 62 74 78 71 84 32 6 9 5 59 6 32 77 32 22 90 32 42 46 39 70 6 30 55 65 65 28 53 43 42 82 55 81 87 1 79 91 4 19 42 43 16 26 3 47 82 18 32 51 24 74 62 23 11 19 20 76 71 66 84 87 82 37 39 53 67 83 92 93 81 10 24 97 26 95 19 24 71 13 26 70 11 88 22 94 27 85 78 77 96 78 36 72 34 70 3 96 22 92 25 51 34 51 85 23 19 88 22 7 25 77 39 7 77 58 56 24 50 78 34 11 54 76 18 6 33 80 59 64 55 24 70 45 88 66 64 45 61 93 8 61 16 71 99 40 87 97 79 76 58 85 55 8 93 9 55 51 22 91 99 49 3 76 18 51 57 30 36 67 65 2 80 37 32 95 79 98 82 34 77 94 50 61 24 55 79 73 84 98 52 77 25 1 84 64 27 49 81 74 76 30 87 20 61 16 92 99 38 61 42 67 86 42 53 88 80 28 50 92 16 25 57 67 69 89 98 2 86 60 9 99 90 21 67 22 93 35
20 30 49 30 67 1 56 43 39 29 56 24 51 60 99 66 41 13 58 15 7 54 70 72 79 46 64 40 63 34 48 14 96 85 34 37 81 68 19 12 96 10 50 58 65 41 37 27 29 53 69 53 45 16 43 55 79 38 62 81 81 13 86 30 30 38 5 77 61 10 27 92 61 26 89 77 26 96 27 24 14 58 26 38 52 70 66 87 36 16 39 86 8 96 8 97 67 19 18 31 94 86 64 41 79 19 87 91 95 61 64 83 98 14 50 45 80 25 57 37 4 89 9 59 38 5 62 28 90 31 48 55 46 86 93 49 66 49 56 1 12 33 56 55 5 1 36 62 99 2 81 48 42 1 66 37 68 95 55 58 38 65 51 15 19 85 53 73 41 61 15 63 22 19 25 21 53 99 8 39 16 55 71 48 75 37 52 91 70 2 94 51 74 42 52 39 1 73 32 35 55 81 72 2 49 76 88 31 28 57 4 34 97 41 58 56 76 25 97 31 31 46 9 44 33 75 7 90 98 10 60 67 16 20 29 75 29 64 38 10 66 48 76 8 84 49 70 85 62 6 42 23 48 32 10 64 50 85 19 5 16 33 15 65 69 12 32 13 11 30 76 29 34 15 45 59 24 74 99 91 77 76 72 60 69 30 49 95 64 67 92 82 37 78 15 57 59 27 60 78 54 66 67 30 90 67 56 71 81 70 86 51 66 5 46 5 69 50 47 77 13 37 38 63 54 6 15 44 87 12 47 43 97 39 6 91 86 40 86 19 35 92 83 75 41 16 50 7 75 33 71 82 27 14 63 57 68 34 35 38 2 9 78 15 82 29 91 13 33 57 1 45 4 89 12 46 99 83 87 23 25 15 53 53 98 28 85 55 69 95 58 70 26 7 81 60 92 62 65 68 24 73 42 7 95 3 78 77 77 39 72 74 9 44 24 85 1 42 27 22 16 5 84 68 86 53 34 8 98 14 35 13 99 47 86 95 77 27 97 80 79 11 79 22 31 84 90 18 20 95 69 47 99 7 85 50 25 95 95 71 50 42 75 38 27 33 37 53 74 5 37 51 96 25 68 45 9 1 10 90 74 78 97 73 27 92 67 7 59 61 75 81 54 95 29 65 16 70 65 15
39 8 73 26 28 12 54 39 6 2 69 11 12 3 15 46 22 30 3 73 29 96 65 77 2 19 63 45 11 84 2 29 1 4 39 7 89 86 85 53 7 10 38 27 27 90 8 13 18 59 45 44 25 40 6 81 9 68 45 38 27 12 69 44 6 15 57 3 53 25 68 33 73 75 78 3 11 24 87 91 7 76 26 63 29 70 66 46 31 6 75 72 87 56 86 79 1 68 33 7 33 8 54 40 45 69 61 18 6 22 18 69 53 67 48 94 24 9 24 9 45 85 32 57 26 61 54 10 93 48 33 95 96 71 70 23 28 51 80 34 65 17 78 34 79 20 69 33 32 40 98 98 27 36 43 25 60 66 89 57 4 59 18 16 16 25 16 52 16 74 12 98 32 13 84 22 97 29 57 13 14 41 53 44 53 50 72 74 80 26 21 45 56 68 23 40 63 11 84 82 61 7 30 75 23 48 58 82 43 57 47 98 55 10 77 73 54 11 29 20 48 41 25 62 88 44 86 36 11 39 19 98 3 67 59 58 19 95 21 40 64 10 44 30 50 42 52 98 59 32 43 40 9 50 3 93 93 28 65 62 14 54 21 53 56 3 15 33 63 80 95 81 4 82 19 56 13 73 58 2 57 55 16 39 66 74 24 32 45 61 67 11 27 71 47 15 78 65 12 40 50 19 56 58 98 4 44 15 10 80 66 48 76 7 4 86 52 33 84 83 21 99 74 38 35 10 6 7 6 93 32 26 49 42 3 94 89 36 95 66 42 69 70 48 6 18 53 38 48 28 37 65 91 87 6 48 22 48 34 28 74 4 90 64 86 10 10 63 70 8 30 66 52 27 9 95 64 67 65 7 90 3 85 72 19 29 48 57 91 62 85 64 69 71 60 27 60 61 91 38 77 45 72 52 81 99 57 45 45 39 92 92 17 90 95 35 52 35 39 28 75 55 88 19 84 34 68 69 51 90 10 75 51 84 80 84 58 81 39 97 65 71 79 60 8 22 44 10 98 64 91 41 83 42 57 16 62 38 79 33 61 28 89 59 78 84 38 37 13 79 95 82 94 94 85 78 90 92 55 93 51 55 51 96 72 93 45 18 97 73 87 75 62 59 70 93 47 67 98 73
38 91 22 30 9 28 46 5 46 8 81 22 15 24 29 15 53 5 19 82 32 24 30 5 7 21 73 57 21 15 61 25 18 40 3 9 68 17 23 86 22 36 74 68 9 36 17 30 17 25 51 1 16 2 66 7 53 25 10 95 12 9 63 68 59 39 12 33 32 45 4 21 3 30 11 85 44 75 67 59 18 80 44 11 97 21 60 47 16 29 2 21 96 1 3 44 16 74 28 28 60 88 3 97 1 23 6 39 22 30 6 17 12 5 90 11 1 13 34 22 74 75 77 47 7 1 73 37 51 29 76 22 19 38 98 43 78 28 18 42 60 37 22 21 23 40 44 50 70 71 28 71 29 37 58 75 27 48 95 5 92 7 21 79 67 4 44 69 19 46 1 46 48 65 86 58 4 60 49 87 60 8 59 17 93 30 42 83 35 99 87 96 31 13 3 55 19 57 77 33 46 88 66 97 71 82 58 88 83 53 15 72 59 93 29 67 71 78 80 95 19 13 43 45 5 55 32 9 12 69 93 2 49 79 56 70 70 74 26 25 97 89 84 43 76 55 57 80 94 4 35 65 1 84 49 83 54 83 32 4 43 57 83 62 71 29 26 7 63 75 65 1 64 48 13 49 6 14 91 58 15 30 56 32 44 70 62 78 85 44 75 59 78 45 93 36 62 99 24 3 97 68 54 33 44 75 77 81 32 3 58 54 51 35 73 58 6 27 65 72 52 91 31 18 27 96 99 8 15 5 60 54 33 58 58 87 31 82 28 38 79 2 13 91 97 11 73 89 49 71 19 35 91 22 11 37 88 71 58 54 60 55 57 61 13 80 45 42 41 44 33 29 54 48 74 7 96 85 39 3 68 91 68 26 35 43 74 8 16 56 98 68 85 99 61 79 33 2 34 50 69 39 84 21 29 27 99 42 74 68 68 73 79 64 50 92 73 86 55 73 44 32 12 40 94 99 79 38 76 21 47 46 24 49 46 9 79 14 71 80 97 88 99 93 80 74 76 99 83 45 51 28 70 53 92 88 77 75 59 8 58 81 79 75 18 77 5 94 61 47 86 85 87 93 74 66 98 17 92 68 51 50 98 97 69 56 69 81 92 43 77 97 83 52 67 78 97 80 92 82
38 41 6 90 44 18 39 68 46 22 4 13 58 12 62 12 72 18 27 41 34 17 45 74 93 89 60 29 63 83 6 82 1 79 34 87 28 1 19 64 83 18 36 51 30 44 13 93 19 45 45 33 62 75 54 29 95 31 74 27 18 50 41 6 36 93 14 1 97 59 22 20 96 28 14 81 88 31 47 29 57 13 54 44 29 25 43 72 72 70 96 77 54 67 82 69 49 65 69 13 45 24 5 52 36 25 27 73 46 72 96 50 39 34 72 28 68 60 98 66 84 16 65 57 25 53 67 23 7 61 39 72 6 10 27 15 40 10 78 2 48 82 6 25 83 96 45 65 34 6 45 82 50 17 64 19 11 51 89 33 4 45 45 59 84 17 60 36 34 24 97 5 34 49 4 69 31 9 51 59 87 63 3 22 68 27 9 20 28 14 40 37 37 5 59 29 11 88 80 3 18 22 30 91 52 78 56 83 78 88 40 34 4 19 46 72 96 55 86 95 51 3 60 90 74 60 2 61 2 79 8 14 94 14 11 77 86 18 58 93 78 52 45 55 69 53 11 95 20 45 21 84 86 43 9 21 17 19 5 45 9 34 88 39 61 26 62 20 10 51 46 42 4 53 68 36 58 36 29 27 60 6 68 81 31 98 39 24 1 59 17 44 92 35 95 63 89 74 40 33 78 97 15 72 28 50 33 83 35 73 3 62 23 91 37 28 17 57 51 29 49 94 22 9 30 66 58 49 42 40 42 37 62 75 56 82 51 37 79 45 39 24 34 61 45 54 91 77 99 16 7 20 15 62 82 27 89 78 86 84 55 6 99 36 63 55 42 60 44 97 13 4 68 3 87 70 14 11 46 29 1 40 62 48 30 27 47 7 73 19 22 70 90 97 80 49 34 80 1 21 10 83 27 99 49 43 20 64 43 15 74 46 96 32 93 57 42 96 62 89 97 77 10 27 68 71 24 31 55 96 49 49 98 63 92 76 15 21 44 81 25 81 90 67 24 77 70 51 87 10 45 95 65 96 58 45 37 28 79 87 24 5 58 70 33 38 93 54 61 76 56 96 58 57 35 44 44 53 28 36 91 77 72 97 33 24 57 96 13 98 36 83 64 9 79 99 86 73 44 41
7 49 26 13 91 33 84 17 20 91 15 76 55 43 54 68 15 15 7 67 49 6 31 8 7 48 14 9 10 16 70 11 42 18 68 58 74 37 36 30 10 9 55 8 2 15 59 16 40 33 30 61 90 68 52 23 34 26 29 14 59 98 52 26 1 69 12 99 25 20 55 23 61 69 7 71 54 31 69 19 37 56 5 67 4 28 42 31 4 40 9 71 55 73 15 19 85 11 99 2 12 40 51 6 85 69 30 40 76 90 20 91 60 20 2 25 61 23 6 42 34 81 47 98 76 97 75 94 21 45 85 72 76 38 19 55 49 95 51 12 11 31 42 41 60 83 73 61 26 43 1 47 72 38 10 14 11 99 30 48 36 98 27 58 89 85 80 31 29 38 64 38 46 22 63 22 36 54 12 90 97 64 27 77 23 89 15 56 59 88 43 6 4 38 47 7 12 28 54 57 75 63 32 22 75 49 1 45 61 27 89 3 60 85 73 85 12 35 12 25 35 48 3 6 8 46 97 51 73 19 11 19 60 25 29 90 55 7 32 43 42 16 23 92 67 37 45 16 42 75 26 85 86 64 83 22 59 48 82 93 89 52 2 10 16 55 8 80 32 41 58 11 17 34 42 52 15 81 20 83 46 81 16 23 5 36 97 65 92 46 88 11 91 27 8 3 30 6 39 23 62 66 26 19 44 87 2 49 87 78 71 68 24 58 51 61 96 75 7 68 52 35 33 40 26 98 49 63 69 75 82 89 94 90 67 59 90 35 89 87 1 99 49 39 94 92 32 52 23 62 89 3 83 60 54 12 75 31 99 25 25 77 42 72 94 92 56 12 73 86 89 76 82 67 11 15 30 73 27 91 64 40 96 6 23 42 94 81 96 92 18 68 52 78 34 53 61 46 25 27 75 79 95 99 81 94 83 97 10 67 19 79 47 62 93 21 40 81 30 92 98 45 77 68 5 36 78 35 91 85 85 63 49 61 73 15 30 64 15 41 9 23 91 54 43 71 22 88 94 14 78 79 94 68 62 59 86 83 66 81 76 78 33 87 29 95 38 84 65 2 38 44 97 73 89 18 66 89 65 3 59 95 45 47 96 8 85 99 4 68 95 21 98 78 71 71 72 78 91 67
44 43 33 5 39 22 75 55 24 71 81 88 39 94 20 25 9 65 22 6 44 30 30 1 13 94 15 74 28 68 27 70 78 34 27 2 82 50 70 69 82 21 41 72 20 23 95 18 46 9 30 43 27 34 38 20 32 38 21 37 59 57 52 19 82 11 61 39 7 72 88 40 20 24 3 9 18 25 13 26 86 29 1 67 9 54 13 8 80 11 17 40 4 1 14 46 4 13 27 9 5 65 87 10 97 75 3 67 10 89 9 44 62 45 39 79 68 60 43 12 22 54 70 10 39 5 25 46 21 18 66 8 22 33 18 21 55 49 27 44 61 83 59 65 68 76 12 30 43 37 14 29 88 28 15 77 94 35 67 53 55 47 75 16 60 6 7 59 66 31 61 86 21 58 62 93 43 30 34 20 82 49 45 51 57 85 35 14 55 74 19 52 30 27 39 52 31 79 19 73 2 5 60 53 71 80 3 79 18 38 62 96 87 90 7 29 47 48 10 92 25 26 9 17 70 57 17 44 54 76 42 18 54 55 48 33 14 28 59 15 4 10 19 26 44 95 96 35 75 64 6 59 97 51 26 49 78 68 41 72 65 16 55 88 67 42 59 54 47 38 5 37 25 26 42 77 22 30 88 70 31 74 73 27 67 35 97 49 71 87 1 58 2 58 55 60 81 11 68 16 36 3 93 13 72 63 22 44 64 46 24 95 37 35 73 51 62 47 85 45 9 5 26 97 44 41 65 66 16 8 40 97 26 68 79 14 37 15 83 34 49 81 48 24 52 38 56 55 67 27 22 34 95 98 38 92 28 63 88 74 50 35 64 65 32 5 58 83 71 99 52 44 56 57 57 63 72 55 34 65 2 94 41 6 75 87 1 54 57 88 79 96 83 22 42 60 50 22 9 15 88 87 91 99 45 58 50 2 72 9 54 91 77 96 90 83 37 19 84 12 92 45 74 15 35 40 91 98 95 56 69 3 40 2 58 43 86 47 93 59 92 48 99 72 41 53 96 53 24 68 2 95 74 93 80 87 75 99 2 95 90 2 14 96 94 88 27 19 73 37 67 69 48 94 86 31 65 69 97 15 47 43 77 39 98 69 31 67 65 80 58 59 83 66 24 71 50 83 49 6
18 30 35 16 22 31 42 57 63 89 3 20 21 75 6 10 67 79 1 22 67 17 36 60 90 88 42 8 90 15 20 29 18 23 81 32 24 34 8 17 45 62 11 71 5 74 14 11 39 46 88 84 62 47 45 29 62 84 92 16 81 3 19 43 36 4 94 12 36 99 2 53 52 79 40 26 97 11 16 20 51 6 48 45 51 28 34 14 32 50 18 58 29 24 62 82 67 24 18 64 13 46 6 1 26 40 78 78 39 60 58 36 8 90 45 17 71 40 38 51 33 34 75 20 65 71 96 27 33 36 8 5 85 32 63 94 60 28 48 83 17 39 80 5 19 68 33 62 40 23 37 23 96 38 77 87 54 42 13 15 98 39 12 29 45 80 75 93 47 5 94 9 54 28 8 49 66 71 92 25 17 23 51 99 27 1 32 38 18 76 7 70 13 99 56 19 58 71 14 35 25 68 49 82 56 97 93 46 23 83 80 43 28 74 23 14 48 25 92 21 93 85 76 31 59 52 78 41 97 76 22 62 63 65 31 19 49 20 12 95 57 21 38 29 17 74 78 63 95 83 55 51 34 71 83 70 29 52 99 50 24 98 43 55 60 93 86 89 81 83 31 79 76 65 4 77 50 67 21 18 18 35 67 18 79 81 1 99 9 57 12 68 90 59 36 39 4 56 35 67 89 7 92 42 69 27 83 35 46 66 8 25 73 16 50 22 99 62 89 14 95 77 63 82 52 53 80 31 94 96 81 54 80 90 96 11 61 2 23 53 81 79 35 50 98 12 46 41 1 72 89 35 70 22 86 14 1 38 47 64 56 25 55 33 59 99 88 36 99 12 98 91 7 77 59 87 54 68 94 82 95 48 82 70 90 91 39 54 74 13 42 83 71 26 33 36 13 28 83 80 33 91 74 28 98 87 93 69 22 73 29 44 78 36 81 76 33 59 93 40 31 34 1 78 31 79 54 76 32 30 52 70 93 56 26 32 7 93 9 23 54 71 47 12 79 30 13 17 53 83 51 69 77 68 95 95 51 84 50 41 12 51 20 5 54 68 85 65 61 10 38 95 14 32 43 78 97 90 52 98 99 43 45 46 92 91 71 75 50 20 69 23 68 62 86 98 19 77 16 22
