20 500 30570 21.69
40 54 89 63 27 56 6 11 88 13 60 49 82 9 3 19 85 25 82 7 1 8 26 87 27 63 27 27 72 59 64 46 33 77 34 57 7 10 7 84 16 41 13 76 26 18 88 69 32 91 41 15 20 74 9 38 49 59 28 28 41 24 69 81 25 34 43 45 11 45 55 71 40 73 50 95 95 11 70 19 9 13 67 60 28 79 17 66 84 5 80 61 52 57 12 43 10 73 83 87 55 45 17 62 30 22 52 11 15 3 43 47 69 99 29 37 3 84 80 3 18 62 70 30 81 88 26 53 5 14 44 26 54 71 99 41 79 68 52 81 17 41 86 49 67 38 22 6 18 28 21 51 5 60 34 9 3 47 90 88 10 64 65 45 86 81 77 48 24 47 23 5 87 15 79 46 54 28 22 94 65 71 1 28 49 35 47 46 72 98 33 61 78 54 40 38 93 7 83 11 78 25 93 32 42 39 90 4 89 88 7 99 69 80 56 52 60 5 50 13 14 22 86 34 16 86 79 52 98 44 82 74 3 22 41 3 38 89 86 12 3 65 69 4 63 17 34 4 68 98 55 95 38 24 38 49 42 41 60 31 46 51 99 13 53 13 39 51 67 3 53 25 62 59 91 16 55 89 65 86 81 79 85 8 66 74 79 34 23 90 64 56 25 12 23 12 34 64 88 17 42 4 83 28 31 69 28 34 36 73 68 97 69 93 79 66 16 78 30 87 80 76 33 89 77 42 22 90 46 97 40 36 50 78 56 5 96 59 51 72 4 40 54 30 71 63 16 33 68 58 92 26 65 49 19 15 53 15 53 26 29 57 21 77 53 5 18 45 53 80 11 56 82 89 74 33 79 8 77 16 22 20 10 81 28 66 58 35 7 63 79 17 85 91 62 74 48 90 64 96 57 33 79 66 25 35 40 65 12 84 36 58 72 40 54 75 61 80 64 72 52 84 35 13 44 65 59 58 24 28 69 18 48 63 9 56 79 15 14 41 23 99 73 72 94 84 51 64 95 2 79 37 97 63 58 12 92 35 69 25 85 66 80 35 38 88 62 80 90 83 11 37 48 88 95 30 76 93 92 94 46 30 84 60 13 86 58 50 92 91 5 80 81 46 59 53 25 96 99 7
15 24 79 76 42 10 95 86 15 45 30 87 19 11 1 99 24 57 5 12 55 6 11 11 23 82 47 42 10 74 43 43 93 60 79 15 97 55 28 37 1 64 93 18 28 19 7 19 20 73 37 18 35 73 48 50 46 62 64 67 17 31 18 3 87 12 31 89 22 16 49 44 27 20 77 55 24 26 31 88 79 93 88 2 56 98 65 28 31 33 63 33 20 11 59 18 83 27 15 69 67 4 29 67 45 57 70 66 66 4 91 21 45 88 83 4 51 85 33 23 57 51 49 40 76 50 53 25 40 42 12 27 93 99 51 13 70 55 12 60 21 24 24 6 26 64 27 53 49 4 41 54 37 18 76 72 62 50 91 33 30 27 74 73 51 9 29 9 27 23 15 41 62 93 33 70 78 82 74 3 75 88 97 19 96 67 6 46 49 9 53 10 6 81 38 5 86 78 47 6 53 36 32 12 92 65 54 26 21 66 22 29 36 63 43 97 24 73 39 62 9 11 1 93 22 25 53 43 31 10 11 17 40 17 78 92 75 18 21 18 61 58 93 71 47 58 97 15 16 25 10 43 66 99 54 57 92 89 13 93 39 99 15 54 34 48 98 26 42 63 30 33 14 50 35 64 91 34 62 25 81 75 5 77 16 22 91 76 54 14 77 64 40 26 84 50 37 40 90 10 50 93 40 71 62 48 39 23 50 61 97 14 23 77 58 99 84 67 71 13 52 52 46 74 28 61 16 13 79 18 66 60 8 83 92 76 79 75 60 13 55 71 90 88 90 40 32 70 51 33 91 41 36 10 56 37 55 68 33 95 82 75 13 65 23 96 73 72 89 68 99 67 7 93 89 55 93 96 38 43 53 31 76 91 96 80 39 87 69 23 69 77 70 75 4 93 92 51 91 39 5 8 16 59 75 18 10 5 86 75 84 60 85 70 69 45 26 45 53 62 7 36 84 98 71 52 90 73 67 25 91 86 75 67 49 83 56 83 47 88 16 77 37 42 95 60 66 42 78 39 35 34 81 95 96 8 3 1 11 96 92 55 54 95 47 87 33 77 93 43 77 98 80 38 92 11 69 69 12 6 65 81 41 21 7 88 47 77 62 59 63 79 33 40 53 95 50 98 78 12
72 25 22 29 6 55 21 10 10 9 6 7 11 22 60 60 29 6 26 55 46 86 8 20 46 13 1 97 80 14 59 18 8 21 21 26 22 65 11 16 59 96 27 50 15 20 39 89 29 55 15 59 24 71 19 72 20 73 10 3 26 5 72 49 11 58 65 70 41 36 97 18 4 16 3 67 31 2 22 81 56 78 41 51 60 12 50 50 72 13 43 6 88 52 9 96 67 29 30 2 61 92 46 59 22 44 8 33 58 20 42 40 14 53 60 73 63 43 87 87 96 22 86 43 95 98 90 37 43 86 31 72 85 1 66 99 2 63 70 7 44 29 29 87 56 53 63 7 34 22 35 40 90 73 82 57 66 80 71 34 99 9 8 99 70 33 63 33 91 34 82 28 80 5 82 86 2 75 21 72 19 94 69 8 14 87 77 79 78 36 14 71 62 46 56 87 39 73 32 63 73 55 48 50 28 71 36 63 30 61 58 47 7 19 57 56 29 43 2 26 41 70 36 94 98 36 46 8 83 95 55 78 26 83 35 36 23 47 6 95 48 48 9 69 32 22 38 46 76 11 87 76 94 72 15 67 80 1 80 22 16 16 1 33 41 63 46 97 38 89 16 46 34 10 34 32 48 92 51 22 76 68 16 84 74 55 73 93 67 27 8 8 33 63 99 37 18 61 81 32 91 88 90 42 51 79 50 25 94 32 11 21 72 5 5 43 29 41 25 67 78 39 90 92 3 71 39 14 74 82 87 72 97 86 81 54 61 74 15 83 66 66 87 77 82 48 30 77 35 97 47 56 98 81 92 78 92 86 62 97 15 24 64 40 15 95 82 62 92 48 99 94 45 98 18 58 93 32 52 84 77 88 29 23 84 34 49 57 80 25 59 38 78 64 49 58 77 25 95 31 74 87 15 86 1 57 95 49 97 98 19 64 62 34 75 99 60 77 59 86 75 47 95 13 28 90 4 66 57 84 62 1 94 74 22 44 85 69 63 1 70 80 57 53 93 5 58 53 51 37 95 82 71 87 48 19 83 60 86 58 8 35 96 15 73 80 14 13 22 64 46 83 46 99 56 19 4 37 50 66 95 69 94 47 66 78 32 41 64 81 3 56 50 54 22 89 31 18 70 55
51 4 36 20 12 19 32 71 24 16 33 49 56 73 49 32 39 77 18 71 70 39 38 11 2 66 40 18 10 22 7 93 94 23 94 5 39 28 49 38 4 72 41 3 92 85 42 31 73 44 11 53 76 18 16 29 10 56 33 82 11 20 9 47 20 51 10 74 40 5 21 32 47 54 6 3 18 69 79 18 10 67 3 26 97 43 44 37 70 88 11 42 64 66 94 97 30 54 15 1 25 50 51 2 60 53 51 31 33 31 4 94 74 39 46 86 20 54 46 34 47 41 10 71 94 35 96 10 26 21 66 4 28 13 94 97 8 73 56 70 75 27 71 13 5 6 96 62 39 25 95 52 26 23 53 70 28 3 28 77 52 67 4 8 10 10 44 26 75 62 17 1 33 15 45 40 20 37 44 64 5 17 19 80 34 24 11 30 59 59 81 45 89 61 74 53 10 24 82 33 43 72 28 69 31 11 35 23 68 14 99 76 7 82 65 49 66 96 77 20 83 3 60 34 10 88 45 74 14 80 35 83 83 24 43 57 79 85 78 33 30 99 55 41 80 77 24 85 12 48 94 60 35 1 31 61 23 70 86 73 52 81 65 75 51 81 29 22 48 62 13 76 88 76 21 73 92 39 66 62 17 2 14 51 33 21 30 40 36 14 32 30 93 89 82 63 28 59 80 52 11 15 3 40 12 82 8 20 87 66 72 38 85 66 13 26 36 17 60 66 25 6 10 9 77 72 55 35 31 84 37 56 27 20 77 55 1 5 56 78 50 83 46 50 94 4 61 25 56 72 61 74 45 83 28 10 29 27 83 27 73 48 25 62 17 64 63 6 40 79 18 24 20 4 40 75 41 46 42 76 93 89 90 99 31 76 50 70 15 88 38 48 8 60 78 17 92 76 48 5 15 75 92 73 49 73 32 80 11 8 16 94 94 29 78 35 21 30 60 43 79 90 96 99 79 42 82 28 32 6 8 58 60 50 37 98 93 93 94 12 87 81 37 54 88 22 85 99 23 5 78 23 1 42 47 92 60 2 89 88 97 34 99 65 76 76 62 33 91 94 94 96 24 13 81 13 87 11 58 37 70 48 33 47 84 77 84 26 44 94 48 95 23 53 45 74 57 82 69 71
32 75 8 58 75 33 44 37 86 97 53 51 76 38 9 74 72 32 13 68 32 18 27 24 35 74 48 92 91 35 6 20 81 21 88 13 96 62 38 56 56 28 7 22 3 18 43 27 29 46 10 51 96 22 98 2 81 28 7 3 5 48 41 51 8 73 53 32 74 38 17 25 34 36 35 59 31 98 68 48 49 31 2 24 29 38 51 19 70 62 14 2 86 53 97 74 83 87 35 27 59 33 70 93 9 50 47 73 17 77 76 74 17 74 13 77 15 8 20 11 29 12 73 63 22 15 55 42 35 26 5 65 78 10 8 87 22 91 57 49 26 71 32 71 14 97 10 78 79 72 11 17 71 30 92 15 7 2 1 11 46 24 84 88 34 71 54 55 13 39 57 51 32 26 92 55 43 3 23 30 44 34 16 93 30 49 38 49 71 81 39 21 73 76 65 34 96 58 21 70 23 45 41 32 54 8 91 93 43 83 18 12 89 96 30 12 61 51 83 26 68 59 66 82 6 57 68 74 50 63 7 30 22 63 30 63 12 30 33 24 75 43 31 39 65 32 69 99 5 49 7 84 41 60 88 51 43 30 29 52 81 25 47 78 23 94 59 80 22 24 29 98 45 52 65 1 72 43 73 52 42 39 48 9 9 58 88 9 99 51 17 95 40 82 9 90 70 87 3 72 62 23 19 67 84 81 48 57 99 8 44 25 90 14 98 12 11 19 33 53 5 53 99 45 59 4 33 69 24 97 30 41 60 2 13 40 34 98 72 57 46 58 35 49 23 87 96 15 31 10 67 9 88 82 32 91 93 51 95 96 82 40 56 59 16 85 42 82 2 94 36 42 48 99 24 87 47 20 43 20 77 7 72 39 86 59 66 24 37 30 22 96 25 87 51 87 14 84 8 14 29 22 50 4 77 16 62 58 52 90 16 91 51 66 74 94 91 96 38 64 55 70 99 85 36 48 83 16 3 82 32 80 66 18 10 86 86 51 52 91 61 3 23 85 11 98 51 99 89 79 78 64 74 3 49 99 74 50 79 17 35 97 40 40 68 58 66 69 83 10 83 48 95 76 29 88 69 67 53 74 15 73 74 95 94 90 87 88 96 89 75 66 92 89 81 66 89 22 86 68
6 41 4 40 27 39 74 50 83 1 69 2 28 3 55 75 21 57 33 56 21 11 43 11 51 14 24 30 10 5 46 18 7 82 32 19 32 85 69 83 14 9 12 90 98 42 10 44 86 84 6 24 91 85 42 19 34 17 83 5 18 54 26 91 7 16 41 2 1 14 64 39 34 67 65 36 41 86 77 47 44 18 58 37 49 7 34 84 9 64 37 63 19 95 29 51 77 89 49 11 7 67 93 45 23 91 22 78 65 17 64 34 61 53 76 57 28 15 59 23 15 39 93 14 71 24 67 80 20 3 65 67 51 29 93 46 11 35 49 63 77 27 62 22 29 35 37 12 45 8 16 22 71 85 52 46 3 77 16 64 84 69 4 2 15 16 5 16 41 30 10 8 82 87 87 10 8 75 45 33 31 39 57 7 17 86 28 52 16 35 65 70 30 53 99 81 12 29 60 58 31 4 98 91 25 51 53 32 49 41 99 19 67 4 63 44 10 1 73 93 12 58 50 83 42 16 73 75 37 29 45 76 32 98 43 30 13 53 83 20 21 9 52 96 14 76 20 24 37 76 81 19 32 39 26 26 21 63 89 27 30 91 76 56 53 36 68 92 82 55 83 69 2 37 97 89 32 22 84 72 92 93 19 75 46 65 83 28 59 75 94 45 94 86 86 88 4 20 12 69 87 77 18 17 46 58 48 5 26 65 58 68 18 82 33 63 45 77 2 20 45 57 82 63 77 42 94 77 21 67 14 25 8 13 20 32 29 71 35 49 94 92 21 22 27 11 36 83 66 58 33 27 88 61 21 66 36 20 54 61 77 42 52 17 76 58 56 16 41 72 47 59 80 14 90 71 63 13 94 83 17 69 38 46 45 33 81 98 7 83 85 62 14 11 86 48 69 46 84 41 82 23 86 95 15 93 54 45 70 12 77 86 21 17 22 75 9 55 10 21 11 1 21 80 88 37 84 90 95 47 70 49 81 73 52 57 9 57 82 44 74 67 17 91 39 60 94 65 18 25 31 26 72 81 94 98 64 8 2 89 57 90 28 32 47 46 40 85 44 48 96 69 25 83 27 80 91 14 65 78 98 46 98 95 86 88 22 56 61 13 13 44 68 25 96 52 95 98 95 56
68 91 8 34 76 14 51 81 52 3 10 16 71 2 2 9 7 56 67 56 6 22 51 93 40 1 34 47 80 3 96 8 10 23 78 17 84 25 12 71 27 38 60 14 16 57 64 32 38 11 61 15 36 49 9 4 39 44 43 4 25 48 10 15 95 58 93 38 29 16 33 98 70 64 97 34 22 38 15 9 26 53 60 15 41 24 93 38 63 20 80 1 22 40 12 58 2 24 37 91 17 81 71 12 60 21 42 5 73 29 29 70 3 23 25 5 11 15 72 37 17 65 95 53 42 74 44 49 55 48 86 73 91 52 19 43 45 4 81 38 13 59 36 51 64 88 18 65 60 54 12 5 14 57 4 7 23 42 30 12 12 56 43 52 25 88 13 64 81 67 50 68 33 58 63 45 78 30 10 43 30 42 23 21 11 89 46 18 11 21 14 80 38 11 51 46 13 73 36 15 21 78 7 48 49 95 26 58 17 89 93 18 85 9 63 5 92 95 81 72 48 76 66 59 5 33 37 8 12 98 41 64 40 76 90 19 71 45 16 86 77 36 24 34 89 19 37 42 38 48 41 53 35 48 21 49 97 37 53 24 31 98 18 66 93 30 45 81 30 39 42 21 36 85 33 10 12 44 20 26 41 88 30 85 6 57 81 80 96 70 87 23 16 50 90 40 87 75 84 46 48 15 52 57 29 15 38 62 15 16 94 17 18 34 84 96 17 63 53 60 84 62 21 22 7 99 17 31 53 6 98 65 96 54 77 20 70 39 40 54 63 72 51 82 17 85 92 94 14 94 1 69 38 56 77 55 46 76 40 90 23 31 60 11 92 89 23 98 80 71 92 66 75 92 51 87 47 39 42 17 33 88 6 69 16 34 18 65 17 93 67 67 74 74 93 56 94 54 75 24 80 5 62 31 67 67 19 5 75 94 93 85 92 77 72 61 57 43 97 61 81 43 47 57 86 81 16 50 56 99 78 70 75 69 87 43 60 10 62 63 52 90 61 25 81 23 61 79 28 79 16 74 11 50 53 73 98 81 91 86 52 88 3 47 48 26 43 36 64 97 93 24 88 37 49 96 99 84 81 63 39 91 28 47 51 53 33 99 37 23 67 60 46 85 23 89 81 74 36 56
92 4 43 10 9 48 13 38 58 1 20 74 22 94 42 54 21 21 1 64 50 52 36 65 66 2 70 58 60 54 13 49 50 64 39 22 34 96 28 2 18 63 24 64 12 13 34 34 32 43 88 7 63 9 9 18 3 31 9 78 37 99 21 76 37 41 55 4 91 26 61 45 18 25 7 43 12 4 14 40 30 86 51 41 44 49 25 23 48 63 8 32 43 53 33 8 2 44 46 73 33 82 7 92 75 23 72 69 95 27 15 66 16 28 26 83 4 63 27 80 40 45 48 49 57 62 21 5 7 60 77 29 23 35 61 25 39 28 28 3 69 39 54 73 24 50 48 9 1 65 22 39 32 53 48 29 30 51 51 4 3 18 98 3 70 78 10 7 19 16 35 81 4 22 76 34 31 6 51 25 70 21 13 16 16 15 27 89 82 53 92 65 3 37 53 67 27 5 16 77 78 88 33 90 27 66 91 1 21 66 44 84 29 75 89 85 85 23 79 56 84 78 4 44 9 41 17 73 72 46 30 42 40 80 57 52 68 58 94 12 98 76 77 68 38 21 13 70 10 8 29 63 55 55 30 18 63 98 58 59 23 16 51 30 78 98 18 39 90 28 23 10 39 30 60 79 76 62 17 50 17 1 79 83 42 49 15 59 30 27 94 18 29 97 4 16 88 51 18 39 21 30 88 50 36 53 85 61 22 47 55 67 60 60 46 58 82 57 64 66 2 11 62 87 77 31 86 62 96 14 46 47 86 67 28 77 19 66 67 99 18 17 78 52 38 68 50 8 85 46 81 3 45 38 48 53 14 89 46 42 9 33 88 49 74 43 97 59 72 4 77 89 67 47 84 24 22 9 7 25 93 15 93 79 22 91 40 91 74 36 96 10 67 99 75 16 26 93 28 70 11 61 57 35 95 55 77 42 15 58 12 16 70 32 90 98 12 60 85 78 77 62 19 23 4 57 35 29 56 64 98 90 11 30 86 16 68 82 61 72 81 98 99 55 14 27 71 27 42 28 87 17 28 75 9 79 50 98 40 76 36 75 27 72 40 15 69 93 56 6 4 23 62 57 61 71 20 37 33 66 63 86 18 91 82 31 93 6 60 87 83 77 81 86 85 43 27 55 1 64
8 32 54 12 33 8 26 3 20 21 16 52 17 48 23 28 37 27 75 29 48 39 1 34 18 7 10 1 2 16 4 33 71 58 49 44 52 16 32 58 33 14 75 41 20 63 54 59 34 28 10 14 4 7 14 91 25 37 26 32 45 76 99 89 48 78 54 96 35 26 21 26 76 2 80 25 5 23 83 66 6 1 49 75 18 9 18 54 19 64 53 33 36 49 48 6 82 4 3 27 5 51 92 24 29 14 57 13 62 96 55 62 5 61 29 36 44 8 68 20 36 57 2 61 93 1 58 78 82 6 6 96 8 56 18 42 88 38 18 21 39 82 38 27 78 46 90 60 46 15 58 40 76 91 88 40 17 64 62 40 80 79 20 87 1 20 42 70 31 90 32 94 96 28 72 38 93 20 87 47 94 50 33 38 63 60 75 64 39 37 14 50 60 55 33 48 68 51 30 15 29 43 29 81 66 12 61 77 81 1 36 86 30 62 22 56 53 59 13 19 50 78 52 63 68 89 44 37 63 7 64 48 91 43 49 66 6 33 20 76 58 51 69 83 76 60 98 73 91 2 27 85 64 52 57 32 14 50 18 38 88 82 73 78 88 59 25 48 94 17 14 68 73 34 48 29 36 88 46 85 29 56 26 16 5 14 61 74 30 22 58 32 69 39 91 78 46 31 36 98 97 59 62 56 39 36 77 90 50 73 60 73 79 18 70 31 28 97 86 63 78 12 98 8 38 7 50 74 20 25 25 99 93 43 86 10 93 92 98 24 87 17 16 80 87 82 26 34 87 70 2 98 57 70 93 31 63 48 6 21 22 59 17 58 79 54 31 90 58 10 52 46 14 84 67 19 4 73 41 67 37 3 37 29 30 97 78 45 98 24 41 10 90 44 45 98 88 94 12 51 52 87 35 59 45 41 51 60 44 18 80 82 93 2 94 42 54 61 50 24 87 50 29 80 77 30 1 91 63 62 20 71 28 82 50 41 39 70 48 22 21 95 46 91 2 60 15 34 56 69 83 96 79 92 11 59 72 90 58 23 90 77 50 45 20 52 21 47 35 99 9 74 26 31 23 21 74 61 59 18 58 74 42 84 82 25 59 46 35 21 77 91 80 58 30 9 68 39 68 29
15 34 12 53 50 5 11 39 49 86 12 41 68 16 78 85 49 4 91 29 53 45 5 56 74 18 23 2 26 56 67 38 86 17 13 14 22 22 51 70 55 38 3 86 92 93 34 24 45 94 23 20 4 63 47 13 55 5 93 29 26 64 56 11 97 3 96 45 70 68 29 78 13 90 2 81 13 27 23 35 39 28 15 41 61 49 72 71 71 11 24 58 80 2 63 48 88 53 81 91 32 8 33 35 54 31 15 2 75 16 32 29 30 18 15 88 20 28 41 52 65 85 8 13 83 8 41 2 24 58 82 36 43 24 14 43 66 40 43 57 45 16 41 3 93 28 24 37 64 60 26 98 68 56 12 83 24 93 77 83 27 15 58 27 53 15 36 66 71 77 89 24 94 74 25 90 86 78 10 66 15 20 87 1 35 48 83 37 99 55 37 8 87 66 73 19 13 32 18 11 98 89 22 62 46 30 73 95 79 50 87 31 2 1 40 23 1 29 78 77 33 2 29 42 68 54 58 88 30 61 92 6 63 54 75 83 41 46 10 96 79 62 28 61 71 99 26 67 22 89 92 41 39 99 66 7 24 99 16 53 46 80 41 9 35 29 38 32 42 40 83 44 94 90 1 94 48 36 15 45 98 15 54 64 61 43 37 44 43 13 55 36 55 50 23 23 4 19 92 77 86 17 35 16 56 41 88 52 34 64 31 10 94 61 80 25 59 45 36 62 34 8 10 43 6 59 72 62 25 47 37 6 13 76 69 48 35 58 1 58 77 41 72 38 8 13 29 62 48 50 92 32 3 2 89 66 48 18 38 32 96 70 39 78 61 53 10 24 85 95 59 52 77 47 90 94 52 65 40 41 4 64 74 2 78 24 49 79 65 68 33 92 50 90 48 65 53 16 84 65 51 41 16 61 93 95 37 82 90 48 36 92 17 17 54 42 40 41 79 61 1 58 98 90 55 78 63 40 50 86 82 71 75 82 99 99 78 98 49 48 30 70 73 37 13 17 68 98 40 72 24 66 70 83 70 47 31 69 69 87 5 51 58 77 96 86 42 47 50 75 50 81 45 84 96 88 88 88 79 74 53 94 57 87 32 89 42 95 49 89 94 18 91 34 98 80 92 69 60 29
40 30 19 75 57 70 19 6 24 11 61 20 53 53 46 19 63 49 12 56 62 7 37 59 31 58 54 10 80 11 27 9 5 65 7 52 92 24 26 58 59 32 77 43 53 89 25 4 34 2 57 53 10 16 66 88 18 9 57 69 83 30 45 61 34 21 37 13 55 58 75 69 73 49 69 74 68 37 77 22 20 1 84 19 47 16 7 2 33 4 51 42 79 15 2 2 6 86 74 21 63 18 51 77 83 27 24 60 35 41 51 71 94 10 9 12 18 73 48 17 47 93 17 33 42 39 10 82 41 51 39 31 23 15 90 61 65 2 50 93 46 65 25 2 19 14 30 91 46 67 93 88 80 80 42 2 94 88 12 76 19 79 71 26 68 55 53 64 7 18 87 65 32 90 45 44 1 33 72 12 66 19 22 31 14 14 29 73 7 9 74 5 19 79 39 59 37 75 49 93 55 85 15 18 56 89 96 91 84 12 59 37 95 2 20 93 45 49 2 66 91 49 14 3 77 8 7 21 72 70 93 16 42 28 27 94 82 91 91 69 95 37 54 93 43 38 88 46 72 52 1 89 62 50 72 67 9 75 82 65 89 39 85 43 33 29 16 6 39 33 77 63 16 57 79 20 52 82 33 89 27 58 57 98 86 96 20 53 20 38 76 49 20 21 39 18 93 95 75 66 15 79 18 45 44 5 53 85 11 91 60 77 75 96 26 15 78 8 56 58 6 10 64 49 69 60 41 25 11 20 56 35 66 86 32 98 15 58 62 17 53 24 84 27 43 75 68 52 95 41 76 60 5 71 56 52 54 25 99 52 45 67 54 65 81 98 54 55 87 36 82 76 20 83 25 76 63 60 92 68 81 47 19 37 58 83 46 17 73 59 79 30 94 74 16 84 52 66 32 81 75 63 31 65 19 7 83 33 39 87 82 15 15 62 18 10 77 48 9 16 29 69 91 99 55 79 63 39 89 79 58 59 95 13 27 78 46 82 58 70 92 50 93 69 80 53 97 35 78 83 3 76 95 24 26 45 97 65 89 12 96 56 38 47 87 92 71 93 59 20 45 13 90 28 25 39 20 21 40 61 49 66 98 97 26 4 83 69 95 51 82 42 55 92 76 64 51 74 62 56
22 8 47 11 35 1 6 47 29 33 71 6 44 90 59 22 80 24 26 5 9 23 55 85 12 43 12 81 14 5 10 76 21 36 46 87 6 2 63 6 47 29 14 27 76 46 33 12 54 19 55 85 20 10 3 23 55 31 66 21 28 1 33 42 62 38 4 20 18 66 17 41 16 54 53 22 39 78 55 64 9 11 32 88 56 69 98 24 29 43 6 78 63 54 56 6 30 15 16 43 40 14 1 16 93 52 9 54 27 89 68 73 61 30 24 86 62 94 21 87 11 68 1 47 11 85 3 93 24 83 67 71 66 18 6 24 38 15 50 45 2 69 64 65 60 97 25 96 25 92 50 84 13 39 18 73 47 55 44 8 40 55 54 6 35 74 71 78 66 85 56 85 81 66 8 68 78 87 57 83 6 43 55 65 25 24 74 38 12 53 47 47 95 2 59 49 3 85 31 99 70 52 13 56 32 67 54 56 70 43 24 62 54 20 51 28 97 30 61 31 59 92 56 21 5 61 83 68 6 48 50 78 14 38 47 40 94 66 97 23 38 40 43 45 10 77 42 8 64 87 69 3 53 25 82 91 92 92 7 73 1 20 17 12 19 51 54 75 57 66 68 24 87 66 45 41 54 3 38 85 7 14 71 56 11 45 5 80 25 80 1 69 53 38 47 79 53 16 77 47 40 96 61 39 45 36 1 20 46 49 19 23 4 37 18 87 83 3 8 7 43 97 8 41 96 86 75 81 79 49 88 29 43 78 25 17 25 8 48 55 50 85 61 83 66 73 48 54 8 34 23 73 88 99 18 25 43 58 68 84 53 98 48 73 56 30 23 80 91 20 28 59 46 9 80 99 51 98 98 84 88 95 89 44 72 81 29 21 97 93 10 10 1 48 26 63 42 26 12 99 96 90 54 35 70 19 98 92 16 80 68 78 59 93 8 78 36 74 95 43 89 94 38 44 28 64 27 71 2 87 34 25 35 58 96 15 35 54 61 64 89 1 28 27 89 66 35 40 53 76 93 87 87 75 94 70 15 70 59 62 95 96 1 55 82 14 65 55 12 68 82 93 91 87 48 71 69 77 57 65 63 93 56 26 25 69 71 91 92 88 53 27 99 73 51 68 84 92 50 5
2 24 53 1 69 13 60 26 4 75 10 22 28 29 16 4 2 5 18 46 27 9 79 24 63 8 77 11 47 29 37 1 1 7 39 54 31 57 65 19 77 83 72 27 83 29 53 56 21 41 48 70 86 12 79 12 14 48 57 17 48 22 48 75 67 34 37 34 35 4 20 13 60 13 99 14 51 84 26 15 97 37 71 38 17 29 95 27 2 58 35 13 19 50 76 91 37 99 72 37 54 59 21 53 45 14 61 26 9 40 7 73 76 26 94 3 99 14 99 79 34 2 90 81 19 75 3 37 96 99 28 29 11 40 27 47 32 10 34 69 13 60 50 32 41 12 87 40 31 97 88 27 43 12 46 37 62 18 90 59 42 94 29 96 26 8 85 3 49 49 49 54 95 31 1 68 35 37 56 9 42 86 90 78 40 4 44 52 83 71 67 17 85 66 19 16 53 84 65 79 47 20 50 37 34 66 35 43 6 88 65 74 78 53 53 83 59 70 21 13 29 12 92 71 79 46 99 82 83 67 88 13 50 88 80 45 10 92 54 42 52 34 10 12 32 25 47 89 77 10 78 49 48 82 34 79 41 29 22 83 14 54 36 75 58 88 98 67 18 80 93 90 96 99 51 97 99 40 78 56 83 6 87 37 97 21 3 45 60 91 16 57 85 84 45 41 43 86 66 20 40 50 70 98 50 66 74 53 33 25 18 81 25 67 45 32 44 88 81 6 79 61 43 25 34 66 71 31 81 25 11 83 81 3 37 69 70 18 75 26 70 37 28 64 37 25 56 67 45 97 87 94 52 15 97 71 74 48 55 97 36 19 45 30 9 58 55 26 87 39 65 39 1 78 33 6 29 8 60 29 30 47 21 87 64 15 85 92 29 46 40 20 40 63 50 99 23 14 54 55 93 67 62 69 41 86 9 89 98 3 41 39 8 31 23 95 87 74 70 42 78 50 64 7 67 3 91 20 89 19 77 75 78 26 35 37 63 63 83 80 50 62 82 90 93 63 97 81 79 37 33 97 36 81 86 51 50 72 85 53 1 43 98 87 84 62 56 51 97 54 77 46 47 82 68 90 90 98 99 99 81 27 48 23 19 52 36 35 66 18 88 80 82 11 77 81 70 93 98 46
23 81 59 30 35 10 21 82 31 2 41 22 11 76 53 17 6 62 43 33 38 91 4 28 38 98 15 4 99 46 53 21 5 23 57 80 50 7 28 15 50 1 3 64 20 30 16 33 58 69 12 63 14 84 31 53 50 11 39 86 44 91 32 6 1 74 59 44 12 6 53 2 27 30 62 66 65 7 21 60 28 39 19 96 4 11 29 33 13 85 74 55 29 26 44 72 35 5 93 9 80 17 36 14 87 77 16 44 85 75 35 36 7 67 76 6 96 25 28 3 45 3 89 2 36 82 20 94 88 44 53 15 5 78 74 40 92 49 49 17 99 27 34 95 15 58 44 52 64 6 37 70 8 7 1 15 59 43 46 1 76 90 6 92 85 60 28 13 34 63 12 59 2 32 11 22 30 80 29 12 57 96 88 69 94 58 81 42 69 10 71 4 4 18 9 7 43 4 31 88 49 33 95 31 22 1 33 43 50 50 34 56 86 82 93 88 43 37 82 95 57 47 13 28 97 43 22 80 88 28 65 91 58 86 55 33 63 44 5 49 18 19 62 6 31 75 11 16 93 76 95 43 13 69 84 59 81 3 9 44 41 24 33 59 13 49 48 9 24 99 55 81 12 6 34 52 48 11 46 84 63 59 87 13 48 92 41 30 51 99 99 79 51 60 3 58 50 76 14 53 73 84 14 60 46 36 46 95 42 55 95 93 27 68 63 35 78 36 39 64 88 35 87 68 82 27 59 1 60 81 28 87 2 81 19 80 15 30 48 92 55 84 96 71 82 79 86 15 92 46 12 73 91 80 29 66 23 51 65 21 63 73 87 60 55 40 44 13 14 76 93 41 86 27 41 33 24 77 66 74 69 91 80 71 24 45 74 62 51 26 7 61 35 25 79 49 2 7 46 42 46 57 95 82 77 59 39 46 65 87 98 1 17 91 93 44 60 62 52 98 50 91 6 87 69 91 62 20 72 49 82 88 13 91 62 61 71 13 75 64 74 84 86 50 31 62 95 78 99 92 94 33 25 91 87 97 15 78 5 52 82 10 65 66 51 94 90 81 42 71 83 68 40 69 62 96 64 92 25 17 97 35 34 57 64 74 89 23 80 44 66 58 79 79 25 66 50 83 47 33
56 20 34 5 92 86 19 36 4 62 72 91 10 22 42 53 16 62 2 37 13 86 78 30 42 5 97 32 67 73 45 93 43 1 50 3 16 30 99 76 47 43 27 6 24 14 59 31 23 23 38 45 67 42 37 89 38 75 44 26 82 32 83 34 44 57 30 94 76 76 39 22 27 30 35 28 79 32 5 21 66 37 24 37 13 12 15 73 47 1 34 87 11 65 54 25 12 63 54 77 48 18 72 34 31 11 83 78 7 47 47 6 77 75 29 11 6 66 10 62 96 28 37 3 8 20 18 6 93 17 54 28 35 52 16 66 52 29 63 23 77 68 39 79 19 28 32 82 63 70 82 30 60 24 23 81 34 10 37 78 52 34 29 37 8 73 88 99 62 87 58 70 28 23 59 13 88 92 63 9 18 55 17 88 67 50 74 34 47 10 93 71 14 49 84 30 68 76 78 13 5 19 3 17 22 81 44 18 5 92 29 36 17 66 73 32 25 61 91 39 3 7 25 28 33 25 30 20 5 9 9 68 35 30 12 20 80 42 52 23 67 17 94 48 29 37 96 24 21 49 13 11 14 27 40 20 93 28 88 23 59 9 41 30 2 19 50 34 69 77 12 92 53 22 39 83 2 73 43 1 64 13 64 84 77 40 23 69 51 80 62 71 91 69 38 57 31 7 20 92 25 53 63 1 81 69 81 20 8 66 27 99 24 6 38 86 23 20 49 92 62 33 89 19 19 77 73 77 35 33 57 48 10 41 41 58 95 59 80 60 83 77 3 27 17 89 90 54 86 1 41 20 54 30 48 58 90 32 6 54 97 60 96 63 44 4 99 68 8 5 36 45 82 6 40 38 95 99 52 44 86 65 44 15 59 58 93 91 67 87 76 99 76 35 88 7 37 65 48 90 1 91 53 58 76 97 71 55 63 67 96 7 69 88 11 45 75 54 49 33 85 9 44 2 70 99 93 23 98 42 14 93 23 27 72 81 46 87 98 77 71 98 12 65 31 84 89 18 76 96 89 25 64 65 92 95 88 37 5 83 6 91 71 72 5 98 70 64 39 6 15 27 46 46 69 10 14 76 21 8 91 72 72 64 94 73 28 93 70 95 99 81 30 66 56 74 16 49 7 37
6 6 1 54 3 78 86 8 34 82 96 2 43 76 99 22 58 57 7 27 27 74 39 5 71 81 66 99 19 49 40 53 11 75 28 36 29 16 95 8 94 38 30 38 16 39 62 10 38 4 95 31 10 82 84 58 88 49 53 97 7 20 62 34 3 21 2 8 34 1 59 30 14 48 14 39 34 10 62 81 88 94 25 69 33 99 51 39 66 77 12 76 33 9 5 45 35 7 14 14 1 14 41 50 13 85 31 18 10 60 87 1 16 62 96 27 81 79 15 86 81 60 7 48 23 48 67 23 51 74 24 89 76 79 57 45 18 49 37 21 62 25 20 94 59 38 71 16 24 30 35 50 73 23 62 64 56 46 65 75 21 2 20 15 78 77 23 74 54 25 95 47 44 90 37 60 3 44 13 98 50 22 48 92 86 65 51 19 5 71 40 97 23 57 50 60 63 51 80 58 46 89 68 69 28 47 2 87 32 48 2 44 67 45 21 49 5 14 20 66 2 37 88 42 65 86 77 21 3 10 32 14 42 55 85 75 37 10 45 95 62 39 3 91 96 50 26 83 93 58 98 25 25 93 15 96 51 57 27 59 96 27 92 26 92 33 44 37 89 6 85 35 81 28 14 19 61 56 40 37 79 85 2 26 65 88 97 15 74 94 28 55 59 12 52 73 82 86 3 23 57 13 20 61 26 39 30 19 83 32 28 52 70 98 50 35 68 89 56 43 79 97 8 86 20 57 28 92 70 78 48 82 95 85 17 20 45 4 30 55 25 36 18 32 17 10 42 33 7 24 35 64 86 79 89 58 8 87 20 16 46 14 98 70 94 60 62 28 96 43 8 70 48 53 36 80 55 88 89 35 55 7 7 62 10 31 3 42 53 88 29 86 77 36 18 62 63 76 59 86 89 77 94 51 52 54 93 96 14 45 68 18 71 53 91 86 95 45 8 64 85 94 75 68 65 9 98 84 53 75 52 27 2 83 81 61 35 65 27 89 67 21 83 51 95 92 82 65 56 91 22 89 72 21 87 11 98 68 43 73 49 72 92 44 79 13 69 1 78 96 78 55 97 98 66 34 71 70 81 93 68 41 9 84 89 95 90 97 76 79 79 66 79 67 69 65 67 48 86 27
16 22 52 95 2 20 27 21 68 13 16 59 2 1 5 26 43 72 87 31 84 94 49 60 36 45 76 81 17 66 21 42 31 38 17 68 45 96 12 50 81 6 97 31 20 92 40 83 74 43 85 58 14 4 47 66 32 93 14 11 57 60 26 16 29 27 8 27 80 93 60 14 68 75 4 10 35 58 21 60 42 1 79 21 66 20 39 79 4 83 90 37 75 47 43 68 22 21 71 28 78 31 8 59 18 22 61 59 10 58 77 14 85 3 36 25 96 37 8 19 34 56 67 78 43 11 88 16 12 21 92 68 18 36 44 69 70 45 93 5 94 24 83 51 77 37 48 92 91 39 69 64 14 41 10 72 93 52 4 60 46 92 13 15 10 10 93 38 56 73 26 38 6 13 75 62 76 1 67 23 21 15 68 95 45 85 57 15 9 59 4 55 39 5 52 98 54 4 81 7 65 77 98 21 75 64 9 7 93 2 55 63 53 92 12 70 76 82 3 81 84 14 12 34 69 32 82 47 63 91 24 36 93 51 13 48 19 23 77 84 44 28 83 33 25 91 34 55 15 13 44 35 48 16 93 66 31 19 95 28 51 6 50 92 14 26 74 43 49 63 41 27 55 68 92 29 17 39 70 18 12 55 19 40 82 23 76 72 29 19 46 96 82 52 78 44 28 38 64 16 31 92 95 57 86 60 29 53 95 54 35 21 50 25 81 91 98 77 93 27 80 98 92 63 77 88 43 10 85 67 35 38 4 90 17 29 66 28 44 64 25 18 30 57 45 74 76 87 15 5 20 84 42 37 40 98 48 91 93 12 40 48 22 27 34 27 18 57 8 27 89 32 69 19 73 70 92 90 20 90 37 41 63 72 82 75 37 28 57 1 75 68 78 55 86 21 43 37 82 58 31 27 23 27 93 10 65 94 81 13 20 69 13 99 60 20 67 96 91 83 56 6 63 71 88 90 88 97 38 51 49 47 80 22 38 9 40 50 29 92 10 20 33 45 86 86 2 26 46 87 89 92 65 12 10 70 4 86 84 72 69 26 74 97 85 13 43 87 96 51 30 99 37 61 73 63 32 23 65 98 25 96 84 39 90 87 65 75 24 72 39 58 41 91 60 87 80 60 94 31
14 4 37 13 3 53 37 17 7 54 2 66 62 4 26 2 22 61 91 47 53 10 91 29 50 10 1 45 11 15 89 24 77 3 23 63 27 27 26 14 58 8 25 42 50 3 18 65 19 24 42 79 36 60 85 20 3 41 18 21 85 15 37 2 65 4 58 25 20 64 22 55 9 22 24 72 94 45 51 29 28 68 4 41 67 62 21 39 21 6 23 25 21 79 86 14 81 28 29 65 63 95 89 12 11 40 19 49 38 61 32 26 40 36 18 94 75 13 78 35 89 10 18 25 2 24 94 49 83 15 21 26 60 98 9 5 20 44 10 87 36 16 42 57 70 13 52 12 32 37 69 68 7 27 99 93 93 6 11 1 36 18 86 39 34 83 26 89 30 1 63 31 19 88 34 19 25 4 77 76 69 40 24 28 93 42 21 69 75 90 36 78 80 92 8 37 86 49 32 31 45 20 17 27 98 24 41 63 19 21 34 52 25 96 11 13 90 69 55 34 49 99 94 5 86 22 13 16 62 32 92 35 75 11 73 74 71 49 71 67 36 71 24 16 77 64 78 46 60 74 9 77 93 5 67 60 97 74 70 76 30 84 25 85 73 76 12 50 32 62 94 62 87 45 55 99 32 54 82 40 54 81 95 38 57 49 25 15 52 25 34 84 24 48 53 85 80 47 49 71 80 44 88 43 97 50 85 66 46 68 88 21 59 23 89 39 60 75 24 95 30 87 41 84 59 51 78 15 57 51 91 51 98 9 95 86 88 91 82 55 33 66 59 21 72 41 12 55 66 73 89 16 25 38 65 58 99 56 23 25 89 87 65 91 83 32 89 35 3 52 5 13 48 56 40 52 37 57 72 88 19 69 78 50 74 36 94 37 78 45 21 42 60 26 59 46 60 2 4 9 61 58 16 96 14 33 93 68 14 29 3 28 89 81 36 46 37 9 40 41 45 93 72 91 83 8 9 87 91 7 94 47 13 35 87 13 52 58 87 32 52 7 82 56 54 84 28 84 83 43 63 20 42 43 83 78 95 88 90 7 75 63 74 56 51 80 90 60 50 66 38 48 73 52 34 94 46 48 62 83 20 2 81 81 79 3 47 74 53 5 97 52 54 40 96 49 93 51 90 47
14 47 1 8 9 39 31 15 41 70 20 16 37 24 44 37 77 11 25 19 8 45 38 38 11 80 28 12 2 79 3 63 15 92 8 44 2 23 39 4 18 92 99 31 47 23 79 38 21 22 33 5 60 45 2 64 95 5 33 62 95 78 21 41 49 77 19 19 65 97 53 51 97 18 25 18 33 81 31 45 84 63 73 62 39 70 1 24 39 18 67 71 29 30 5 8 66 50 1 46 8 67 2 37 75 95 77 34 88 41 2 2 85 35 90 71 32 24 22 48 19 9 9 69 2 40 34 40 30 80 10 44 13 36 32 22 32 89 45 36 27 94 20 4 30 50 50 58 49 94 25 8 73 40 42 6 44 24 99 63 93 39 86 92 93 34 18 68 64 42 66 33 23 9 11 34 64 60 71 77 83 44 56 39 40 54 11 58 68 62 10 36 49 12 53 77 95 69 67 97 1 8 86 52 70 25 4 46 60 1 32 38 1 22 50 1 26 68 32 29 92 76 72 94 52 51 39 37 24 66 65 38 56 22 41 23 40 61 26 13 8 89 76 3 31 2 44 87 75 49 24 15 70 53 35 16 1 37 24 39 88 89 96 78 56 79 68 31 61 78 60 7 25 39 71 68 12 58 31 26 3 47 69 61 86 14 77 86 99 50 2 34 15 1 14 43 67 14 28 30 27 16 73 99 19 91 26 99 90 2 70 82 55 16 40 50 77 24 76 67 79 74 14 20 80 22 8 93 27 66 63 36 90 5 95 95 93 75 63 36 99 63 34 22 45 53 68 63 28 58 58 55 5 73 62 1 50 81 69 47 13 41 72 61 85 32 51 68 42 85 26 96 79 40 81 15 91 6 21 26 51 63 95 4 76 6 20 18 60 79 79 65 60 12 54 8 86 94 98 89 65 37 97 50 36 99 5 23 79 68 71 73 71 70 32 12 95 73 35 98 43 34 7 4 35 56 29 80 84 67 11 69 98 89 88 87 74 42 58 78 66 39 85 83 40 36 27 16 38 64 19 47 35 67 22 15 62 64 89 77 78 23 52 47 92 73 96 62 22 60 92 37 55 36 79 91 96 57 85 94 52 41 99 76 79 53 98 39 44 58 94 48 83 86 90 36 89 99 84 19
40 34 16 11 38 54 36 43 1 41 37 4 3 58 40 16 17 8 53 29 75 19 72 18 53 24 46 9 5 92 74 56 64 21 6 90 28 66 37 50 2 24 22 48 33 31 24 65 66 10 59 62 63 3 84 23 77 59 56 92 54 18 29 14 50 62 46 65 37 92 3 77 96 65 45 13 67 42 28 11 50 42 19 21 40 69 42 57 76 70 64 55 4 21 47 45 27 18 59 61 87 37 54 41 22 56 72 87 25 62 37 56 20 17 24 18 76 72 40 99 29 97 38 85 9 30 22 89 55 63 49 15 52 71 36 1 68 94 24 78 41 62 75 44 80 75 54 1 70 46 46 29 75 97 52 65 92 86 13 71 70 7 87 38 89 47 85 23 48 15 22 62 13 81 15 46 57 78 59 76 93 58 72 60 87 2 78 49 8 40 76 73 30 44 12 56 8 40 28 43 58 32 95 77 75 61 45 47 57 59 78 12 78 8 65 42 32 26 40 64 76 94 69 31 78 87 14 62 91 33 7 80 83 19 15 36 67 7 25 53 20 70 35 79 44 53 72 15 50 73 42 31 72 30 51 28 5 8 74 39 81 11 42 11 94 2 76 86 13 23 37 37 10 59 47 18 74 49 55 54 49 83 90 13 51 92 13 17 21 40 70 19 47 43 62 27 80 52 45 96 44 80 39 85 92 18 99 94 66 87 4 56 40 91 22 49 22 58 97 25 14 75 46 57 61 24 89 97 76 45 95 56 26 54 77 85 26 47 29 10 4 11 96 87 99 40 46 79 78 94 54 88 52 9 5 76 49 40 59 73 78 82 46 13 24 49 82 93 29 73 56 12 85 41 3 7 1 95 34 70 60 83 61 83 49 61 77 28 54 34 86 93 12 27 33 50 41 86 81 61 93 98 74 6 88 95 77 24 91 49 97 57 47 65 66 19 65 3 82 39 45 49 49 24 7 57 63 81 25 85 63 21 95 95 65 90 42 15 12 36 79 24 62 29 43 91 2 72 47 72 66 92 73 29 57 63 30 61 41 52 83 43 92 98 23 40 91 61 72 85 93 79 85 35 67 96 27 86 93 20 67 54 80 9 69 22 74 67 50 94 29 78 13 85 78 46 78 13 46 29
