20 500 30072 21.70
36 17 23 33 18 11 57 45 88 31 54 6 30 24 81 10 2 13 4 84 29 23 54 39 34 5 11 54 92 35 13 76 24 23 80 12 61 1 49 7 56 73 88 41 13 16 13 51 23 37 60 59 47 24 36 63 97 25 3 68 37 43 49 83 68 17 79 21 38 24 71 46 32 31 66 21 18 23 73 70 6 89 32 39 23 69 53 52 91 68 25 34 54 57 22 21 40 19 35 63 10 36 15 9 87 89 60 33 63 19 37 19 14 63 23 37 18 67 43 34 99 95 59 29 5 38 79 77 95 6 65 89 90 1 95 56 22 97 72 16 53 72 9 39 25 5 87 71 15 4 42 71 14 7 31 95 33 21 11 46 93 17 80 75 79 63 50 47 20 87 33 12 46 95 88 40 49 64 29 53 54 18 49 55 12 13 3 24 64 44 39 41 67 26 90 27 60 88 23 55 96 74 97 38 58 63 50 53 19 78 34 7 67 35 47 94 27 70 20 84 2 53 45 98 34 85 32 4 81 75 79 80 77 63 95 14 87 50 26 8 68 33 80 26 57 77 25 78 1 38 55 17 9 51 3 98 65 38 40 56 77 66 67 33 85 23 22 48 27 58 52 96 59 98 60 21 63 19 51 13 88 26 68 78 11 25 91 68 92 7 5 61 71 53 88 55 76 35 4 5 68 78 76 87 59 21 72 93 16 55 65 51 53 92 92 2 30 13 28 39 69 36 29 32 39 86 25 87 23 91 24 91 30 86 96 85 81 93 94 7 65 6 97 83 56 57 25 34 64 57 18 90 11 62 89 1 93 84 49 33 87 94 49 66 31 74 47 69 57 58 64 90 87 39 38 93 73 87 33 51 86 21 95 55 92 19 54 19 42 20 90 98 74 89 97 87 58 53 5 67 68 78 50 8 17 41 30 91 48 90 99 49 30 99 20 8 51 18 8 11 5 87 83 59 15 18 77 1 29 59 83 32 54 35 95 76 82 73 99 81 42 67 49 55 85 17 65 84 84 77 71 1 25 72 46 90 95 40 79 39 54 6 81 99 91 72 81 76 74 83 72 59 46 21 99 5 2 83 32 5 77 67 48 58 63 99 26 24 90 23 58 39 16 27 93 50 72 95 67 84
69 38 59 19 21 31 23 47 4 3 18 87 8 27 64 44 35 48 62 51 43 21 89 9 52 72 6 27 52 7 25 52 12 81 14 29 51 70 8 41 26 83 23 23 51 11 7 43 62 4 92 48 66 3 77 17 36 34 79 58 59 44 46 66 50 37 85 66 22 40 16 46 10 36 26 7 31 89 8 72 29 40 2 56 27 65 92 71 55 13 63 43 62 25 30 71 21 25 30 71 7 53 22 28 26 49 25 89 90 47 40 44 60 17 55 17 24 99 91 7 15 97 42 13 70 8 67 72 64 82 57 29 41 16 40 31 80 68 17 50 53 15 8 42 68 79 63 15 10 84 16 22 54 4 50 23 30 4 78 93 16 78 21 48 65 19 24 11 40 28 89 20 47 82 44 71 22 8 52 84 77 5 64 52 3 27 33 82 39 17 20 60 45 96 54 42 43 72 37 80 32 82 92 11 20 77 38 7 68 34 70 77 23 51 27 12 28 28 88 12 61 85 10 44 20 65 73 21 20 47 88 51 45 21 19 74 63 15 79 5 69 71 31 67 44 48 26 44 92 86 87 26 2 76 37 98 59 23 58 14 94 83 11 39 22 67 40 60 43 26 32 93 39 70 51 87 65 81 55 50 75 68 71 49 68 2 60 40 90 97 43 93 3 72 67 5 62 12 50 83 80 4 60 41 41 67 12 35 19 35 67 63 72 2 49 3 37 48 35 28 43 59 62 51 84 9 69 37 7 62 8 1 66 35 55 96 55 78 70 21 61 97 96 91 20 92 82 81 99 97 17 65 90 95 1 23 33 7 82 95 60 99 7 65 90 9 21 74 38 32 71 60 7 14 95 25 8 86 36 72 9 50 33 91 81 60 29 27 4 20 96 12 70 18 97 33 6 95 11 56 32 28 13 52 81 80 33 2 62 49 97 88 41 35 86 71 86 74 37 73 93 47 9 89 77 93 14 77 64 51 30 59 77 47 52 82 55 43 91 25 11 63 90 97 53 63 59 70 36 95 46 66 84 24 87 35 97 42 86 52 75 99 59 51 75 75 45 79 98 8 26 86 2 77 75 67 71 99 77 73 10 11 94 59 88 90 95 65 45 72 23 84 39 61 58 98 67 19 15 51
28 59 3 13 7 35 63 17 45 55 93 19 3 13 23 15 29 27 49 82 21 27 79 40 34 11 21 72 28 29 13 5 1 84 63 91 14 28 7 8 74 42 43 55 42 7 70 30 94 99 34 47 34 33 8 70 50 26 25 38 76 92 2 98 25 19 89 65 55 1 17 7 45 12 11 24 33 24 4 42 48 37 20 6 19 15 62 77 50 60 87 11 13 65 39 17 5 11 48 21 9 34 92 20 27 7 86 62 1 2 68 66 49 12 2 36 57 41 83 67 53 24 14 74 51 30 29 91 29 70 30 8 19 22 30 65 16 41 3 52 18 25 18 44 65 63 85 20 6 94 53 39 30 58 99 80 2 93 51 78 31 82 12 23 19 22 84 52 26 37 58 27 17 17 80 9 13 35 65 22 52 23 27 73 61 29 91 16 8 24 71 85 35 13 78 10 65 91 60 36 91 92 3 25 80 82 63 88 75 77 42 26 74 82 30 14 27 35 96 29 57 11 93 78 67 21 43 48 21 13 46 19 58 64 97 59 92 24 56 68 4 6 4 29 26 76 59 90 62 17 32 72 18 59 94 11 52 94 3 99 3 39 26 79 49 22 21 58 59 45 92 88 2 43 82 91 42 90 39 52 96 30 88 23 10 53 20 17 51 12 2 7 71 32 77 81 54 91 54 55 67 68 87 40 23 94 75 10 26 43 51 18 61 55 46 55 18 91 71 96 49 85 40 44 63 79 40 50 15 46 93 58 56 81 50 62 96 44 63 4 68 84 32 97 78 81 48 6 11 1 83 85 60 55 53 35 20 20 61 74 16 85 60 26 44 13 43 4 93 42 46 2 84 12 78 12 60 47 61 41 74 90 5 28 6 93 68 66 89 47 21 59 40 75 51 71 52 40 73 99 65 77 65 65 96 54 81 88 37 48 96 39 46 65 90 94 98 70 48 82 81 58 55 59 84 47 48 38 33 70 18 99 96 51 48 39 73 80 43 98 54 39 46 95 93 26 92 69 34 63 81 56 22 35 16 68 53 5 7 94 83 78 9 78 9 99 65 74 40 82 65 91 91 99 31 95 62 5 92 95 97 37 32 45 48 28 68 88 85 65 79 97 96 83 85 29 22 91 99 82
21 39 2 25 9 51 32 5 75 5 18 40 38 3 25 8 47 4 29 3 42 30 57 42 94 54 17 1 14 74 18 28 5 10 81 16 33 3 19 14 6 46 23 10 34 23 56 81 80 60 56 50 19 20 39 29 43 20 87 77 57 63 79 61 37 20 6 30 23 27 48 9 29 74 42 4 47 26 33 96 22 21 72 6 25 83 19 30 13 16 61 31 6 53 55 33 36 79 41 46 50 74 28 22 8 44 87 84 57 34 70 35 32 68 40 18 81 64 70 89 67 87 4 19 11 9 51 40 75 46 38 10 2 98 44 19 96 2 74 10 10 64 14 97 36 81 34 67 47 27 88 61 1 56 48 62 86 7 7 26 59 28 15 91 24 57 94 64 5 69 2 43 94 39 59 38 24 87 87 26 50 28 28 59 45 52 8 7 95 5 9 96 89 34 20 66 17 5 57 59 9 29 49 62 78 96 93 86 45 19 35 44 92 92 61 91 91 77 56 78 79 74 60 46 90 37 65 75 38 73 10 50 50 16 97 49 59 34 75 73 96 96 86 22 29 53 37 35 57 48 62 88 68 94 7 35 83 52 40 75 5 92 58 27 77 20 82 36 53 20 24 7 84 45 36 46 93 22 75 20 52 20 52 37 25 79 73 50 76 43 16 24 4 92 77 76 17 31 16 64 98 77 13 57 31 99 25 91 34 13 39 93 56 59 31 85 39 84 82 80 92 39 97 67 16 47 38 74 64 53 59 69 48 48 26 88 33 93 64 96 64 26 41 60 81 74 99 12 73 72 90 20 11 1 71 94 41 6 10 7 13 89 62 46 99 8 57 23 74 57 7 48 83 86 96 37 31 81 86 53 44 91 95 99 79 22 82 75 36 64 93 83 64 63 4 9 81 70 55 62 68 90 93 91 45 7 14 19 20 42 43 41 75 63 31 93 89 13 86 63 44 99 90 56 43 65 50 54 44 98 78 89 72 80 82 62 79 90 95 69 4 34 21 41 27 16 91 64 64 64 49 90 99 19 92 25 11 86 45 14 21 71 65 44 89 79 79 93 86 80 78 25 87 94 91 79 90 56 85 89 23 75 51 58 15 79 84 78 93 90 47 68 94 86 73 36 72 46 95 3
41 77 16 38 69 36 67 39 16 82 1 85 67 2 11 62 6 13 12 9 98 61 4 16 4 6 9 43 59 48 21 1 36 60 14 25 30 82 75 89 1 95 51 59 36 46 1 76 16 5 25 79 50 16 90 1 14 20 26 58 38 52 20 55 42 54 15 20 48 76 67 75 8 84 90 15 48 5 20 87 67 69 85 46 79 28 17 24 34 99 9 49 22 80 94 79 28 44 20 4 3 15 12 13 95 76 27 84 10 16 28 68 15 30 72 87 54 42 37 46 5 59 44 74 61 87 4 64 58 80 75 33 53 39 42 15 50 24 77 45 1 4 95 76 8 55 81 32 25 37 88 70 69 88 48 80 21 69 18 3 47 20 52 49 60 91 54 58 74 45 4 49 2 31 5 49 39 50 68 97 73 68 68 48 92 28 95 60 57 78 74 35 96 91 97 8 22 21 59 11 36 24 74 84 3 19 46 52 27 63 66 88 83 93 21 18 15 39 74 55 45 26 98 93 12 51 98 94 29 86 24 59 4 84 52 34 2 36 90 14 52 6 56 47 73 6 83 10 95 88 50 33 70 25 2 3 37 94 61 38 58 94 73 85 25 17 62 31 76 95 39 56 82 57 33 60 91 54 91 4 91 14 27 42 62 36 18 77 40 60 71 68 15 38 96 9 98 33 81 17 57 78 79 43 31 22 14 68 99 85 55 37 66 44 5 24 73 1 64 32 7 86 72 46 81 49 83 70 71 87 91 33 37 90 32 29 51 2 11 29 84 57 77 14 38 52 3 24 56 95 10 19 68 75 83 94 21 69 67 79 97 76 42 32 37 86 97 70 22 74 87 47 50 80 8 81 47 83 76 80 10 93 84 85 63 70 71 52 22 2 72 44 71 86 16 82 91 89 90 49 87 57 98 45 49 84 65 74 64 47 62 83 25 3 27 85 48 11 75 42 90 99 51 51 99 13 10 70 72 87 82 81 5 65 56 50 60 52 41 32 92 54 42 46 4 62 23 69 74 48 92 66 33 23 20 97 41 27 67 81 39 35 41 72 19 67 87 58 63 73 25 66 95 98 74 22 58 73 56 82 71 99 41 70 60 60 24 37 77 24 17 63 30 57 77 63 74 82 87 9
4 24 62 15 64 14 28 1 34 36 44 82 3 10 2 2 10 2 7 3 87 33 33 83 30 54 24 5 40 66 59 42 6 73 14 36 64 36 45 96 64 17 11 42 94 14 70 15 79 12 23 32 14 64 40 65 85 80 19 51 36 98 58 85 18 66 21 13 8 72 53 27 43 43 83 38 2 13 93 44 50 80 94 18 35 42 65 83 1 38 34 29 41 43 14 12 91 91 95 8 12 18 97 36 32 47 81 12 60 18 2 36 63 28 16 19 74 8 22 13 32 36 2 54 94 91 37 3 21 54 57 45 73 46 13 48 35 80 39 48 55 64 87 61 38 76 75 83 77 5 14 1 63 39 6 31 49 90 42 82 93 97 49 4 37 76 81 94 31 63 23 40 93 48 76 88 23 34 18 87 33 11 70 84 84 17 83 25 90 60 57 84 7 57 57 1 38 63 58 91 38 97 17 41 91 82 48 37 42 23 32 49 52 33 10 15 28 8 33 55 95 56 35 16 84 49 53 17 4 96 31 57 16 29 5 62 49 8 4 53 58 87 95 45 18 68 7 89 71 58 34 35 74 38 69 25 72 52 36 7 77 3 27 17 77 62 20 63 55 50 13 80 71 79 53 94 15 42 17 48 4 89 77 17 22 39 95 90 36 69 24 76 42 81 1 43 45 89 49 94 37 13 60 6 83 70 85 78 84 19 87 33 14 70 9 1 97 36 31 36 81 28 10 47 25 12 37 39 59 33 59 78 93 47 53 30 14 67 46 63 84 47 29 32 73 54 17 76 8 91 45 60 81 94 84 89 95 63 20 69 63 73 4 91 56 54 90 97 36 77 60 73 28 67 25 49 8 83 74 94 68 33 86 61 91 65 22 15 73 94 72 73 6 81 50 35 40 18 56 19 24 49 30 14 43 76 23 6 85 71 76 58 93 98 51 31 72 63 86 67 27 4 93 91 41 45 65 94 30 35 55 76 2 29 87 62 33 84 10 2 56 56 72 83 34 72 16 90 62 16 81 90 77 93 70 68 95 82 87 91 96 96 82 44 83 8 55 42 2 6 88 74 46 75 42 95 10 91 47 42 60 96 86 67 41 42 74 62 62 35 73 79 21 20 84 37 86 26 18 3
5 51 14 92 56 49 23 28 32 94 30 49 92 38 17 9 45 59 14 95 5 3 37 69 93 31 1 52 14 26 8 82 18 19 27 44 9 50 10 46 29 39 90 55 86 10 28 39 50 10 15 21 44 47 70 76 35 31 7 1 3 21 6 38 93 19 29 81 11 2 69 2 33 33 52 57 68 88 53 44 7 6 28 14 30 44 35 99 34 9 61 76 56 85 39 68 29 26 22 53 29 7 61 93 14 33 44 11 52 19 7 76 78 53 88 18 1 28 88 78 76 23 55 83 45 88 47 10 36 20 3 50 4 81 68 57 81 24 20 75 85 56 24 64 31 7 39 40 98 13 70 65 48 10 44 14 52 13 1 98 77 31 37 67 41 39 33 88 75 36 57 94 94 30 58 8 61 36 45 79 93 78 55 13 70 57 39 92 84 8 79 25 97 36 8 43 42 17 80 40 18 48 6 28 98 93 40 65 7 67 66 96 59 27 56 85 52 21 77 23 60 92 49 31 61 69 6 41 81 40 16 45 13 36 50 88 36 14 21 58 84 57 25 10 88 78 87 29 79 52 37 25 70 98 71 46 31 6 18 54 60 5 97 73 21 35 37 93 31 43 84 29 77 69 33 22 15 79 94 3 24 52 58 73 69 87 87 10 17 49 88 13 24 73 67 39 73 64 7 55 63 12 78 65 38 97 36 98 38 68 20 80 32 86 77 84 81 59 84 94 34 34 32 73 26 34 83 94 34 72 90 81 67 63 98 33 82 13 81 56 2 14 31 90 7 29 42 61 27 43 92 75 89 88 95 27 28 46 36 55 23 72 57 83 33 6 31 42 11 3 57 22 17 76 4 36 72 97 74 97 34 78 59 83 73 45 49 87 61 72 18 83 86 73 43 51 67 83 95 96 94 26 5 87 18 78 39 68 57 36 10 20 26 22 37 89 27 76 57 57 41 51 84 90 82 67 95 40 88 53 12 55 55 31 37 17 22 73 67 69 7 35 72 74 69 87 69 97 74 57 90 93 99 54 44 84 80 45 84 91 97 48 95 93 86 50 31 64 65 5 92 81 21 57 73 95 56 64 73 83 39 89 97 88 74 12 79 7 76 61 74 90 68 56 5 32 2 70 7 95
11 43 81 1 50 9 16 97 59 7 39 88 30 63 79 70 94 55 85 22 53 60 83 45 57 21 19 64 7 9 89 92 50 12 27 68 71 24 37 5 1 14 91 8 6 50 30 53 13 93 64 46 9 35 63 50 30 92 30 52 80 36 11 44 73 82 31 5 77 13 1 67 17 8 76 63 59 32 58 71 49 34 10 93 73 5 62 3 63 23 93 61 71 37 64 44 15 27 11 90 5 84 66 21 40 85 20 35 2 74 89 68 10 26 9 88 38 56 53 3 20 6 36 19 28 84 66 25 29 34 14 17 42 36 31 62 12 56 56 35 4 33 81 3 20 47 18 55 20 2 84 29 47 16 31 65 39 89 42 41 78 18 91 27 71 40 49 99 71 43 31 61 21 56 84 99 10 7 48 18 22 83 46 86 78 71 63 56 33 52 35 6 4 19 22 94 91 58 4 29 15 98 38 41 39 10 51 47 38 6 33 71 76 27 62 27 79 65 2 84 65 95 24 88 68 22 66 84 90 8 73 43 68 39 75 20 87 88 51 96 41 75 64 56 2 4 76 70 87 50 88 87 15 4 69 87 67 8 92 52 43 41 96 48 97 49 92 94 45 51 76 22 30 70 52 36 35 3 8 92 59 26 18 65 93 51 43 64 32 9 75 19 89 96 2 64 78 63 89 55 81 80 19 66 27 68 73 97 83 4 20 35 51 41 57 2 8 8 46 78 40 31 8 44 4 3 26 83 72 37 29 88 54 4 44 58 90 23 13 38 74 76 7 58 37 91 65 98 23 46 97 72 60 53 17 63 9 64 55 54 29 75 19 83 20 91 73 6 9 83 44 18 50 29 67 14 61 1 14 76 58 94 26 22 45 86 15 97 45 26 71 35 44 42 56 70 49 82 54 90 17 98 87 55 56 50 78 49 18 89 91 21 54 13 51 76 70 79 79 42 93 23 41 50 98 99 24 83 68 84 43 73 96 92 35 73 28 77 25 99 63 64 70 54 43 81 90 60 89 73 72 67 91 90 63 96 36 81 54 94 87 62 14 29 82 62 50 98 14 99 71 37 78 4 27 68 60 39 59 84 22 66 84 3 73 90 9 40 62 95 89 33 91 37 75 19 61 18 96 22
90 6 40 54 92 98 39 77 14 60 21 5 28 7 55 75 28 83 82 90 10 41 10 67 91 44 56 45 75 22 72 1 75 25 4 2 63 20 15 62 29 12 1 3 35 61 52 85 31 9 43 17 57 8 5 41 9 32 68 11 24 11 19 13 20 7 23 23 19 79 83 18 74 5 36 27 5 24 98 55 26 37 77 12 84 30 63 7 71 45 38 68 32 25 86 21 44 35 13 17 92 10 51 48 21 18 1 36 67 29 67 10 88 63 2 55 55 13 52 70 54 87 34 86 61 45 82 86 34 1 92 84 87 63 58 63 59 21 48 33 96 72 63 14 1 25 93 56 99 60 63 96 51 93 57 32 74 85 92 61 13 78 6 13 33 40 29 2 67 19 85 95 37 15 40 19 47 39 29 42 99 11 13 4 60 14 20 64 54 32 52 22 62 90 42 28 52 88 15 63 44 69 49 7 2 4 70 39 93 12 12 14 77 81 64 71 43 88 25 68 17 10 33 92 36 60 25 21 27 14 43 76 89 48 66 14 69 94 54 61 18 95 91 1 51 3 53 90 7 8 41 76 72 48 39 36 26 92 20 95 22 13 47 39 56 94 44 20 42 25 71 40 66 75 71 76 22 21 62 70 61 59 30 3 26 25 23 64 56 84 64 58 39 11 63 92 37 19 47 61 40 74 17 42 57 34 93 2 99 66 38 72 80 87 96 81 85 69 39 94 86 80 65 22 43 25 99 29 65 25 92 26 84 26 52 83 27 44 79 61 15 36 24 56 74 53 86 54 86 60 45 25 86 6 49 18 69 59 61 75 38 12 66 75 52 7 41 99 98 20 99 60 16 70 42 93 34 15 36 12 41 50 80 89 22 88 63 35 71 88 60 24 52 64 52 65 55 98 5 86 46 61 9 85 16 63 1 59 61 53 13 98 97 17 93 31 69 86 57 92 66 91 69 81 86 68 54 87 93 95 90 5 86 37 26 86 42 53 74 52 85 88 63 95 13 50 76 58 53 63 48 5 40 75 53 4 36 92 6 18 59 99 97 89 90 43 30 82 43 86 63 83 66 21 91 88 66 88 43 67 11 52 71 67 99 44 11 60 63 75 33 85 99 82 85 68 79 86 91 90
77 8 30 32 6 11 50 34 1 65 67 18 29 55 2 4 49 92 57 21 49 8 55 30 55 68 21 85 52 61 3 4 51 63 22 82 11 33 92 13 86 28 43 13 25 75 18 6 31 17 5 30 14 56 30 76 33 26 56 7 17 40 30 43 10 21 24 90 91 36 38 33 50 39 31 93 49 93 50 39 29 35 39 4 30 6 3 93 29 81 3 63 51 58 80 74 46 46 14 82 35 23 31 45 12 43 54 54 90 61 90 94 34 61 42 45 21 19 38 29 20 29 37 23 37 3 20 28 13 19 45 39 92 71 38 23 58 63 89 42 70 10 49 57 21 1 9 16 56 7 21 48 65 99 45 25 12 9 44 1 14 5 90 26 5 85 42 86 68 45 32 4 62 16 7 78 91 81 43 78 8 36 31 70 85 62 77 72 47 19 72 7 17 50 35 94 26 55 65 14 27 48 42 90 23 45 15 80 31 58 92 99 14 70 45 72 19 72 11 86 8 5 54 11 48 54 22 87 12 76 25 50 95 80 50 72 17 96 79 94 99 29 82 89 95 47 58 61 66 94 80 25 10 43 68 20 14 6 52 47 73 41 71 15 74 22 36 48 45 5 92 10 31 21 20 82 76 61 14 14 34 6 99 85 7 27 93 60 20 69 42 64 91 43 17 38 28 29 69 33 52 49 92 25 77 11 86 60 75 77 50 49 96 52 83 31 50 88 93 46 5 68 51 80 50 95 81 7 57 37 21 32 64 73 18 89 90 41 60 81 12 69 33 36 6 37 87 62 47 53 83 96 64 98 15 71 54 57 64 13 38 63 83 69 80 98 34 24 58 14 49 97 81 17 39 36 60 22 37 29 92 38 35 79 79 73 2 83 86 54 93 28 44 58 85 67 27 34 65 66 90 81 43 64 72 94 86 14 44 47 68 45 68 81 95 90 40 18 39 85 24 85 29 15 70 81 37 31 35 51 53 32 33 12 84 28 55 5 52 39 47 76 35 98 85 73 27 71 11 76 44 48 58 63 87 14 60 41 99 14 67 19 53 77 96 67 18 89 89 53 16 90 91 84 40 44 91 92 52 73 99 46 27 17 55 13 74 99 85 96 96 69 67 98 1 89 27 99 83 21
7 13 24 18 35 1 12 3 33 3 31 5 17 83 1 21 65 19 41 41 8 3 3 31 13 31 44 59 28 45 33 14 74 19 90 35 15 26 70 7 71 84 21 3 14 53 49 23 16 64 90 28 52 99 26 8 62 86 7 88 72 89 94 30 2 95 1 41 43 34 2 50 90 8 1 20 46 30 16 29 29 9 97 86 78 77 18 24 64 9 7 29 53 80 2 18 78 44 56 25 57 40 88 87 26 25 30 31 51 82 69 80 89 98 8 24 49 58 11 79 69 7 36 62 26 11 38 22 22 31 14 67 89 37 61 95 8 39 24 91 14 5 4 14 82 3 18 93 69 36 30 62 33 73 23 92 36 17 46 95 50 54 44 72 92 46 90 49 97 4 33 66 6 46 52 78 79 43 39 11 34 59 36 60 28 95 76 27 10 58 60 21 32 62 36 65 82 87 71 49 42 48 15 79 48 10 36 35 38 24 79 73 78 73 60 21 63 31 78 86 53 73 32 39 14 20 11 43 98 73 55 21 53 76 5 81 36 23 63 60 50 20 6 64 71 32 96 52 82 54 34 36 48 86 1 74 14 21 14 40 65 16 66 64 86 91 5 51 52 79 64 14 77 7 82 90 42 17 31 86 76 39 63 80 90 80 46 82 12 23 32 84 31 88 78 81 23 87 94 82 49 54 65 95 75 44 58 3 15 75 93 79 49 39 70 74 65 42 46 22 72 91 8 41 63 54 17 47 73 53 63 76 2 74 52 40 62 81 61 57 89 99 18 6 94 24 71 80 85 20 71 20 62 2 86 43 72 59 66 61 75 9 67 83 54 32 69 52 72 50 58 16 94 9 96 77 49 78 83 81 96 97 83 5 20 38 74 92 71 96 32 39 77 20 67 92 71 51 67 86 31 55 49 63 92 81 61 95 2 90 82 62 58 85 84 28 57 71 60 65 97 39 59 10 50 4 88 67 49 27 86 46 55 78 28 36 63 98 6 66 85 38 54 45 54 83 38 54 40 49 47 68 69 96 79 20 54 11 27 93 27 55 97 34 77 65 85 8 70 89 97 32 80 26 48 45 6 52 75 87 45 14 43 82 85 46 18 78 27 98 66 95 48 98 98 94 90 99 81 41
8 3 39 32 12 7 54 7 1 22 31 81 17 8 45 16 69 48 38 60 40 97 31 13 23 45 55 10 24 48 46 6 98 68 5 49 45 78 82 32 29 29 74 12 47 82 47 99 25 80 11 54 10 11 80 10 50 14 78 8 8 29 92 14 13 1 49 42 36 35 56 27 98 81 51 80 15 58 43 64 11 59 24 66 10 45 23 14 70 47 77 47 23 25 74 54 43 96 10 81 45 71 3 80 95 90 84 6 45 99 60 43 85 22 47 20 12 84 49 1 52 55 53 26 31 98 34 13 15 37 8 69 18 51 15 25 1 98 49 29 37 29 28 53 74 57 32 2 52 58 57 13 73 33 47 16 76 2 86 60 38 71 28 66 16 86 44 55 6 93 96 3 98 28 8 61 11 44 91 6 48 16 54 54 6 9 26 88 58 32 45 19 44 28 91 79 85 68 19 68 81 6 62 94 49 21 26 13 70 24 59 80 13 56 56 25 59 65 84 16 50 2 21 14 79 93 33 38 5 15 8 86 90 27 15 39 11 82 13 97 71 29 17 76 42 24 55 44 32 50 77 93 96 31 63 1 12 69 47 17 10 56 79 75 3 6 84 16 11 56 48 44 61 54 64 12 91 43 21 77 3 99 44 60 50 63 31 31 73 90 65 84 46 43 93 39 45 95 38 88 14 15 50 20 53 39 23 8 46 13 68 5 6 2 32 96 94 44 5 37 5 5 92 86 49 60 69 40 77 26 11 78 42 16 87 47 27 96 29 24 39 22 60 99 41 83 84 74 18 49 72 86 95 26 16 37 75 82 70 49 82 48 92 60 34 64 94 62 72 72 96 80 12 83 6 88 85 87 55 17 41 4 58 24 65 14 25 67 90 92 93 83 72 3 46 62 49 98 9 22 69 94 75 72 86 41 64 88 52 14 97 78 59 84 32 20 45 38 50 25 63 6 47 89 60 49 90 74 76 74 90 53 15 63 55 95 64 24 88 34 96 66 31 19 92 97 98 61 81 6 62 43 72 95 47 87 98 85 73 27 53 41 98 13 19 43 87 39 77 2 60 65 87 99 32 40 34 27 71 56 84 90 92 83 86 91 83 91 89 61 24 24 81 75 34 50 70 89 93 60
86 1 13 52 14 93 24 97 27 47 53 6 70 19 77 88 20 76 31 41 26 71 3 44 33 51 94 66 26 35 78 72 93 64 7 89 68 29 32 89 76 94 70 46 14 18 69 36 20 11 83 41 31 93 25 62 84 56 95 8 55 7 15 5 45 94 40 2 55 42 41 55 66 66 9 60 72 19 37 39 44 6 34 61 73 82 85 1 40 69 82 21 98 49 40 70 22 14 33 7 84 26 64 22 35 33 48 55 24 92 8 21 11 76 77 54 96 20 56 42 80 76 77 68 31 62 10 28 79 18 62 30 97 14 53 58 77 41 29 33 43 73 77 55 75 54 24 18 5 86 56 74 2 42 65 8 42 40 14 31 9 65 87 75 96 28 52 63 38 43 27 49 1 44 93 80 48 17 15 33 47 15 21 12 28 84 70 34 4 72 25 57 15 68 12 80 25 9 6 34 73 45 59 44 28 89 57 6 82 78 88 4 6 28 70 95 50 90 62 13 7 67 67 26 37 68 83 10 33 20 97 9 8 18 97 26 36 82 52 10 66 25 18 28 81 13 97 56 53 35 3 79 68 49 30 31 44 47 83 90 42 18 42 77 4 58 91 23 98 9 64 90 23 19 5 49 84 87 92 61 68 89 24 15 78 42 95 86 30 87 20 47 24 89 42 58 68 16 62 22 31 28 31 83 33 33 58 52 2 81 39 49 43 97 81 89 48 24 85 13 94 51 91 25 96 27 92 35 32 97 82 11 45 88 29 41 93 20 35 81 22 27 16 28 88 1 38 3 95 34 2 18 14 51 74 41 44 49 26 12 37 76 66 44 58 83 86 42 80 84 58 40 71 28 55 71 99 78 64 32 45 16 19 42 45 56 93 8 5 23 63 53 62 67 84 11 77 10 83 66 65 94 53 42 64 74 74 17 76 67 12 50 11 13 77 54 27 77 45 77 70 58 67 18 26 70 52 30 64 87 49 53 55 85 94 53 76 30 69 82 44 6 12 24 89 74 28 3 48 91 24 29 49 84 8 49 4 12 98 22 86 78 37 46 66 29 8 89 45 96 95 38 76 61 77 66 99 71 88 91 93 50 56 92 3 92 71 91 81 71 76 42 54 81 34 90 71 80 96 41
7 38 24 24 9 69 51 23 79 30 1 14 15 14 44 40 84 52 24 71 17 20 27 8 12 83 78 23 65 31 45 80 35 98 31 51 37 50 82 34 14 8 5 57 5 37 86 1 14 36 12 39 78 27 10 71 6 88 20 52 2 1 59 5 29 21 22 6 69 16 60 75 93 29 21 1 22 54 90 9 67 29 31 62 75 1 19 48 39 10 91 42 6 51 31 1 42 50 94 71 73 40 26 70 5 54 41 92 66 21 5 74 13 12 69 97 72 35 3 38 31 37 81 85 92 4 20 50 94 53 77 57 2 4 41 13 87 4 69 2 20 55 90 24 72 27 27 89 89 67 71 22 48 30 90 22 63 39 72 64 96 80 83 53 68 84 15 10 14 13 81 92 81 50 28 5 39 89 33 5 50 20 1 31 30 92 15 82 33 84 12 11 44 67 88 92 51 1 67 6 41 35 89 13 94 11 78 9 68 44 21 94 74 6 83 55 58 68 19 59 7 49 7 40 66 4 52 51 82 56 33 87 6 47 23 94 65 62 87 46 31 81 64 53 16 96 9 70 19 96 53 84 54 14 74 56 59 75 90 26 60 6 23 78 39 36 6 88 89 85 6 97 23 98 82 67 7 3 87 92 37 20 92 17 52 56 46 30 50 85 28 57 61 32 37 29 87 91 95 43 75 34 1 43 72 11 31 29 7 69 54 56 49 80 65 29 85 75 64 59 54 83 15 10 79 31 99 26 73 7 68 23 17 26 31 43 11 91 99 80 67 38 96 8 55 4 27 88 96 47 40 21 85 92 69 31 27 81 98 9 73 37 70 32 43 2 26 91 57 68 19 47 11 26 37 78 38 33 76 7 81 81 63 49 90 1 57 25 51 48 13 60 88 1 58 73 40 90 57 7 80 49 96 20 47 63 97 79 69 74 19 66 74 66 60 77 73 66 65 19 50 76 67 40 75 82 98 42 60 27 8 79 99 16 21 78 85 80 8 54 95 77 43 28 43 71 82 64 93 78 60 57 85 84 77 92 43 96 24 67 23 11 45 45 74 34 70 11 29 24 93 57 66 75 56 77 50 52 65 33 90 95 93 73 75 59 82 57 97 63 68 2 76 87 54 82 62 92 88 71
31 93 31 41 52 4 4 27 17 13 65 3 55 98 34 99 30 6 21 36 20 23 8 44 26 33 82 76 53 41 30 45 12 21 76 29 63 8 10 2 15 15 94 94 53 16 30 20 80 94 51 61 76 55 68 10 3 52 98 45 56 40 12 62 80 95 95 66 22 35 25 97 14 88 16 43 66 62 42 41 73 54 61 94 48 36 10 37 16 68 10 11 31 17 49 98 59 25 86 21 96 83 86 69 96 93 22 32 6 71 98 62 25 96 84 25 47 68 29 66 40 4 99 10 55 23 92 13 11 50 51 8 50 85 15 22 1 52 32 93 53 42 50 24 33 39 47 32 9 68 15 92 23 10 19 40 93 32 56 80 61 13 22 43 98 33 7 1 3 91 76 70 24 84 14 28 92 44 58 50 65 91 67 8 30 70 7 75 16 25 57 89 10 5 14 16 53 22 72 64 20 71 57 22 47 34 39 24 80 82 2 20 78 6 78 40 98 25 41 57 69 47 4 28 53 48 34 61 63 44 43 57 58 60 6 50 86 61 86 8 20 20 1 19 78 6 9 1 61 4 43 3 47 70 71 60 35 34 94 38 44 56 24 84 10 54 38 55 81 75 44 67 49 81 67 48 76 81 46 83 13 39 45 26 84 53 10 17 89 74 84 33 75 71 30 27 14 90 79 54 32 86 57 37 86 75 92 52 91 27 25 50 50 72 54 80 57 8 17 57 27 34 32 82 14 91 14 80 19 41 9 82 53 54 89 6 5 35 30 24 22 23 98 59 37 73 61 65 88 50 90 69 8 32 70 48 67 68 23 90 90 15 50 28 83 92 4 64 49 50 47 85 47 94 79 16 79 46 28 65 8 75 26 70 31 62 87 18 79 45 1 76 80 81 12 51 68 10 62 30 73 36 81 40 14 95 79 67 90 19 27 71 17 81 23 52 49 71 48 98 53 59 84 76 86 88 79 95 47 92 72 89 26 96 33 30 19 19 94 77 90 66 72 60 78 48 15 95 49 83 57 48 79 25 74 99 73 49 63 66 23 78 28 97 94 80 62 49 80 90 67 87 83 79 6 93 66 31 45 46 36 66 47 81 69 84 67 88 30 42 81 96 40 2 89 74 96 39 66 36
40 97 52 19 91 21 32 89 10 31 10 73 93 33 44 45 3 84 72 22 17 67 78 26 1 43 6 16 54 48 29 44 40 2 97 38 12 70 64 52 86 16 16 98 47 45 57 7 56 46 32 5 92 31 48 28 37 23 66 36 4 47 4 30 54 82 44 66 64 29 85 61 23 90 43 68 51 9 31 26 63 88 8 27 50 30 23 81 42 44 27 17 57 19 5 51 64 32 31 29 26 75 23 62 83 2 1 36 45 35 51 24 94 20 75 5 67 9 16 63 54 32 95 22 6 23 55 78 1 99 40 97 26 38 20 68 30 45 4 49 88 72 95 63 42 51 36 54 12 4 4 41 56 13 22 19 52 95 89 10 33 28 9 44 26 17 30 7 79 28 20 22 19 29 37 43 62 46 42 61 9 88 82 66 60 31 91 89 29 83 94 54 27 2 94 42 21 31 83 30 27 5 96 75 4 30 44 78 15 43 73 42 11 78 19 74 8 80 27 1 50 41 54 33 41 53 94 16 73 84 88 40 97 85 33 16 38 2 37 76 44 67 26 19 40 67 87 81 56 11 33 3 79 26 54 22 80 39 74 81 42 54 43 4 91 67 80 38 41 33 46 16 7 45 57 31 89 47 41 44 40 97 11 91 69 95 90 79 85 12 86 82 64 6 69 42 94 19 81 25 71 64 71 97 97 72 64 62 31 73 99 85 76 5 79 67 27 74 65 16 30 37 76 9 78 90 84 58 41 4 55 15 62 72 26 51 45 55 44 83 67 68 33 8 8 84 70 19 37 82 16 88 77 26 89 78 99 78 94 99 69 65 95 7 11 80 13 91 39 83 52 85 96 91 64 18 86 1 61 63 47 3 93 67 49 95 81 77 76 67 38 82 13 89 87 92 82 78 63 47 28 35 38 95 83 62 7 93 80 88 89 91 95 81 38 53 14 54 94 67 80 79 52 2 36 68 13 93 26 63 70 87 92 66 60 61 79 89 56 19 34 5 48 40 8 26 75 34 60 98 7 95 76 61 58 11 32 90 23 97 49 7 88 92 17 58 48 5 52 24 44 19 90 68 94 56 89 69 58 33 98 84 92 76 88 70 87 52 11 68 98 91 44 77 90 96 76 32 53 22
9 10 32 33 29 91 94 5 77 68 99 35 19 91 53 59 22 19 94 3 96 92 32 27 2 92 16 1 45 62 43 74 39 5 58 21 22 68 37 80 32 27 17 59 67 51 41 40 23 60 37 52 75 87 22 20 23 9 8 19 48 29 95 9 92 4 45 57 82 89 7 7 48 68 92 87 56 37 62 11 95 3 14 4 10 96 72 21 46 11 39 36 79 23 46 20 77 6 53 25 87 15 42 72 55 21 37 10 9 52 29 1 80 1 50 90 2 73 66 65 11 43 77 80 55 11 30 97 62 75 57 10 72 71 57 86 43 20 33 51 99 88 26 26 56 61 31 56 81 97 8 44 95 53 89 5 25 99 57 60 18 44 63 3 6 21 36 13 88 98 40 37 50 92 45 32 89 43 57 56 70 78 63 52 64 75 13 14 14 77 4 76 66 90 37 52 90 91 53 67 68 3 84 48 43 70 24 86 18 65 19 10 9 42 33 70 88 62 33 79 60 17 95 82 52 37 29 50 66 12 63 70 87 82 23 99 22 25 19 41 47 19 77 96 52 87 17 20 8 71 51 85 12 35 44 69 9 38 72 71 48 96 55 19 62 94 59 84 19 99 74 55 61 4 50 70 35 66 88 43 91 84 12 93 85 63 21 48 27 47 62 73 16 12 58 62 8 34 10 6 18 79 60 72 18 54 23 73 72 96 30 11 29 87 19 6 23 65 3 18 97 37 65 88 21 91 27 70 99 32 23 86 34 2 37 71 53 59 32 87 78 79 61 34 93 5 47 63 1 75 91 85 90 70 2 91 93 34 54 50 87 28 64 53 86 73 77 70 49 61 30 43 44 71 47 89 16 19 45 93 77 4 45 93 48 36 62 35 96 44 2 12 57 59 19 46 46 18 76 26 55 53 94 86 9 5 71 57 94 72 41 19 62 32 96 62 65 81 38 9 50 79 46 66 10 58 73 75 21 16 62 8 98 57 87 69 92 2 33 27 25 99 96 46 80 8 75 7 22 1 36 37 23 50 73 49 90 70 73 58 93 80 82 62 10 91 68 72 90 96 6 35 78 66 17 52 97 89 37 25 41 56 67 70 29 61 55 84 8 51 51 57 50 70 84 79 81 37 58 3
24 4 14 58 1 3 26 33 28 6 45 20 62 10 26 25 35 5 32 2 42 25 4 62 2 12 90 43 45 53 21 7 16 69 16 26 93 17 18 20 80 58 58 61 87 56 20 11 13 17 45 99 4 34 27 37 24 1 34 98 56 65 38 92 81 38 39 20 56 98 28 64 55 54 39 40 32 55 31 7 47 95 75 11 11 4 18 45 14 50 7 32 37 4 36 80 91 46 52 89 26 80 36 8 85 2 86 48 33 27 14 38 9 33 67 86 12 25 34 55 21 28 16 14 97 71 47 42 26 63 40 64 7 76 63 37 59 41 83 80 73 86 2 40 55 30 28 43 13 23 80 1 78 63 31 94 71 36 36 2 4 4 73 4 55 28 58 81 10 21 55 68 78 23 16 88 25 63 22 74 43 90 22 20 94 49 29 8 87 74 40 57 81 34 31 27 59 20 22 57 89 28 8 54 74 7 10 23 32 69 60 28 3 60 51 70 66 14 40 23 83 65 97 32 68 14 75 90 74 78 33 54 13 43 95 45 63 53 22 87 30 34 56 98 90 61 39 12 4 61 66 26 88 86 99 86 77 98 27 30 77 82 23 31 1 69 98 59 59 55 12 53 27 45 6 10 54 68 67 44 52 56 99 96 33 10 5 86 53 44 33 21 86 46 36 88 30 15 50 78 59 95 56 22 68 56 22 19 70 59 97 90 44 28 18 80 34 48 23 29 77 69 63 40 98 96 41 17 38 96 93 11 48 38 17 39 47 29 54 42 49 45 58 50 77 69 35 20 9 16 4 66 20 98 71 75 68 51 53 28 55 27 68 30 58 88 15 3 99 73 76 59 82 45 36 30 97 31 26 6 30 87 13 12 6 81 49 70 30 96 68 84 1 2 19 14 54 41 76 2 64 58 33 92 91 14 71 50 95 12 80 31 13 84 35 52 36 30 30 63 52 7 65 92 12 51 35 62 98 22 91 44 11 83 84 60 77 79 79 97 73 75 92 33 72 53 22 21 91 66 99 50 67 31 59 66 56 59 53 51 26 70 24 1 71 44 90 14 72 81 60 80 7 33 79 4 76 88 79 25 70 7 36 49 93 86 94 77 92 72 75 25 76 35 50 77 92 66 36 2
20 48 49 43 4 34 13 9 10 14 39 21 22 80 16 77 44 15 10 11 42 36 38 67 78 6 85 49 3 61 91 76 56 6 62 68 5 60 56 59 23 40 4 84 54 83 14 65 85 73 2 18 38 23 36 96 80 73 33 54 59 34 70 10 8 58 89 51 5 12 56 69 8 5 75 15 86 81 14 5 57 29 42 82 53 20 47 29 15 91 51 90 41 31 50 21 17 85 80 8 78 77 29 42 30 33 48 6 56 40 40 40 37 58 69 28 36 48 36 46 73 22 9 9 1 29 94 61 67 60 84 57 31 31 63 26 35 91 65 84 3 40 58 71 75 90 35 30 57 99 5 41 59 86 68 93 33 47 10 5 33 39 26 94 51 42 17 47 64 24 86 29 68 80 57 38 78 69 55 41 11 81 96 55 27 53 75 21 94 28 28 24 71 97 57 19 28 19 33 94 39 52 1 39 68 73 80 86 88 37 76 44 27 11 99 13 68 25 34 39 45 43 52 31 7 75 91 71 2 77 72 26 32 59 92 50 24 70 33 26 4 93 78 76 37 90 69 38 11 54 25 82 75 14 69 70 97 89 79 45 71 61 76 37 57 71 78 26 12 38 79 48 67 27 67 10 2 95 6 60 4 46 47 51 67 58 12 9 32 55 96 68 88 22 9 53 73 48 5 75 14 24 13 32 12 64 97 79 81 80 35 37 63 39 13 97 89 78 99 99 73 23 90 91 75 46 34 78 55 68 38 69 99 57 98 29 28 41 33 84 26 81 75 66 55 73 55 71 99 75 23 7 1 19 44 42 37 83 25 56 34 30 1 79 98 82 92 59 64 27 51 63 86 83 98 93 82 56 39 59 84 20 47 20 98 97 54 99 34 87 37 62 54 88 89 31 90 29 39 64 46 5 62 13 50 20 75 74 28 76 30 39 98 53 85 14 66 75 69 14 24 71 6 17 72 20 56 20 88 26 34 55 85 72 75 35 56 41 54 65 73 90 75 37 60 70 86 79 18 24 32 91 13 80 87 46 46 80 69 62 43 68 59 54 46 97 60 75 98 41 35 43 2 16 85 94 62 46 58 94 91 63 86 51 50 24 75 28 79 53 48 89 92 97 91 63 36 98 60 11
2 23 92 64 72 63 23 56 93 75 1 23 62 83 69 2 55 52 15 36 41 46 63 30 60 34 62 10 27 4 69 6 67 7 27 8 53 67 12 66 24 6 3 4 17 74 71 49 22 6 53 8 25 69 36 8 37 53 3 13 55 4 48 5 9 19 25 87 28 94 33 23 22 4 1 99 57 42 9 17 50 49 25 84 38 94 87 34 90 26 12 89 48 56 28 34 40 88 67 81 68 32 21 50 25 56 18 86 75 65 32 8 21 70 12 58 91 51 32 18 38 63 43 63 57 99 12 15 84 18 7 55 25 40 73 52 72 15 40 5 51 21 49 60 50 77 66 59 91 60 66 40 23 59 19 40 47 51 87 3 76 89 54 67 3 30 58 20 72 62 22 70 13 47 62 1 52 55 58 31 17 56 62 54 1 37 51 29 50 94 94 98 58 4 8 86 22 66 88 27 88 20 36 81 29 60 69 63 41 75 20 16 66 31 11 22 19 24 87 42 76 79 61 70 56 68 8 72 95 8 68 16 37 20 2 12 58 81 54 20 50 59 47 83 14 69 17 36 63 32 56 32 33 61 45 81 77 36 14 39 43 93 11 91 80 60 22 26 79 70 7 14 84 14 51 20 25 44 38 69 57 66 2 26 27 84 71 23 71 16 97 2 94 35 28 55 28 78 59 44 33 30 57 69 61 12 6 37 58 10 18 57 60 14 76 66 13 98 75 83 21 80 59 79 55 34 2 41 88 96 56 56 65 86 77 48 79 64 72 52 82 76 89 96 55 39 34 85 55 17 92 15 10 41 6 83 39 25 71 77 20 13 65 36 21 46 79 48 13 63 21 58 47 74 84 59 11 66 94 71 74 75 55 29 20 6 72 63 50 29 83 27 62 58 85 77 16 32 79 81 20 1 51 36 97 46 81 41 49 48 1 85 93 61 26 58 58 70 70 93 43 29 51 98 28 64 93 19 68 36 49 41 44 63 19 70 24 72 81 78 89 68 84 99 91 96 46 25 92 48 79 77 21 29 44 87 88 99 77 65 95 96 43 78 11 43 87 91 23 93 58 67 25 73 94 46 89 20 45 54 84 85 7 62 61 88 84 57 16 54 93 47 96 60 34 80 90 81 63 36
