20 500 30804 21.58
59 79 18 7 4 11 15 47 10 27 1 79 25 16 63 5 31 45 99 25 39 64 78 28 69 3 6 2 76 74 57 82 7 2 46 5 57 48 26 95 38 2 70 35 85 27 28 7 82 43 35 4 13 63 5 60 6 29 55 47 9 51 43 39 26 16 47 36 19 38 3 59 6 89 51 23 3 25 50 71 98 9 17 33 25 72 83 24 92 35 60 3 62 57 77 36 75 14 8 66 7 65 74 7 56 27 91 93 3 30 47 16 7 44 10 31 22 80 37 24 78 20 72 38 29 71 90 89 37 99 52 50 31 3 72 68 1 33 46 82 8 53 1 28 20 87 6 33 69 34 8 69 72 68 28 76 89 24 76 89 42 92 87 8 29 17 49 41 93 14 57 87 23 65 3 62 47 74 50 58 12 75 73 22 21 74 47 93 80 69 36 58 17 15 27 78 33 36 64 78 86 25 19 93 63 85 43 5 51 52 74 77 65 86 63 21 77 40 58 28 29 76 22 12 55 58 2 9 24 30 80 1 2 39 13 36 62 27 95 65 41 24 82 45 44 85 26 95 38 78 89 55 3 73 80 24 75 57 43 60 93 26 64 61 71 63 31 14 48 74 25 20 66 81 7 2 21 82 54 39 97 84 10 27 84 95 41 89 82 85 8 78 22 48 80 66 76 57 55 79 41 44 33 88 5 30 79 65 26 21 57 46 62 15 19 96 78 16 28 64 16 93 5 34 60 17 33 17 96 81 27 40 55 86 14 22 36 57 37 97 42 47 27 30 81 97 80 77 17 96 57 17 25 87 98 59 52 13 86 92 30 93 70 19 46 22 48 63 42 25 97 85 85 93 52 14 52 88 62 71 92 65 98 16 86 64 40 34 58 87 99 89 73 80 82 60 80 43 70 13 76 78 90 67 48 94 29 63 36 95 60 78 33 93 31 49 51 91 52 34 46 14 5 80 79 6 95 85 88 87 49 12 57 74 86 88 90 46 65 57 61 50 88 85 59 86 31 89 43 66 97 92 38 96 82 34 93 95 41 58 79 31 17 67 51 84 25 81 98 81 66 65 58 96 1 49 78 73 90 91 67 76 80 51 60 93 2 74 65 45 98 99 59 71 61 45 66 77 71 25
23 3 47 26 34 12 21 2 23 26 92 8 66 10 4 84 51 10 83 99 94 31 82 4 55 36 88 5 92 33 80 99 65 94 68 52 26 96 16 15 15 33 22 27 33 87 48 77 29 19 61 99 14 12 9 30 71 12 24 33 59 75 16 25 12 59 94 45 52 20 42 4 96 30 97 46 7 34 12 12 96 85 71 64 72 78 63 34 26 71 25 73 44 47 93 67 48 97 51 35 38 2 50 13 22 50 58 2 32 27 15 22 8 55 98 86 25 21 71 86 14 42 82 58 30 29 72 96 15 22 9 16 65 80 49 63 70 14 22 30 26 67 95 64 94 3 63 2 83 73 1 36 95 57 71 51 13 65 55 9 82 68 54 95 25 19 48 87 14 51 63 23 18 1 89 23 27 43 4 11 85 8 64 81 75 38 71 69 73 45 68 88 20 88 33 47 47 16 39 98 72 75 84 40 49 37 20 94 71 8 7 83 39 17 62 16 40 64 53 92 20 16 97 14 83 5 76 76 6 59 58 47 21 13 50 38 34 54 57 57 22 23 59 67 83 38 20 53 69 35 44 26 52 89 24 95 68 84 53 17 59 40 2 69 56 73 11 23 31 41 63 32 53 94 23 2 40 77 5 4 59 23 1 46 41 23 67 34 81 71 54 99 53 79 71 62 22 22 78 76 41 77 90 10 77 2 43 11 64 65 10 85 88 62 23 29 29 75 39 55 88 24 21 96 87 87 57 62 17 45 52 30 20 9 44 84 30 93 4 25 80 33 86 56 32 48 82 44 77 50 54 48 56 30 70 56 91 73 47 77 94 75 41 90 14 99 56 39 62 53 62 23 95 27 59 71 34 9 88 37 29 38 68 46 47 65 18 70 18 65 54 47 37 45 17 88 97 49 36 67 63 56 96 19 52 52 4 59 60 66 9 78 92 17 91 14 47 14 41 23 34 85 60 87 87 58 66 82 62 84 38 98 91 62 86 71 83 48 53 94 85 87 26 17 93 73 92 87 17 51 87 81 89 58 94 28 70 15 76 49 98 31 80 85 17 25 84 37 20 97 3 16 95 56 53 95 38 65 78 79 86 88 69 32 88 67 72 73 79 27 84 92 87 89 56 43 61 90 88 99
54 14 32 23 41 71 34 18 71 41 31 26 15 62 51 14 89 39 5 1 3 66 70 69 10 74 4 57 96 50 31 34 27 78 20 82 80 59 34 4 31 20 17 2 21 1 38 28 33 2 19 29 93 67 20 63 96 19 78 60 15 23 2 18 11 53 93 69 91 36 87 98 74 15 8 38 11 36 22 1 94 20 15 75 7 36 13 8 62 34 18 27 2 30 30 33 2 19 34 22 20 31 95 47 76 75 25 34 82 92 5 30 69 24 9 4 21 71 33 31 2 6 33 32 74 96 3 57 32 57 45 11 94 30 39 52 48 73 25 23 58 31 19 93 13 19 53 97 13 49 97 21 17 67 91 10 9 74 14 56 12 9 32 46 69 85 26 92 41 52 77 2 15 86 22 25 65 90 70 56 81 9 23 62 17 58 28 4 84 35 83 13 62 7 84 85 36 41 48 14 36 63 52 24 93 57 44 4 55 79 49 7 59 7 33 2 62 49 48 87 89 17 22 80 36 3 87 81 50 37 52 85 25 3 63 95 89 35 7 9 59 24 84 4 55 54 11 32 84 46 53 30 57 94 53 91 93 83 85 39 16 71 43 83 49 4 10 71 28 27 73 65 38 68 59 80 57 21 95 78 28 4 53 47 84 36 44 25 64 65 36 82 98 85 49 71 36 77 26 25 78 44 28 35 9 82 15 23 14 17 99 98 99 46 75 3 50 11 85 9 83 28 38 40 33 98 77 36 37 30 36 17 89 24 19 18 36 64 91 49 38 71 54 86 66 42 49 21 96 28 29 90 76 45 16 25 96 22 16 8 49 13 46 15 93 82 44 59 64 69 14 97 7 56 80 70 23 99 93 98 92 31 6 98 55 71 49 61 74 63 13 80 97 59 56 1 75 74 46 82 56 64 28 60 44 75 70 54 71 47 50 21 60 96 19 58 28 39 88 20 98 50 31 97 73 77 6 53 84 38 30 83 73 92 86 23 77 29 94 26 40 19 95 67 44 82 29 37 90 70 15 36 98 93 58 88 46 38 11 44 70 1 53 26 98 88 57 51 36 5 73 54 25 60 5 73 1 95 64 67 98 56 59 73 77 22 55 77 92 92 81 84 95 16 91 89 96 73 69 1
7 26 31 5 19 1 35 5 66 77 8 20 11 10 73 45 27 35 33 81 16 36 93 3 21 13 61 19 55 9 28 1 48 50 3 41 18 44 7 49 27 3 82 45 26 96 14 20 20 45 73 31 26 57 68 5 7 91 22 72 75 24 14 17 63 51 23 33 78 99 56 54 17 98 61 40 29 13 51 35 90 6 44 2 10 68 37 18 73 44 65 11 12 20 81 52 73 22 48 24 7 8 48 82 28 49 93 42 41 42 54 41 22 48 62 21 53 62 75 4 14 79 85 99 12 36 7 14 74 29 32 53 56 31 14 39 77 10 42 26 1 3 54 19 58 56 94 52 28 53 37 22 47 37 8 69 89 57 6 39 59 68 42 44 42 12 59 47 13 14 47 42 49 35 95 1 78 32 72 37 88 86 88 56 62 29 55 16 83 1 21 22 32 86 64 41 77 23 76 20 52 80 6 54 70 34 15 53 49 60 64 10 5 82 22 78 49 77 99 33 69 64 49 8 82 48 34 4 9 33 99 39 88 85 87 88 62 83 10 70 31 6 91 44 4 31 87 12 77 47 28 72 51 32 74 99 72 31 24 17 27 74 21 6 40 82 57 69 50 85 15 67 99 9 35 90 8 66 50 91 91 58 63 91 67 70 56 58 10 15 91 10 55 40 61 6 88 81 1 54 4 92 85 18 57 19 94 11 64 99 1 71 55 77 92 40 47 66 98 78 26 24 73 56 36 40 25 56 72 15 30 95 62 33 23 20 41 99 63 83 8 93 18 89 28 34 93 31 21 92 17 74 70 27 45 21 9 47 29 19 23 22 24 50 23 7 96 79 83 41 65 83 15 32 93 44 93 82 59 91 35 96 45 35 34 8 30 49 88 39 69 68 17 72 82 50 10 55 42 98 54 98 7 99 84 49 88 45 88 58 71 52 66 20 4 50 61 17 66 81 76 94 87 89 71 82 55 73 85 71 69 20 37 85 93 55 55 13 73 19 99 5 86 36 18 58 77 75 45 63 11 47 31 81 68 83 11 98 79 51 82 36 88 72 21 61 88 55 94 62 89 84 66 88 94 82 83 30 98 99 91 59 5 87 36 67 85 96 6 51 44 4 22 44 98 73 80 58 35 81
4 29 34 69 25 90 89 17 56 14 61 7 78 29 87 29 65 98 52 45 19 46 75 41 5 30 12 63 25 38 91 40 82 4 20 16 49 59 51 23 26 73 42 85 69 33 97 13 50 96 4 11 15 33 67 44 42 82 31 46 29 76 68 24 86 46 71 30 46 33 80 69 63 71 18 77 90 66 19 57 10 65 28 41 7 28 80 95 57 63 37 84 64 16 8 44 10 57 63 20 44 20 19 58 11 43 14 5 47 28 12 91 70 34 11 58 42 65 39 96 65 84 18 46 30 5 92 63 12 50 4 3 6 13 91 31 49 63 10 58 71 8 36 91 75 18 25 55 46 7 26 29 38 95 91 70 18 46 35 58 97 34 1 33 47 74 8 21 5 58 39 17 8 40 28 73 95 23 13 20 57 89 39 36 71 11 1 86 45 38 40 8 42 37 51 56 20 49 60 95 91 34 37 96 84 46 34 68 39 41 6 5 72 98 38 58 28 44 47 73 74 46 42 66 93 7 24 75 87 74 1 66 6 75 40 32 32 39 58 70 68 69 58 46 63 91 58 55 70 99 42 66 35 22 89 6 71 61 89 54 37 76 78 14 8 18 67 53 95 45 10 7 8 23 3 11 73 19 22 71 27 71 81 19 70 42 46 54 50 5 29 66 76 29 16 70 11 85 25 65 47 59 86 91 16 68 81 91 43 38 47 47 91 95 58 15 68 82 82 51 77 8 40 63 64 87 89 97 12 68 56 55 11 98 99 56 23 64 72 66 8 77 71 77 87 69 14 80 87 81 80 16 68 66 80 7 41 69 37 94 41 95 49 51 84 50 67 19 62 68 50 1 3 13 12 33 38 12 51 52 8 17 18 80 68 82 83 44 3 69 50 42 12 27 60 98 82 73 19 72 92 70 13 95 32 56 48 58 68 70 85 21 37 76 21 94 15 90 79 97 80 52 97 32 8 81 57 67 60 83 64 96 77 11 23 52 76 62 52 6 87 90 61 4 67 83 32 41 74 34 85 18 6 44 39 30 66 3 45 77 60 47 91 61 61 92 41 12 74 94 37 79 36 79 95 25 79 55 77 85 7 84 92 43 76 94 62 26 98 58 94 74 86 66 99 52 83 76 33 45
4 16 30 7 68 28 7 86 85 17 41 92 53 12 19 71 50 75 54 59 54 33 72 28 13 27 17 17 55 12 60 38 17 55 69 82 90 28 3 47 91 72 34 15 11 24 5 22 39 14 92 56 6 34 5 45 2 1 12 74 5 42 75 28 37 52 8 74 9 22 56 24 5 40 27 16 48 24 71 59 53 63 34 8 37 31 31 76 22 8 30 51 63 61 6 29 82 96 44 71 15 44 7 19 5 12 89 49 12 26 44 34 37 23 73 72 44 22 81 84 40 59 84 25 55 21 96 40 27 52 97 48 34 41 82 92 76 54 57 42 80 40 26 98 64 5 71 84 95 48 80 7 78 86 88 94 46 23 99 76 10 58 7 71 75 59 71 49 47 82 15 94 25 19 7 20 85 74 8 16 3 21 54 23 66 65 44 18 13 75 5 50 81 9 22 1 96 39 46 59 23 10 19 63 70 81 99 38 28 50 85 67 34 23 54 25 26 93 26 41 98 47 15 54 96 15 95 28 46 46 62 88 32 31 33 32 2 6 42 81 41 55 32 93 53 20 53 71 2 60 47 29 99 61 33 21 40 46 19 81 71 37 48 41 61 61 81 86 22 1 36 63 40 28 24 81 69 55 65 68 48 61 64 90 76 37 47 64 32 99 99 51 57 36 75 19 93 49 42 10 13 96 61 74 84 81 29 66 54 5 24 9 75 49 52 87 33 82 46 11 77 6 15 50 70 7 62 59 83 16 80 83 67 39 86 51 24 17 62 68 1 78 49 27 58 75 23 36 48 61 59 62 24 25 8 59 5 20 47 92 44 67 12 42 69 76 65 34 51 39 39 88 30 44 91 77 71 55 29 55 67 98 18 55 79 26 19 2 28 41 18 43 30 95 69 29 39 94 33 71 99 74 99 22 89 8 38 32 67 78 40 3 89 67 16 56 84 70 77 55 81 70 28 95 19 86 87 4 39 53 15 40 82 79 31 76 82 71 54 90 32 16 26 73 51 4 24 17 54 93 7 76 96 62 16 23 2 84 44 23 3 96 83 91 45 63 33 31 72 89 77 82 53 75 72 37 89 13 71 85 29 98 69 96 97 75 99 66 76 95 32 45 39 21 55 63 62 50 22 59
54 8 17 25 51 35 26 85 17 54 32 36 2 93 32 11 6 27 2 58 10 73 21 14 72 65 35 31 10 30 86 66 22 25 66 38 80 25 44 66 41 74 55 22 82 21 19 25 22 33 22 68 1 21 11 80 72 89 6 71 63 51 55 8 19 30 55 66 27 89 78 53 47 2 18 44 51 45 92 72 6 64 3 1 10 57 46 12 81 24 41 30 17 19 2 93 41 19 43 75 83 55 61 57 74 15 77 59 99 51 40 20 74 28 67 96 23 85 26 27 10 48 15 19 88 53 31 4 19 49 69 97 56 69 21 11 59 62 96 35 12 73 13 1 3 45 71 81 18 48 35 26 53 13 61 29 66 68 88 85 52 53 59 60 37 78 58 38 51 45 8 23 38 6 43 48 64 88 66 39 30 57 95 66 81 43 91 81 41 8 61 74 88 40 77 13 64 50 80 47 8 40 26 64 30 45 92 53 72 36 50 30 86 66 41 35 24 11 61 83 45 19 91 77 49 27 56 42 26 9 60 13 4 45 70 54 42 78 91 68 21 4 39 79 7 19 54 34 27 34 72 20 15 35 50 47 27 76 36 24 10 74 71 55 87 99 43 93 78 80 81 42 2 97 84 31 95 56 28 32 40 62 95 13 13 39 50 22 98 10 30 41 23 64 48 61 79 91 94 56 87 59 73 57 99 3 62 19 30 49 70 57 13 16 90 69 13 25 8 82 5 32 85 28 1 21 98 12 14 23 45 78 17 83 97 43 97 61 93 73 44 8 82 92 30 19 80 74 14 46 94 74 71 86 35 53 76 93 98 58 57 33 86 72 95 68 75 62 24 62 12 81 73 10 49 55 95 72 63 99 27 78 44 85 69 31 53 23 94 86 71 32 79 5 85 68 23 15 56 87 56 84 70 10 97 43 82 74 89 20 99 92 70 47 78 98 75 62 19 83 26 70 64 63 33 54 64 86 58 87 84 67 95 13 19 33 47 84 10 52 43 49 62 37 94 4 60 81 55 96 72 9 10 29 96 72 85 94 99 54 38 50 28 66 71 50 68 63 77 75 57 62 88 21 44 78 90 15 14 48 80 72 95 78 60 99 45 44 53 82 41 95 93 89 5 86 71 38 78 58
1 12 86 13 33 48 35 48 83 75 25 53 8 16 16 18 25 48 22 13 73 16 8 7 9 21 53 40 23 64 4 40 34 58 41 6 28 34 21 80 46 83 41 61 12 32 3 41 91 4 74 71 55 62 91 37 59 1 95 15 45 64 78 45 12 15 4 68 32 33 64 13 83 37 18 91 66 81 56 35 55 88 95 91 69 60 33 43 64 68 93 97 25 80 3 61 15 46 28 64 95 18 6 29 12 10 43 29 20 72 77 86 59 48 96 22 74 71 3 11 31 13 17 24 35 33 62 25 35 36 20 55 53 59 58 10 81 40 86 9 84 57 89 59 21 79 91 50 7 68 66 76 45 47 59 6 95 89 18 96 88 48 49 47 72 30 22 40 94 95 55 47 16 19 86 73 30 42 56 51 26 27 12 37 2 91 47 53 61 5 88 32 48 28 61 45 13 8 58 93 64 10 1 43 83 31 78 3 59 93 35 12 22 33 94 23 49 13 68 56 32 78 76 72 2 4 38 81 82 66 33 93 20 82 63 24 46 80 90 58 31 44 54 71 74 43 62 58 28 48 64 51 23 74 25 4 67 51 41 31 22 40 28 11 13 21 27 68 27 49 80 66 38 9 56 71 75 80 32 76 68 2 31 56 41 14 44 15 41 82 67 85 45 58 78 42 38 16 92 27 44 24 8 18 58 54 38 1 94 66 85 19 11 96 46 93 84 92 9 6 12 83 32 91 21 5 4 29 54 63 53 15 50 82 58 86 56 10 34 23 68 89 18 9 97 42 80 83 64 86 77 99 77 66 17 28 87 26 67 41 1 98 37 41 15 37 36 54 41 4 86 75 50 19 55 16 82 66 55 63 79 36 95 30 48 27 74 21 15 92 70 46 93 95 3 32 46 55 14 53 60 76 67 89 45 31 20 74 6 56 20 99 90 41 82 56 60 97 34 47 51 92 63 84 10 97 11 72 35 72 69 40 77 9 84 21 89 47 97 78 55 57 51 23 67 90 91 12 75 51 96 97 62 55 87 99 89 12 26 75 69 32 87 32 84 88 54 87 59 81 66 22 10 28 99 77 17 61 85 66 67 96 99 49 93 73 84 96 44 72 45 91 95 76 33 44 83 83 94 13
30 67 11 5 62 24 6 37 2 96 9 18 65 39 48 21 16 5 5 2 82 41 20 8 86 66 17 60 62 9 9 57 50 45 26 38 11 71 14 28 62 16 59 45 1 53 31 66 81 71 6 5 6 14 52 27 37 66 43 9 16 89 12 17 53 59 65 26 55 94 84 30 5 69 78 32 88 67 55 45 27 70 89 2 99 40 88 12 9 84 53 22 72 54 82 5 91 73 63 61 31 22 5 99 93 76 4 65 32 17 22 72 68 59 32 47 69 8 96 95 94 41 3 36 41 29 14 4 61 87 78 34 14 80 40 43 7 39 85 99 21 37 3 9 76 43 29 99 86 48 90 38 26 32 4 41 42 21 37 90 80 32 80 1 29 63 2 82 35 21 43 28 90 65 33 25 46 58 10 64 7 43 15 32 42 48 61 77 73 77 47 47 3 5 37 29 58 97 55 69 28 98 25 1 33 52 74 28 46 59 31 37 21 44 22 60 57 65 80 54 32 93 95 32 49 75 38 61 12 92 62 79 42 91 69 10 73 81 32 4 96 42 59 14 40 74 26 11 95 32 10 89 44 12 50 47 56 69 5 13 11 86 8 79 15 67 48 10 73 67 55 36 57 70 19 54 41 29 91 20 7 68 40 80 64 41 34 54 37 6 94 9 71 75 29 79 1 45 66 5 1 10 9 79 17 91 79 35 97 61 63 93 20 29 2 58 27 54 57 66 53 21 85 69 48 55 73 70 81 76 70 99 85 83 10 32 20 62 37 98 88 68 23 22 42 25 47 95 51 50 40 2 52 92 82 37 86 28 44 64 43 49 73 90 38 96 71 80 86 3 76 5 94 70 42 92 90 6 22 92 85 46 64 99 4 98 96 2 84 10 48 74 85 80 48 27 5 64 51 73 59 63 77 90 85 88 66 12 67 40 61 48 41 45 67 74 40 45 94 71 42 70 74 71 24 30 49 22 61 30 87 27 32 67 96 21 50 54 11 62 37 15 33 51 31 71 63 83 47 96 53 61 54 31 79 58 6 33 90 57 34 42 60 31 88 19 81 93 3 29 83 41 90 76 72 31 49 48 81 69 16 43 13 75 73 42 54 48 29 74 96 69 63 73 61 84 15 22 88 2
8 27 42 29 45 54 27 2 12 2 62 15 38 41 48 79 82 8 7 19 57 18 13 84 80 30 41 20 1 46 6 16 30 23 56 14 1 2 53 7 5 49 53 44 62 59 64 89 93 98 21 20 67 17 37 64 79 22 68 23 98 1 35 81 88 68 58 18 35 28 78 27 63 62 19 33 20 25 9 31 65 43 74 1 45 37 26 78 96 73 95 83 28 15 65 68 68 74 9 71 16 82 34 75 17 91 18 94 98 63 76 85 59 84 73 59 36 31 37 32 94 47 15 8 35 61 44 81 79 60 87 89 41 84 10 32 16 31 68 30 29 34 67 73 17 14 89 68 37 36 7 90 47 59 67 5 33 51 83 69 2 11 70 65 36 18 86 9 71 58 59 49 24 46 70 14 69 76 12 73 36 38 25 62 48 57 50 87 86 53 51 98 83 43 16 63 94 47 35 54 8 1 1 33 12 65 54 63 23 27 59 79 93 99 25 80 99 11 13 36 1 16 28 51 38 92 65 52 60 22 32 6 72 11 31 55 32 94 50 86 21 85 39 83 1 10 40 79 31 94 67 20 15 38 65 56 51 25 47 75 33 69 85 14 1 69 50 45 81 42 79 66 85 74 26 60 37 82 85 70 8 55 98 31 1 32 93 89 63 21 75 76 99 67 8 60 5 92 85 36 74 24 58 37 73 86 68 97 74 85 6 27 96 65 11 71 40 49 98 10 56 6 90 5 48 83 44 46 59 16 7 67 54 73 63 11 76 46 78 22 80 60 89 93 8 72 61 45 76 33 85 7 37 38 31 61 33 81 99 82 72 36 71 87 82 84 77 66 76 76 16 74 81 72 59 59 6 82 90 17 83 86 91 41 81 29 64 93 67 21 24 32 53 18 80 63 83 45 69 20 35 57 72 86 16 61 67 87 54 72 94 93 60 32 51 35 86 52 78 26 19 8 96 16 54 71 21 5 96 14 84 55 41 63 68 84 22 50 56 4 69 95 58 32 69 23 99 76 52 76 81 14 9 49 78 26 79 92 82 58 31 76 38 99 86 81 19 38 29 60 67 99 57 67 84 81 59 70 92 32 44 28 83 80 95 18 76 33 34 2 97 92 36 88 87 70 76 92 99 19
40 30 26 5 49 31 30 34 52 16 20 54 39 36 35 9 6 37 5 28 20 15 16 1 44 43 67 51 5 32 44 23 70 38 73 46 51 27 80 13 80 33 59 37 56 2 74 28 36 11 7 82 51 42 85 83 29 13 71 21 42 41 77 45 56 42 11 76 73 4 7 4 57 66 32 32 40 15 43 86 12 3 43 31 47 55 23 36 32 79 51 57 7 1 30 77 20 47 21 54 51 38 35 97 73 80 12 86 12 41 88 91 57 46 23 61 57 7 56 39 51 74 70 75 30 67 32 81 52 69 15 73 62 74 93 34 18 45 61 6 19 61 85 53 57 17 6 16 55 33 59 42 21 6 45 95 79 36 56 10 84 45 24 25 4 43 42 48 74 91 87 26 48 48 38 15 13 14 83 37 11 26 66 63 40 36 8 43 50 92 23 42 17 72 21 69 6 53 39 43 17 87 25 13 27 16 66 47 17 52 52 43 82 72 52 79 10 96 22 75 48 25 25 60 87 13 99 69 80 33 30 52 76 70 15 77 31 69 48 15 42 46 29 14 97 99 91 21 29 50 18 10 99 24 35 74 69 77 99 61 56 3 45 15 19 39 87 28 90 56 64 34 46 8 79 78 52 71 33 49 25 73 13 16 28 75 4 81 33 22 72 64 26 1 98 34 52 66 27 93 35 91 23 47 33 68 81 45 74 20 66 46 21 60 91 9 40 22 88 67 27 9 45 73 77 9 28 97 2 96 65 11 89 82 44 44 95 69 69 70 66 23 88 6 68 42 41 55 73 45 68 91 31 30 12 70 10 7 76 32 94 65 56 1 86 65 66 71 67 7 48 81 22 62 10 67 66 78 12 79 89 56 60 50 38 37 82 90 25 45 96 44 5 93 32 53 21 3 60 28 21 44 61 1 71 43 41 97 4 45 79 84 9 78 77 13 20 74 32 58 77 93 7 22 58 64 85 96 21 11 29 50 1 99 87 87 29 10 89 71 18 50 63 89 11 36 41 28 98 6 63 68 98 75 84 35 67 27 39 78 86 55 56 99 49 58 39 71 82 48 82 91 24 96 77 10 73 93 67 87 80 48 14 81 50 37 24 5 40 67 21 18 99 62 44 67 70 90 79 28
36 2 7 65 9 21 27 22 12 14 39 17 26 59 55 36 28 47 21 25 40 23 70 90 45 48 55 97 20 41 9 55 94 36 48 4 29 16 85 50 27 40 10 81 96 65 84 54 17 21 94 25 55 87 71 32 54 48 80 13 94 49 90 8 9 25 18 36 76 36 37 32 3 46 40 1 97 2 80 6 61 90 76 75 24 11 51 7 2 49 19 67 99 48 39 42 13 66 21 26 68 35 38 12 79 6 1 48 2 43 32 30 39 85 26 69 92 85 5 60 65 23 81 10 18 51 59 4 1 59 36 26 89 23 5 94 73 89 34 97 36 64 56 29 31 84 5 22 13 75 15 2 63 35 27 65 13 41 58 43 57 88 49 58 70 70 11 39 33 18 35 74 82 87 46 9 20 9 34 70 89 95 94 43 31 18 87 19 52 81 39 58 11 90 39 63 61 69 24 6 68 68 92 16 66 39 42 59 55 52 30 52 33 6 33 15 82 59 34 35 12 36 6 41 65 41 21 9 14 48 7 8 87 14 5 94 87 37 4 38 43 57 28 19 77 73 70 65 49 78 39 41 78 81 10 26 9 14 75 74 95 42 26 23 52 2 63 60 39 13 46 57 10 29 43 81 66 54 41 50 57 3 60 44 73 33 90 7 8 99 37 30 31 48 32 99 58 70 45 31 15 74 71 69 5 22 31 1 3 77 31 1 6 49 55 73 69 15 94 21 89 84 33 16 58 53 19 26 57 2 84 14 27 70 74 62 3 55 48 49 87 51 24 58 37 32 23 76 48 41 22 77 94 6 89 95 33 69 60 14 17 49 62 28 2 24 20 82 27 92 71 20 69 62 64 61 66 61 45 99 36 60 86 26 51 95 41 97 65 37 48 79 5 60 45 83 85 72 64 48 30 40 54 94 30 57 64 98 32 30 15 37 96 66 75 15 38 77 95 76 99 57 54 86 87 27 27 91 63 19 91 53 81 63 22 62 76 70 55 98 31 73 4 95 59 43 26 21 49 79 21 99 56 85 83 77 41 40 45 27 58 86 73 2 53 76 71 94 72 52 74 27 75 38 99 81 66 78 60 90 45 94 95 71 62 37 73 70 95 34 71 37 87 79 54 23 94 91 88 25
5 2 44 97 56 54 42 61 58 34 10 69 87 2 46 36 72 26 5 57 23 6 7 67 22 33 23 24 33 85 98 12 3 19 42 40 88 69 58 58 4 38 50 28 71 74 54 93 79 29 85 33 92 60 26 96 66 37 47 43 3 2 26 7 11 24 79 39 77 64 34 63 9 91 58 17 65 63 77 9 16 16 91 51 22 10 2 43 73 23 51 68 10 82 27 16 78 31 87 58 86 15 32 14 25 41 25 1 35 43 91 41 82 11 46 53 4 12 31 40 3 50 35 37 62 77 15 75 66 80 34 43 8 29 9 57 46 53 29 62 9 17 27 43 78 21 43 46 48 69 39 72 76 14 18 26 87 42 28 11 37 34 31 55 59 44 46 79 89 40 48 2 69 50 54 48 89 36 70 58 11 46 13 87 96 72 13 24 1 30 48 87 96 12 55 50 14 96 46 11 40 26 24 89 42 20 29 77 89 13 4 26 47 5 71 64 15 22 72 20 96 76 85 21 18 93 88 12 95 30 7 82 92 32 37 7 70 29 69 94 75 98 29 97 72 64 29 78 94 9 8 64 76 90 64 80 36 14 79 97 62 85 89 71 54 55 90 95 60 42 42 45 55 48 82 62 64 33 2 76 95 41 43 36 95 84 53 24 37 65 70 49 9 48 11 63 29 83 44 99 36 58 28 68 78 7 22 55 78 97 12 70 1 86 54 91 12 18 39 80 40 98 77 43 7 65 45 41 5 92 50 60 87 27 76 49 60 60 22 69 95 41 82 26 25 75 67 41 89 31 99 40 76 85 22 92 6 73 67 57 72 38 66 96 19 59 74 15 93 34 44 15 92 41 73 93 55 65 88 27 17 80 40 9 65 55 29 54 57 41 27 77 53 19 96 91 20 48 87 77 60 23 7 35 77 74 13 73 61 3 10 44 29 83 97 90 84 69 74 86 64 5 70 84 85 17 87 50 56 83 72 50 56 63 73 96 84 98 99 70 6 91 88 11 38 83 65 67 79 55 96 53 90 90 44 37 90 93 65 84 76 76 92 8 20 31 41 51 59 28 84 66 66 12 31 92 46 81 41 16 34 28 81 89 63 91 92 61 93 72 86 72 29 96 97 63 42 75 28 57
38 46 3 26 41 32 30 57 17 52 63 52 56 16 54 85 10 80 2 69 45 87 7 60 33 50 70 38 43 33 31 59 83 25 20 36 6 12 22 62 59 21 36 44 75 53 38 55 19 89 51 78 25 27 12 11 37 90 78 91 30 14 70 40 72 19 68 21 28 87 14 94 75 14 43 40 9 95 16 93 45 5 6 68 90 98 17 72 1 33 53 76 1 12 52 64 10 31 2 16 52 97 85 35 4 37 41 38 50 56 68 17 22 74 75 30 29 4 32 41 4 27 74 72 7 57 18 87 69 16 63 81 97 33 12 42 13 20 39 43 96 61 11 51 55 87 81 16 64 16 68 63 24 18 32 74 32 68 6 47 93 79 97 96 8 35 60 7 63 27 11 63 93 88 19 90 36 19 32 54 63 84 79 54 74 96 79 26 7 5 12 13 53 99 41 59 39 20 72 23 18 56 80 90 95 35 86 58 93 83 20 87 54 30 20 62 78 96 44 66 65 9 95 83 98 57 79 61 40 65 90 24 47 29 90 53 61 99 14 84 40 67 49 5 26 16 71 8 11 53 29 73 72 55 13 1 52 13 21 55 90 42 70 95 17 20 88 29 83 72 47 86 52 90 88 56 77 8 85 47 90 82 70 19 75 72 5 44 36 28 4 20 93 66 28 44 18 11 51 40 96 61 16 36 42 29 25 92 37 97 53 52 63 4 90 57 99 66 47 43 71 99 30 76 73 92 65 21 74 62 74 52 50 16 39 36 74 24 52 76 34 33 5 75 72 49 47 9 72 87 2 20 14 90 74 1 84 15 27 4 78 16 62 22 57 53 4 46 32 84 85 28 52 76 67 25 56 62 55 21 26 15 14 79 19 63 65 49 89 75 55 20 93 43 84 67 51 80 31 14 44 88 38 4 50 51 73 50 95 19 50 16 21 85 58 66 77 78 52 3 68 50 35 22 40 21 86 46 12 75 63 53 83 43 23 84 60 65 70 37 79 25 41 58 44 15 35 88 27 69 78 73 17 15 25 94 28 89 7 53 51 80 83 20 18 93 63 79 56 29 8 55 93 79 48 89 47 52 80 46 59 77 20 1 89 63 12 74 76 54 33 92 79 64 62 80 64 94 33 69
50 36 22 66 2 14 31 33 55 11 5 23 37 68 16 4 46 1 76 16 83 1 1 20 48 97 27 17 28 25 30 20 38 51 25 68 57 3 80 73 7 19 20 91 13 19 4 26 6 26 48 11 58 37 80 22 57 25 12 72 62 35 1 91 98 43 33 49 47 65 10 12 81 7 54 81 13 21 62 58 43 12 15 91 79 8 52 85 7 53 31 20 66 76 47 20 45 67 89 31 47 20 79 2 60 47 68 75 82 76 10 2 8 25 8 13 10 68 63 19 47 57 29 94 41 59 52 3 64 36 26 5 68 7 54 70 1 64 63 39 58 50 76 75 85 88 87 12 20 43 71 59 10 5 43 13 13 2 63 47 36 48 35 87 95 88 52 5 29 25 48 62 58 21 68 96 28 58 67 22 75 99 65 28 44 3 98 15 68 70 9 36 22 73 7 33 66 67 6 3 98 88 46 7 3 46 82 44 61 57 77 69 71 35 57 95 81 4 5 13 82 88 66 77 6 63 63 15 82 89 50 48 95 33 18 47 59 91 86 78 85 56 77 93 52 23 56 98 41 95 2 91 61 60 1 69 26 36 35 60 74 4 88 85 73 21 8 19 7 67 7 6 83 74 38 6 13 65 79 4 59 24 80 97 37 75 73 47 33 89 93 61 8 41 93 9 40 19 43 85 85 10 48 95 55 98 75 3 80 22 64 27 79 99 46 83 35 90 71 55 14 18 36 93 63 20 89 60 59 72 89 93 60 19 82 62 30 76 71 46 90 66 28 59 65 46 73 57 24 88 12 37 97 59 22 84 93 36 73 97 56 91 19 53 78 35 92 14 19 60 44 49 48 27 32 48 34 48 56 26 55 56 73 19 96 21 45 67 59 24 93 89 10 55 1 99 56 77 78 49 98 34 66 96 13 37 93 66 22 33 33 91 47 18 62 92 93 21 20 44 52 53 18 54 49 6 67 11 42 95 11 78 15 14 24 52 30 34 81 26 72 62 73 55 78 62 38 62 84 47 7 79 3 96 65 95 93 66 83 72 98 62 16 50 86 46 75 10 60 68 50 73 40 46 25 64 68 70 16 99 95 1 16 69 24 62 81 89 42 57 73 72 77 73 52 85 79 8 81 16
26 34 33 73 1 24 91 15 18 73 7 87 12 32 3 3 85 72 73 4 44 33 54 83 16 26 73 99 27 22 7 1 9 31 74 14 40 48 18 53 19 50 36 31 24 65 1 14 18 85 22 60 76 16 89 6 25 57 16 10 92 35 95 43 19 68 16 8 34 40 20 26 8 44 63 91 84 36 13 4 57 17 22 97 62 54 67 5 69 32 19 40 75 22 68 48 87 6 46 94 64 43 57 48 89 79 41 48 2 30 99 45 59 96 54 24 85 13 20 26 16 42 82 26 92 48 56 41 38 20 92 12 48 29 15 45 46 59 12 95 66 8 75 66 4 6 10 30 41 44 67 55 90 65 63 88 70 24 74 11 11 5 75 5 44 5 88 64 21 2 20 72 87 66 26 27 4 79 68 64 3 31 47 43 36 16 5 50 6 42 79 26 62 71 60 41 31 16 16 92 57 61 59 55 9 54 20 35 76 55 66 7 5 69 71 54 19 35 91 61 2 50 13 38 31 61 59 47 43 68 4 89 55 39 61 49 31 27 90 9 86 37 32 18 37 35 81 13 35 67 96 96 76 41 82 64 60 71 11 51 62 84 1 68 97 89 42 30 6 46 95 84 41 10 57 78 99 40 16 37 25 73 64 65 4 41 13 71 67 43 51 87 36 89 19 49 75 52 21 13 92 12 13 5 70 50 77 95 50 3 73 37 18 6 55 10 87 54 24 56 76 67 10 64 98 25 18 71 90 40 44 88 85 16 29 18 17 3 43 32 84 2 70 50 16 79 69 89 39 18 26 66 32 71 78 63 67 71 68 60 91 26 63 71 89 12 34 43 11 97 80 51 74 96 7 61 58 4 86 33 97 44 22 84 33 59 85 71 89 82 15 46 65 46 59 13 94 26 98 75 80 24 74 14 46 4 42 69 90 91 56 55 71 13 67 15 80 91 98 82 80 42 62 8 57 64 55 96 95 1 96 94 53 85 7 41 21 70 4 79 76 40 22 76 29 73 88 32 21 10 57 46 90 79 2 31 75 72 43 50 78 95 45 96 34 38 87 4 38 60 44 17 89 86 87 65 91 54 77 82 20 40 80 31 31 90 38 32 84 91 6 41 36 88 90 92 99 72 99 4
8 58 39 26 23 3 40 10 14 2 82 46 16 60 6 36 4 22 58 60 27 1 60 77 35 31 39 62 81 83 29 42 76 63 52 73 32 15 79 5 34 79 1 42 11 47 40 93 61 74 48 40 43 71 33 49 20 57 6 42 12 33 7 78 42 10 58 39 29 26 39 56 25 12 12 47 6 56 11 59 5 51 8 81 54 44 25 40 12 6 4 42 80 99 85 28 25 74 61 47 70 63 27 90 59 52 46 10 44 40 3 11 83 29 24 50 76 80 86 47 82 70 1 33 69 45 81 23 71 2 7 39 20 76 20 36 59 35 17 36 12 75 29 1 49 52 34 16 64 17 8 74 28 39 68 2 83 39 90 2 32 84 22 81 33 66 54 16 76 79 34 91 42 38 37 92 27 60 93 25 66 9 74 16 5 57 21 55 12 95 93 74 78 5 34 62 19 5 18 85 93 15 93 43 65 79 18 37 25 24 91 92 52 56 88 9 17 56 60 10 54 75 76 70 44 98 12 68 76 22 74 69 13 76 70 41 84 3 3 3 35 42 34 32 51 26 87 86 85 48 90 62 40 2 58 43 7 42 89 59 50 7 92 85 54 38 68 31 99 83 86 49 71 73 98 19 15 57 68 38 44 73 86 65 41 52 86 61 72 38 14 20 52 29 69 69 96 34 97 99 55 33 84 24 93 78 5 98 77 31 84 42 19 20 17 11 25 1 18 64 69 88 62 33 91 83 4 84 67 92 30 47 29 53 33 98 64 13 68 2 24 82 83 87 34 30 58 22 32 15 82 95 10 72 73 83 55 68 74 13 89 38 80 82 3 24 22 35 95 79 39 72 49 70 5 54 57 69 47 42 77 34 65 85 63 29 55 67 51 84 67 69 71 59 37 54 36 77 31 2 93 47 35 63 72 90 93 4 35 88 84 66 64 7 32 84 91 12 5 86 37 60 99 30 68 55 86 73 26 87 36 35 78 72 53 79 27 89 34 65 94 73 94 71 74 59 98 27 92 57 7 81 94 54 72 39 88 26 90 75 8 59 45 65 90 25 27 81 81 46 65 89 28 96 83 37 93 16 13 13 89 35 56 90 2 84 92 88 76 36 20 54 52 53 6 84 32 66 83 60
35 60 7 35 45 5 41 75 12 19 37 57 20 91 48 39 28 2 98 47 19 97 25 45 18 68 34 11 14 46 85 53 35 71 39 76 29 75 42 36 93 53 13 9 10 25 22 54 5 51 23 27 72 20 50 5 34 41 15 47 4 85 71 96 79 77 20 20 35 6 23 66 7 20 44 26 66 24 61 85 27 16 17 11 9 16 42 59 60 12 24 16 47 55 41 29 32 32 59 3 16 59 64 92 25 45 75 56 61 84 73 56 61 27 28 7 42 86 11 42 66 86 30 74 73 32 21 16 77 54 30 80 16 38 58 56 33 37 54 34 84 18 93 2 49 79 9 18 70 50 57 71 21 28 48 10 12 55 24 80 18 1 45 67 95 70 43 93 8 22 84 64 67 59 56 47 20 59 2 92 29 7 17 62 54 68 30 22 12 78 14 38 75 71 83 19 74 84 41 9 14 80 89 38 13 55 6 48 47 70 77 62 64 92 32 42 95 63 29 41 2 65 15 49 3 76 11 84 96 23 49 63 66 79 20 33 38 28 17 22 5 58 95 8 6 96 34 28 68 11 84 21 45 41 26 59 29 92 37 63 18 69 38 43 92 11 79 95 12 64 47 74 88 9 47 73 46 87 94 77 17 32 44 78 45 26 24 23 6 83 90 49 82 40 62 48 87 57 38 10 94 72 69 91 76 90 27 63 37 32 73 88 50 95 63 5 40 98 15 92 64 96 80 39 53 41 80 51 62 72 3 54 84 50 97 96 84 45 47 45 38 85 82 12 95 52 13 70 43 40 57 66 59 17 39 97 37 96 17 7 27 64 38 74 48 65 30 66 54 87 44 93 83 58 80 29 39 60 54 59 2 74 29 77 87 81 64 98 17 47 81 59 82 57 90 12 70 71 40 29 15 1 14 34 12 83 87 72 65 71 40 85 76 77 90 52 51 49 20 52 19 44 58 15 95 88 48 27 69 17 48 68 92 35 65 22 83 37 47 62 89 77 89 98 69 28 97 82 8 19 93 37 87 59 62 97 71 97 91 77 77 96 54 98 56 56 61 99 35 91 4 55 92 45 16 70 58 95 69 47 80 94 65 12 43 48 75 87 70 93 89 22 24 85 94 78 91 70 98 47
14 36 84 76 81 77 8 78 38 95 41 3 52 38 18 82 27 75 1 2 17 26 14 31 81 10 40 58 9 73 22 36 24 54 17 51 9 16 43 47 57 55 86 73 18 27 77 12 47 11 49 18 35 58 13 79 2 65 13 30 72 25 10 89 63 53 27 46 12 27 4 51 51 8 75 13 10 82 43 6 9 61 54 5 58 38 97 73 35 82 48 8 91 53 29 29 70 18 61 4 84 99 23 21 63 5 8 15 54 17 23 92 6 48 46 66 54 24 96 83 55 1 23 53 74 20 45 73 61 45 95 89 42 73 89 17 82 53 22 79 96 78 3 67 58 57 26 90 55 65 17 26 68 96 1 95 6 97 19 19 29 47 5 4 12 18 32 22 25 74 98 27 67 65 68 89 78 9 82 98 92 20 9 47 36 2 91 41 49 36 80 51 66 51 94 64 71 87 83 12 83 32 98 67 4 97 35 64 5 20 38 55 36 3 14 67 63 19 36 14 59 33 44 11 39 64 35 50 57 54 60 16 64 83 68 98 22 17 58 79 71 78 19 73 56 85 32 30 38 7 32 76 35 44 96 63 74 20 57 3 30 50 92 35 82 96 10 84 75 1 11 29 8 42 96 9 63 10 11 8 45 96 24 78 4 58 92 69 89 40 8 15 22 53 59 1 91 4 68 32 30 63 85 85 47 66 9 95 38 92 63 76 82 61 79 70 78 41 38 68 25 88 98 44 10 67 46 46 76 17 94 48 25 56 18 90 90 48 50 46 23 52 10 37 73 77 38 13 29 19 24 82 12 33 97 39 33 97 33 81 62 28 97 31 50 40 89 90 17 41 33 23 60 66 63 88 2 47 8 33 91 83 93 61 26 94 40 36 88 3 93 68 99 99 41 70 73 19 92 65 10 64 51 67 74 30 70 17 17 91 87 26 15 76 39 64 51 12 90 72 43 94 80 6 64 89 54 96 74 71 26 71 19 82 69 38 59 93 42 65 54 93 55 93 81 92 77 78 57 91 76 70 67 10 11 77 15 93 60 35 48 86 8 76 86 68 98 72 60 51 98 29 66 20 41 84 68 93 18 8 83 67 75 76 88 44 60 75 68 94 88 56 85 12 86 29 63 43 85 2
48 9 35 15 9 71 78 8 55 15 97 2 58 37 56 74 34 31 89 80 26 79 6 34 35 29 41 34 51 10 12 47 9 3 22 45 49 84 55 20 70 19 46 16 57 23 93 22 15 21 12 78 43 49 24 12 57 8 81 35 31 42 13 59 2 48 11 64 10 18 49 31 92 47 52 80 67 60 28 48 5 91 73 51 53 39 12 68 15 16 72 14 24 43 26 50 7 4 55 53 1 79 57 1 29 60 73 53 97 27 27 24 17 21 49 41 53 16 13 24 82 44 64 55 20 25 27 42 30 2 34 22 27 56 97 37 75 56 62 5 65 96 74 11 26 74 41 48 25 62 91 61 20 74 29 25 49 24 18 10 27 45 85 2 70 58 96 74 71 85 27 62 37 52 68 80 36 15 66 13 95 89 8 41 60 80 35 84 68 30 68 50 10 66 62 51 50 66 64 62 17 24 97 45 63 2 40 99 16 47 63 78 38 57 88 95 10 65 36 64 73 55 23 69 11 86 4 63 2 88 79 22 83 63 91 31 37 18 75 6 83 81 8 92 99 16 10 71 29 9 87 9 25 34 74 34 21 42 59 71 89 26 18 54 66 80 48 5 4 53 48 83 74 80 52 72 7 27 63 85 91 36 1 24 79 78 61 92 86 60 5 35 70 32 43 78 36 20 34 98 65 30 66 7 40 11 95 70 2 59 56 47 90 9 21 70 87 84 58 65 75 73 91 33 48 92 92 67 32 71 60 4 4 54 49 77 99 90 17 22 63 3 75 73 51 60 27 47 66 60 84 6 88 45 84 44 80 70 10 84 37 81 25 63 87 81 13 63 74 62 80 41 3 92 96 34 75 28 30 2 9 4 71 28 55 72 75 80 40 98 18 6 51 4 44 55 67 73 97 92 15 31 98 73 81 93 31 16 95 53 86 40 64 93 75 58 1 74 20 38 43 32 49 97 77 66 34 6 16 67 84 58 9 38 56 66 12 83 68 98 33 93 47 91 86 97 1 82 99 40 70 37 83 19 39 64 73 21 72 92 47 55 95 50 82 56 86 90 95 54 75 97 54 56 97 6 36 78 50 32 75 67 85 73 55 61 91 59 53 85 85 78 53 52 69 78 25 92 23 80
