10 20 2190 0.00
72 77 67 33 78 25 30 14 21 4 64 43 80 68 82 80 13 93 17 4
46 85 3 49 35 46 82 59 33 76 85 71 57 69 2 59 83 77 70 76
21 10 50 55 19 3 32 70 98 86 76 66 57 96 77 59 70 84 65 86
25 9 87 95 58 60 77 73 22 95 11 1 31 45 98 31 64 96 32 95
14 22 30 81 48 43 10 11 77 7 14 39 79 5 10 30 88 34 93 7
42 62 9 48 93 79 95 57 36 72 99 72 26 39 34 53 19 29 88 72
17 77 43 25 39 77 30 98 45 46 88 48 98 62 74 93 79 14 94 46
3 13 25 20 55 67 36 15 96 67 35 38 77 54 80 90 92 98 75 67
75 25 29 44 24 21 31 56 26 61 27 96 3 73 97 65 97 51 61 61
82 46 85 18 31 63 72 81 81 27 44 69 36 90 48 64 38 67 66 27
