10 20 1830 0.00
18 46 15 1 49 85 64 65 10 55 79 93 35 49 37 84 80 79 21 55
7 19 59 24 3 22 83 65 26 58 55 54 44 53 40 74 94 51 86 58
26 97 15 55 60 2 17 11 81 16 59 13 41 88 53 79 23 55 89 16
17 1 46 91 12 67 3 43 73 16 94 55 71 47 89 24 58 25 1 16
87 15 60 72 75 41 94 27 48 48 88 15 71 19 59 94 86 49 95 48
32 62 47 32 31 66 38 34 1 69 1 31 72 61 80 37 57 98 51 69
9 47 41 26 70 7 10 47 17 94 65 63 38 78 42 75 80 7 96 94
26 39 38 11 20 50 62 64 68 62 38 38 97 78 37 16 9 65 85 62
33 31 34 94 88 4 70 21 73 7 10 61 49 30 85 67 62 99 10 7
34 2 22 3 9 74 17 83 75 55 8 90 19 41 30 60 65 89 84 55
