10 20 1946 0.00
49 19 45 20 31 32 54 31 82 47 51 7 6 94 58 36 73 75 43 47
75 18 83 12 87 21 61 52 16 41 62 55 43 3 58 1 27 67 18 41
90 85 86 7 21 26 9 77 45 31 19 67 28 39 4 81 85 52 23 31
5 44 3 92 89 29 31 38 85 43 3 79 83 1 37 66 51 8 92 43
7 27 15 8 61 51 7 4 25 12 11 31 50 63 58 7 33 54 96 12
6 24 8 48 22 57 69 40 85 71 77 39 19 86 39 82 8 82 36 71
13 24 73 16 13 74 58 50 44 86 58 42 85 44 39 55 95 79 25 86
4 40 6 45 2 22 88 29 17 70 64 13 12 19 43 77 3 74 82 70
40 67 55 95 36 46 8 88 3 15 74 74 68 55 68 67 42 13 46 15
40 19 8 41 27 50 27 13 30 32 30 42 66 67 79 29 92 18 66 32
