10 20 1867 0.00
28 5 35 92 36 34 11 98 85 47 99 77 66 29 42 77 13 20 28 47
20 29 39 25 39 74 67 1 20 80 1 46 37 22 2 85 86 67 3 80
11 83 27 12 46 35 2 59 23 51 17 79 35 73 71 18 63 67 97 51
39 27 14 46 58 69 2 50 22 63 19 22 47 35 94 72 46 16 62 63
6 72 85 60 36 33 40 28 72 60 2 20 13 39 51 67 64 25 5 60
64 15 26 83 46 28 56 52 27 70 76 96 56 66 98 44 22 83 66 70
6 9 35 3 14 47 77 43 76 39 57 75 66 90 58 56 89 42 95 39
22 22 62 21 23 34 47 12 13 33 89 1 59 65 6 1 85 85 75 33
33 10 3 12 65 41 60 17 93 5 97 37 72 47 46 90 6 71 55 5
78 91 51 33 30 1 64 79 25 9 5 14 37 27 42 14 54 53 70 9
