10 20 1929 0.00
4 75 84 46 41 30 3 43 74 62 41 26 37 72 74 95 97 39 90 62
56 14 36 36 32 75 37 80 91 29 70 92 71 31 70 73 56 42 34 29
90 62 64 63 22 32 69 12 25 66 44 20 12 83 84 38 92 94 86 66
9 21 46 49 80 47 83 24 76 97 6 61 38 80 63 95 65 78 84 97
3 30 21 67 14 5 12 11 62 47 70 91 84 91 72 41 28 65 90 47
2 37 53 3 78 74 36 51 74 73 17 58 31 78 78 41 26 83 91 73
4 43 10 2 45 11 70 60 44 54 45 70 99 43 33 53 63 92 50 54
55 87 71 99 42 52 71 36 8 41 95 20 87 37 87 6 30 79 19 41
6 3 3 27 53 61 57 93 58 48 89 86 33 25 3 69 47 28 88 48
33 27 39 44 31 60 66 96 9 17 63 36 80 42 28 81 88 18 67 17
