20 20 2937 0.00
65 39 66 34 1 50 27 43 81 68 93 84 39 87 48 46 92 90 48 78
39 9 84 43 93 78 66 65 73 57 12 13 2 1 38 83 52 56 97 77
4 10 55 19 85 36 85 87 48 39 6 17 54 72 70 82 82 43 91 85
31 60 4 98 4 85 53 80 99 53 43 29 41 19 21 33 18 88 63 45
13 98 51 44 39 9 31 93 8 31 69 84 49 88 15 47 83 92 80 20
96 96 22 95 80 75 26 36 41 9 37 69 57 74 33 68 28 64 81 61
25 6 20 19 46 46 85 89 51 75 76 31 63 88 92 43 70 94 70 36
59 56 80 73 28 73 36 61 82 46 75 83 47 22 98 90 46 3 10 65
42 36 8 87 73 71 76 26 25 6 93 10 65 18 73 80 33 49 6 79
35 33 5 64 2 7 89 3 25 83 6 5 9 41 95 58 35 40 28 74
46 15 65 18 64 49 1 85 55 37 93 84 21 35 79 10 80 49 77 79
19 59 65 7 83 3 24 22 58 40 54 74 86 44 55 26 94 53 89 51
97 15 11 26 17 60 55 2 16 53 13 79 89 41 59 81 23 88 92 55
1 46 43 17 3 12 91 67 16 89 55 24 1 71 94 73 58 47 12 25
15 60 27 87 94 75 72 41 48 59 15 94 95 71 88 48 86 19 74 49
62 47 34 32 38 31 32 66 69 80 31 37 51 72 1 1 57 61 19 98
47 41 47 9 10 70 26 7 94 42 63 75 96 38 65 17 80 78 59 7
39 38 64 26 62 20 11 50 62 37 38 16 85 97 38 68 9 78 74 65
31 34 21 33 70 88 94 4 7 85 61 67 10 49 10 73 62 30 82 99
2 22 83 34 17 9 3 74 55 30 90 60 84 19 8 75 65 41 57 89
