20 20 2785 0.00
31 49 45 54 31 82 43 20 7 36 32 19 94 51 73 6 47 58 75 5
52 75 83 61 87 16 18 12 55 1 21 18 3 62 27 43 41 58 67 72
77 90 86 9 21 45 23 7 67 81 26 85 39 19 85 28 31 4 52 77
38 5 3 31 89 85 92 92 79 66 29 44 1 3 51 83 43 37 8 42
4 7 15 7 61 25 96 8 31 7 51 27 63 11 33 50 12 58 54 94
40 6 8 69 22 85 36 48 39 82 57 24 86 77 8 19 71 39 82 52
50 13 73 58 13 44 25 16 42 55 74 24 44 58 95 85 86 39 79 98
29 4 6 88 2 17 82 45 13 77 22 40 19 64 3 12 70 43 74 13
88 40 55 8 36 3 46 95 74 67 46 67 55 74 42 68 15 68 13 47
13 40 8 27 27 30 66 41 42 29 50 19 67 30 92 66 32 79 18 86
46 42 22 14 51 41 79 60 70 12 82 98 98 72 84 44 90 72 6 1
3 15 44 4 2 20 63 43 60 23 52 84 30 54 12 88 79 89 32 70
17 19 17 22 64 60 18 31 50 25 53 71 21 29 42 98 59 49 84 46
48 79 1 47 26 35 20 55 45 60 32 16 63 75 72 70 12 77 67 67
21 65 77 52 40 8 56 79 10 15 29 1 75 78 93 87 52 35 94 61
20 10 23 63 45 94 50 54 15 92 51 19 20 64 15 37 68 15 69 94
26 35 42 14 71 32 28 92 6 26 63 31 57 95 94 27 51 42 75 86
25 60 79 53 24 67 11 15 50 78 74 78 73 40 56 38 53 54 39 64
6 12 30 95 56 13 18 64 98 10 81 96 71 86 50 93 74 80 17 29
25 41 22 38 58 27 4 33 62 83 26 95 38 8 31 40 98 91 93 87
