20 20 2829 0.00
52 24 45 19 10 61 44 49 84 79 46 11 66 13 95 47 85 19 75 97
2 69 44 63 73 16 19 23 26 85 98 58 85 42 53 8 12 88 73 7
2 61 38 59 76 25 85 87 28 44 7 94 61 90 51 93 32 73 90 24
2 26 35 15 40 96 81 10 66 16 64 7 4 94 63 71 85 55 4 53
99 56 50 87 69 42 22 74 93 37 11 25 96 36 4 30 67 40 63 56
1 56 85 36 71 35 58 69 64 58 3 61 48 11 96 53 64 82 43 33
87 24 10 69 38 76 25 49 39 88 53 83 11 9 2 32 90 17 7 32
28 26 23 19 71 57 3 24 50 88 67 21 51 51 21 51 41 69 96 91
91 39 6 54 63 4 36 65 62 11 63 49 56 43 59 12 57 10 47 31
29 69 18 31 39 41 77 37 24 2 87 91 68 87 22 67 15 92 78 75
16 34 47 77 14 71 94 51 11 42 37 44 88 97 41 99 72 94 36 94
91 54 25 33 7 93 66 48 31 38 69 78 3 59 44 82 86 37 49 87
3 62 10 62 6 75 44 93 34 58 36 76 79 39 68 44 24 37 94 98
28 27 43 8 83 76 91 44 11 78 74 52 60 35 43 66 6 99 82 98
62 27 24 3 1 2 73 11 36 25 40 15 33 62 99 90 16 60 91 30
87 19 38 29 67 23 23 67 77 38 83 85 66 71 7 8 97 67 78 86
3 37 76 52 48 5 4 6 46 94 49 46 61 92 97 95 82 27 57 95
11 22 54 68 57 25 85 29 80 7 8 33 22 82 99 55 87 98 65 72
74 42 61 98 55 36 11 98 26 26 47 55 8 24 90 69 72 75 14 95
30 41 94 5 47 80 3 28 74 92 86 59 89 38 39 57 41 47 47 66
