20 20 2712 0.00
74 18 3 22 51 4 82 36 81 19 15 25 61 70 83 55 74 84 48 65
11 19 17 52 9 59 91 28 67 61 62 53 61 77 2 86 60 55 80 81
62 14 5 36 24 25 98 57 59 4 79 50 38 19 90 49 98 39 46 81
19 52 95 97 7 98 91 75 63 62 41 32 24 8 56 56 54 29 55 57
39 64 26 36 90 43 5 61 41 87 65 95 39 58 31 94 85 87 98 82
53 23 36 2 51 29 72 29 26 79 73 64 25 92 91 85 31 58 94 44
28 61 72 10 43 30 64 92 10 61 32 16 64 91 80 38 14 42 29 72
51 83 34 44 99 47 29 20 3 40 39 66 84 79 40 85 92 63 79 32
84 19 32 36 27 4 52 60 8 61 70 55 55 81 31 49 28 92 79 92
17 8 19 14 75 81 6 35 57 49 6 62 34 65 76 90 51 79 28 22
4 90 39 16 13 9 18 17 26 35 96 1 19 86 5 54 64 65 51 52
16 46 73 11 34 22 68 12 16 14 6 24 78 10 93 87 48 92 24 87
20 42 13 55 52 49 9 32 87 57 94 6 61 33 2 33 30 83 39 30
13 34 14 37 84 16 17 87 99 33 24 27 22 87 18 87 84 31 59 51
16 25 5 89 66 57 28 90 15 58 1 60 61 38 90 40 9 98 81 90
17 69 77 21 2 87 47 93 92 1 44 51 23 32 73 5 93 13 95 92
48 35 65 56 40 57 24 29 57 40 34 88 78 40 21 40 71 20 63 99
89 7 31 58 20 67 5 61 93 98 65 63 69 68 81 50 72 41 97 19
12 8 58 86 7 34 50 6 39 44 95 97 34 18 89 7 33 81 35 62
25 40 59 55 54 31 34 31 37 84 47 70 83 27 32 49 85 72 46 28
