20 20 2827 0.00
74 36 40 37 75 96 41 86 55 34 26 61 86 55 49 29 97 52 47 72
23 46 94 65 58 75 93 28 71 77 98 46 1 61 76 7 79 73 45 72
5 18 46 28 16 41 65 89 7 80 40 75 95 14 59 51 26 95 55 79
4 48 90 7 25 80 57 63 99 86 36 20 50 12 73 26 34 93 67 95
38 76 69 89 67 84 36 61 62 5 83 61 47 68 72 99 30 17 83 1
14 31 69 1 26 68 23 7 44 40 5 22 78 91 51 90 55 88 30 90
24 24 3 56 33 19 73 79 19 57 79 5 23 25 5 96 69 42 32 37
25 58 18 68 92 4 50 27 34 57 77 80 61 94 85 46 31 95 82 92
61 55 98 25 93 12 21 98 37 19 80 22 34 71 74 99 5 24 82 94
20 95 12 84 38 93 12 97 28 79 83 86 51 66 59 54 80 27 50 15
96 82 25 1 24 9 38 50 65 65 46 43 81 26 41 16 77 46 35 8
57 42 20 34 96 66 70 72 40 99 73 19 46 33 21 10 95 89 44 62
2 25 34 77 31 21 86 23 77 11 14 98 60 56 68 97 11 23 99 89
94 22 43 27 95 3 38 13 25 43 89 72 24 76 45 71 82 39 47 96
38 35 2 65 57 8 99 60 43 27 21 14 93 9 54 70 60 74 93 89
8 3 47 61 21 45 46 44 6 73 34 70 45 68 51 52 60 26 68 54
61 10 6 57 21 72 19 17 72 14 27 94 86 39 33 4 71 61 88 46
39 27 56 27 33 74 36 13 48 81 68 46 11 51 94 74 58 88 91 94
35 70 69 65 6 4 10 41 90 12 24 61 9 98 67 20 87 85 58 40
64 58 85 70 53 88 66 14 77 41 14 25 50 29 4 76 19 59 23 28
