20 20 2615 0.00
1 32 20 41 62 55 66 97 11 74 30 22 99 65 51 70 54 66 43 23
16 28 63 63 70 2 21 75 33 45 6 48 34 50 97 41 12 70 32 54
71 93 48 2 4 22 45 35 59 39 11 22 82 3 28 46 30 66 74 95
71 12 24 14 41 59 56 22 95 88 52 33 53 16 15 4 46 17 85 11
45 99 87 44 88 51 49 9 66 76 52 4 45 87 17 45 78 31 68 78
49 61 13 12 34 31 39 1 28 45 71 83 20 93 93 11 15 53 61 78
83 48 69 36 22 26 13 59 50 6 65 67 70 29 96 44 22 87 51 89
18 42 25 18 65 45 34 15 34 4 35 19 80 54 49 58 75 86 88 79
14 11 22 56 56 82 22 13 19 63 82 71 8 82 45 79 88 92 32 59
92 1 8 71 99 87 53 98 18 98 20 24 11 11 81 54 60 62 60 93
10 10 25 62 13 87 40 70 44 8 40 86 76 37 41 87 36 27 70 94
19 9 7 92 58 60 17 70 28 90 97 58 74 60 67 19 82 80 59 92
18 7 69 33 68 8 72 50 78 71 82 86 77 58 37 94 98 46 69 34
37 66 7 82 17 52 50 4 37 16 65 36 29 86 47 68 5 92 70 30
10 7 62 53 9 92 99 96 14 52 50 77 37 47 21 8 61 62 88 85
7 17 59 4 19 2 50 56 92 20 22 72 90 70 59 58 59 56 34 39
82 97 46 50 8 42 26 23 38 4 60 12 34 65 51 60 92 80 25 73
50 27 79 48 40 65 99 94 90 41 89 67 70 80 61 76 15 42 25 60
43 23 37 55 55 2 61 31 20 2 27 25 12 44 38 78 69 13 75 61
20 81 91 54 63 27 1 4 74 94 27 85 5 30 77 91 99 55 77 29
