10 50 3692 0.02
76 25 18 11 20 27 12 1 13 18 12 62 12 76 33 19 51 93 22 33 72 60 35 67 69 8 61 64 42 67 59 94 52 68 43 72 79 66 19 85 10 76 85 56 92 66 40 95 82 18
60 39 7 66 57 27 13 2 63 72 28 17 92 5 73 66 9 20 59 22 56 19 93 3 68 70 91 30 75 51 31 75 1 72 99 64 72 42 18 61 21 75 60 11 36 55 78 12 99 72
10 9 72 58 65 29 82 36 10 49 9 34 10 42 46 1 73 44 68 36 22 96 11 65 49 55 9 95 61 82 35 39 56 68 69 52 8 19 32 98 98 36 81 86 51 67 75 24 10 49
2 37 63 29 39 60 20 63 96 46 70 9 74 4 26 9 39 18 26 58 72 24 20 32 75 70 16 36 77 45 78 40 92 9 13 77 79 77 30 10 83 34 28 15 58 66 96 88 98 46
41 23 5 31 7 47 91 7 26 2 54 3 17 52 40 58 16 33 27 68 19 77 91 62 21 30 19 32 30 94 97 9 62 24 75 33 81 1 55 99 99 20 51 79 93 37 68 20 17 2
38 27 58 55 47 90 25 42 64 23 65 45 19 32 3 82 55 26 43 63 26 57 67 9 66 90 86 79 81 17 43 55 96 60 23 61 7 78 78 4 54 33 52 73 30 68 57 80 92 23
36 28 47 67 45 6 47 98 45 23 20 59 34 97 70 24 73 15 29 88 23 44 19 18 5 17 42 16 2 18 43 61 56 67 98 77 93 85 61 80 41 77 57 51 48 37 23 80 82 23
40 85 8 9 48 31 77 94 50 72 41 20 10 11 7 40 84 74 43 39 89 2 26 90 71 54 90 68 49 67 38 33 3 19 85 21 62 59 76 24 59 86 36 82 84 58 14 81 10 72
8 46 56 19 19 22 6 43 22 13 20 82 82 46 33 32 26 43 79 18 6 46 29 75 15 85 58 60 75 16 51 52 85 52 3 63 1 73 96 2 1 56 63 54 85 84 74 91 87 13
6 30 27 18 22 32 6 5 16 96 95 86 70 57 92 95 14 75 52 31 78 44 85 57 45 10 22 15 4 45 31 49 6 80 11 11 66 50 90 94 94 73 71 80 28 78 92 49 64 96
