10 50 3995 0.02
2 5 53 30 7 34 39 95 37 53 25 56 15 33 98 14 93 30 2 73 60 18 33 49 19 51 50 69 53 58 19 71 25 24 23 55 38 49 72 78 55 10 85 91 31 97 78 90 73 53
35 58 8 65 32 26 21 57 71 85 52 37 56 13 44 50 21 51 36 37 32 51 26 42 37 38 89 95 53 27 59 45 55 83 26 90 59 76 19 16 90 91 55 69 36 3 65 98 89 85
6 58 61 29 28 52 75 8 45 1 44 87 64 95 88 85 19 94 58 55 56 36 4 22 77 25 92 21 53 35 75 97 39 5 52 41 48 60 63 95 72 39 82 12 80 91 28 46 88 1
19 75 16 44 26 4 52 7 41 47 28 15 1 15 88 23 3 89 26 20 29 43 37 29 25 97 65 46 46 80 35 18 49 73 38 85 78 40 48 47 63 56 53 97 51 79 86 67 62 47
13 9 69 27 33 65 18 40 13 48 38 74 62 5 9 60 48 49 78 47 51 66 64 96 87 91 80 8 46 97 86 78 92 18 97 16 56 32 38 86 63 5 51 31 76 29 71 50 43 48
91 8 91 35 41 71 33 52 78 11 90 18 80 36 3 93 28 13 32 36 39 74 80 22 68 6 19 95 19 16 97 80 96 79 94 35 95 17 82 93 75 43 20 46 76 98 42 49 62 11
6 97 42 15 43 36 6 18 48 7 1 32 21 94 64 58 66 67 97 70 53 91 38 53 77 40 61 12 90 75 3 10 51 69 72 1 19 33 36 14 18 98 81 60 47 75 67 86 87 7
11 10 6 39 79 2 88 59 7 34 62 53 74 70 21 55 77 4 17 21 39 53 92 43 80 47 16 60 35 44 67 30 99 7 76 88 8 98 97 30 4 90 39 83 28 27 31 92 74 34
55 27 14 10 66 49 58 9 59 38 60 48 55 60 30 15 81 35 58 48 76 28 61 81 3 80 15 62 43 83 74 87 19 73 10 90 90 90 61 83 42 93 65 29 88 94 73 84 42 38
81 6 13 81 31 56 18 73 22 98 23 5 8 27 18 13 32 39 74 75 51 27 54 53 20 28 21 53 83 9 10 10 3 99 43 57 70 75 56 32 93 68 71 84 95 19 72 1 50 98
