10 50 3938 0.02
29 7 55 57 42 63 36 72 61 91 54 98 44 26 91 65 45 28 86 71 32 52 63 5 81 41 73 22 73 45 29 79 45 10 2 10 92 28 63 82 78 73 77 49 76 72 61 87 59 91
66 89 31 48 7 27 38 10 25 96 28 25 17 51 65 7 35 38 57 98 6 99 12 91 83 88 52 10 49 91 39 37 28 60 59 43 6 16 26 48 82 83 70 75 98 54 87 62 77 96
23 43 3 11 64 2 30 9 13 17 45 23 88 89 56 70 23 6 83 68 22 33 72 77 12 29 99 3 15 7 19 47 32 95 28 95 75 46 94 34 56 73 12 96 98 78 90 84 44 17
8 13 15 38 7 6 40 83 9 16 75 16 65 22 25 31 68 38 66 7 45 36 80 71 31 93 50 83 83 85 98 46 39 51 78 67 36 43 79 67 32 84 77 23 79 76 76 22 78 16
11 34 20 2 46 47 70 90 31 39 8 10 49 94 1 75 2 79 57 62 48 48 35 42 61 45 23 26 81 32 20 30 55 19 85 56 75 18 66 23 97 67 9 86 95 94 88 84 73 39
28 3 50 41 77 45 72 20 42 19 72 4 3 9 69 41 83 44 35 29 47 86 53 46 12 16 52 97 74 63 58 37 64 61 14 87 72 66 63 57 33 11 73 27 43 59 23 97 60 19
86 13 17 32 41 6 17 1 27 22 16 93 86 33 58 18 8 66 4 12 94 15 35 16 43 11 51 95 1 93 59 98 88 64 46 67 47 83 53 40 53 61 59 71 17 87 57 65 90 22
20 16 71 12 12 83 27 36 92 3 7 98 4 55 9 34 78 60 16 3 62 33 72 24 48 97 34 98 49 28 59 43 53 84 71 12 70 76 2 92 84 54 61 87 49 97 81 91 73 3
4 82 74 50 69 29 1 29 9 65 20 51 54 17 25 47 95 72 48 88 90 91 23 46 72 90 69 2 96 47 76 71 75 10 81 27 12 85 53 27 46 74 80 46 73 22 58 59 79 65
37 16 3 57 10 67 53 43 85 37 85 1 11 32 52 64 27 34 20 36 31 14 66 98 74 8 25 92 7 40 77 51 62 87 78 80 69 93 58 89 9 3 68 27 21 24 51 37 87 37
