10 50 3910 0.02
3 83 54 42 24 99 23 70 67 97 65 87 39 5 68 78 67 56 84 59 43 85 29 69 11 24 72 16 64 41 15 90 9 47 35 60 7 74 40 52 20 89 7 57 60 14 72 33 92 97
18 2 11 49 37 15 69 20 10 28 67 35 22 18 69 42 27 78 61 19 95 32 27 94 66 49 64 43 81 31 3 49 83 52 84 95 54 80 96 70 86 88 88 6 51 87 37 40 18 28
35 82 93 11 72 5 41 31 29 49 57 2 20 11 1 31 31 57 30 44 20 30 71 15 26 76 26 76 94 14 66 79 71 58 76 92 57 80 37 46 79 37 86 21 98 38 59 97 19 49
7 31 17 44 19 66 47 70 99 7 46 41 72 24 19 8 63 38 74 15 63 77 76 99 77 73 41 76 18 52 92 29 40 86 47 91 48 55 65 63 80 19 9 43 63 17 89 89 92 7
31 23 63 1 31 28 62 60 62 99 57 10 95 85 10 24 99 4 1 86 62 37 84 7 98 32 71 23 46 74 55 2 93 42 79 64 83 41 76 11 96 26 42 91 51 58 29 85 89 99
10 1 1 5 17 27 36 48 41 3 34 91 30 67 76 45 5 19 37 90 38 64 11 3 62 95 12 66 46 55 59 98 56 11 25 12 66 68 40 59 20 72 44 41 25 73 54 93 64 3
4 54 16 50 26 8 75 35 41 52 40 80 40 24 50 77 20 34 24 75 27 62 26 95 10 14 49 2 4 76 86 73 59 78 24 87 26 48 87 46 23 84 50 97 72 86 88 40 52 52
25 17 40 27 23 15 8 28 50 65 2 22 25 84 39 17 69 23 95 22 83 13 74 82 33 84 40 51 7 92 42 1 73 86 81 20 25 23 11 73 94 6 80 70 66 87 74 61 70 65
38 4 3 95 77 66 45 7 2 22 52 29 83 75 77 60 63 82 24 12 20 20 20 3 73 10 79 94 57 72 65 82 46 12 76 18 96 55 30 71 4 95 85 81 85 63 21 56 66 22
8 22 24 8 33 60 5 42 11 3 7 34 7 42 30 59 4 60 22 31 7 44 49 10 29 34 54 67 97 10 36 34 9 70 18 6 87 25 71 67 62 50 79 68 8 64 83 35 82 3
