20 50 4752 0.02
34 21 15 80 68 50 53 80 7 12 68 75 10 75 37 30 95 71 57 75 96 10 15 6 72 65 59 66 36 93 1 12 28 54 25 99 14 19 74 39 28 60 39 77 39 22 51 42 74 75
6 20 18 13 13 39 70 68 43 17 2 86 98 4 66 74 71 55 70 10 74 73 3 13 77 65 27 89 40 69 92 25 28 91 96 22 58 11 97 24 30 60 67 5 34 95 14 77 41 10
67 24 17 65 37 3 85 28 83 94 93 72 24 33 29 34 51 21 3 18 75 87 61 90 88 32 22 57 38 44 95 75 54 40 49 17 65 98 20 8 36 98 43 54 39 76 37 84 99 18
34 19 14 10 1 23 24 16 7 43 57 17 94 3 92 63 89 43 76 38 18 33 50 59 66 48 44 28 91 60 70 72 80 94 96 81 95 65 70 48 80 30 86 50 70 28 39 79 88 38
28 87 55 40 68 18 20 88 14 99 25 54 65 94 17 1 39 56 39 34 74 66 31 13 12 30 17 69 98 67 17 49 53 47 57 45 67 35 79 89 41 79 91 44 73 33 67 27 36 34
28 15 78 12 89 79 38 98 28 14 51 1 59 40 67 96 29 35 55 25 27 79 92 46 26 37 52 27 98 79 78 98 79 61 78 76 85 28 97 72 24 20 7 89 93 97 51 91 62 25
99 64 39 65 42 90 9 38 30 63 7 25 42 5 43 51 23 13 30 4 73 3 24 43 61 69 94 62 45 32 6 26 76 73 10 61 3 71 46 38 25 98 54 8 80 38 87 46 15 4
13 36 3 98 16 16 98 8 52 41 21 79 5 39 99 7 5 73 35 70 38 33 38 85 78 1 2 63 85 67 31 31 36 89 58 79 50 82 25 84 55 45 39 44 96 99 56 61 26 70
15 59 36 11 70 78 19 47 60 51 96 69 2 44 28 20 3 3 58 40 83 96 70 20 15 40 11 86 3 44 24 27 43 66 49 75 86 42 64 66 85 89 52 81 24 77 55 53 52 40
9 43 44 87 6 75 5 14 16 12 63 96 94 34 15 77 52 81 20 67 28 68 56 59 80 92 49 68 87 59 79 36 70 73 23 94 74 86 82 77 80 27 28 93 98 92 56 42 66 67
71 73 2 23 52 13 5 6 38 8 62 5 8 78 95 23 66 38 81 72 65 86 70 63 3 41 76 58 18 5 3 40 4 52 75 98 96 67 17 99 49 74 51 2 33 7 82 55 84 72
82 18 1 66 27 13 42 25 95 89 80 34 42 62 15 41 14 54 51 25 42 80 4 80 96 1 35 2 34 4 59 45 42 45 81 8 39 66 45 94 84 61 52 56 84 46 63 42 11 25
21 27 64 1 65 60 5 37 36 18 6 54 50 48 53 83 69 41 44 3 7 9 87 41 53 49 74 9 5 84 53 38 34 9 4 70 41 30 70 93 75 58 13 4 39 87 70 17 98 3
24 67 48 18 17 64 44 32 53 15 44 59 79 66 50 99 31 14 29 24 28 16 11 67 95 96 93 64 74 19 86 66 61 35 51 95 83 66 90 72 6 62 34 92 24 89 77 80 63 24
14 48 2 7 85 6 72 68 22 86 10 28 55 44 20 26 58 80 16 44 54 13 66 54 39 73 45 19 51 44 71 99 20 12 44 11 10 92 88 44 28 14 78 89 6 64 90 5 98 44
23 22 94 40 11 40 6 1 90 16 14 16 22 46 14 48 20 54 77 72 33 77 28 24 10 7 99 27 19 58 77 44 58 20 65 19 49 34 34 27 85 2 80 80 86 19 80 97 77 72
43 21 63 27 1 16 36 59 83 27 37 39 13 28 21 9 82 46 77 97 56 99 88 74 11 82 67 82 41 88 55 64 96 71 69 14 46 31 10 14 91 90 67 63 65 89 65 72 54 97
62 9 83 67 21 24 11 28 43 43 39 14 22 76 26 16 64 36 7 71 34 30 68 31 29 83 67 37 41 59 69 70 34 49 71 53 47 32 3 94 28 6 74 30 33 17 79 98 73 71
4 25 13 14 75 29 77 18 19 91 54 22 74 26 17 44 11 24 81 89 35 12 27 94 42 8 51 42 43 30 20 58 73 54 42 21 15 55 68 15 83 86 84 75 52 11 47 85 83 89
28 13 25 4 17 75 94 78 23 3 20 7 22 37 80 45 23 62 10 58 32 8 92 29 42 81 20 49 59 12 38 68 76 13 11 24 57 77 14 5 96 53 85 98 78 94 35 70 25 58
