20 50 4926 0.02
91 32 47 5 36 86 22 28 73 55 50 68 79 26 13 87 82 30 39 37 57 39 75 16 14 14 33 16 94 25 85 24 6 50 98 97 92 4 54 82 75 50 73 90 72 57 84 99 2 37
7 89 24 40 33 44 9 41 26 96 55 6 19 70 73 6 18 62 80 59 23 62 37 45 24 67 74 24 86 77 83 55 23 43 5 86 86 5 97 34 65 66 24 64 85 45 22 89 77 59
78 3 75 7 39 93 23 84 99 87 90 64 43 80 18 88 23 22 29 85 28 76 98 36 91 27 97 39 8 2 22 27 96 61 44 35 69 56 75 78 70 56 45 17 84 96 68 92 19 85
30 95 87 1 20 13 35 16 7 38 95 17 88 26 13 81 39 69 54 6 34 79 40 74 2 8 63 12 81 2 91 3 68 22 76 45 34 73 60 62 40 77 66 39 43 27 12 28 47 6
16 26 16 21 13 18 96 15 5 8 18 79 29 97 5 4 84 7 59 90 32 27 13 39 8 85 4 79 50 86 94 13 98 45 59 52 67 23 17 60 32 3 49 42 67 75 94 80 79 90
16 81 60 7 53 4 15 88 44 66 93 47 65 7 19 22 33 63 71 52 62 94 78 55 44 82 82 45 98 68 13 82 95 54 59 63 73 44 76 42 68 85 27 13 96 57 26 27 90 52
11 82 34 15 57 86 92 83 3 10 96 31 22 2 88 29 24 47 66 79 79 8 10 27 1 44 97 86 30 47 11 30 13 38 53 62 53 98 31 27 23 64 32 81 44 15 93 33 51 79
37 26 5 39 79 9 12 1 52 68 35 67 18 9 75 3 61 37 93 96 47 11 21 37 96 51 57 64 52 2 51 24 27 47 57 50 11 63 72 27 70 2 76 68 19 27 28 72 96 96
12 13 56 65 91 59 10 21 6 20 24 75 82 30 33 81 53 63 15 20 15 11 44 77 82 66 24 73 27 91 15 64 96 35 89 11 64 84 11 83 72 35 18 67 82 39 42 32 51 20
53 4 35 45 37 24 83 25 32 69 7 21 3 53 96 22 53 20 76 18 72 75 25 88 17 49 35 75 16 64 52 97 59 79 56 57 56 53 16 57 61 61 70 38 19 82 75 4 97 18
10 10 94 51 66 35 29 59 14 82 81 47 48 44 50 20 40 85 34 92 59 71 46 38 43 21 48 23 62 35 32 78 54 88 64 57 22 57 33 92 40 60 85 33 57 28 39 89 82 92
7 79 11 75 40 55 53 59 98 47 21 35 71 96 94 8 1 77 66 22 29 3 34 89 88 89 68 11 63 76 22 76 56 29 45 52 61 54 72 2 89 73 97 29 68 85 54 41 18 22
85 53 61 63 50 80 48 71 74 18 50 65 34 69 4 24 87 82 5 18 37 60 82 33 44 61 68 59 63 87 35 39 81 70 95 99 56 30 76 43 10 19 21 50 70 75 97 91 94 18
2 61 4 71 18 58 98 79 44 41 63 80 92 89 96 95 41 50 49 87 51 72 74 22 24 45 50 20 25 78 41 31 39 67 67 77 96 50 93 68 87 4 95 35 35 61 87 82 31 87
16 9 31 86 29 5 21 33 28 12 34 3 83 4 59 61 54 57 4 60 50 91 29 42 17 86 69 80 13 30 92 98 62 77 38 47 92 89 98 23 95 78 14 37 82 88 98 47 92 60
30 10 20 55 27 40 1 9 17 63 14 25 14 22 7 83 56 1 5 81 20 8 64 71 74 18 43 42 34 63 99 37 11 81 47 3 17 10 60 16 52 44 79 88 91 22 49 23 69 81
16 3 78 62 19 9 27 2 68 11 7 63 14 85 8 32 72 85 76 17 41 2 82 33 79 45 45 21 54 69 48 61 37 82 19 93 5 94 67 99 85 89 81 90 44 12 9 63 33 17
71 7 24 10 61 21 89 67 88 61 45 28 43 56 74 81 99 10 57 44 95 9 22 57 62 71 25 91 89 62 38 93 58 8 46 34 41 73 69 51 37 75 19 82 8 97 2 98 11 44
70 62 11 57 67 74 39 10 40 17 3 8 38 15 66 13 7 64 13 7 74 97 59 95 86 63 22 90 2 30 76 35 44 27 4 23 1 78 12 84 4 96 61 85 17 52 67 24 81 7
85 27 30 60 11 40 62 74 54 19 14 82 27 34 24 77 10 20 82 4 70 87 51 11 91 2 5 60 73 37 31 69 15 45 50 36 89 51 2 66 25 64 89 80 46 95 90 36 46 4
