20 50 4857 0.02
62 73 99 53 2 41 25 91 95 46 50 4 14 71 71 1 91 36 71 87 20 20 48 62 36 96 97 11 73 78 55 69 76 68 48 4 51 39 59 28 43 32 54 94 18 70 88 50 98 87
53 36 13 12 7 57 64 12 19 66 81 44 56 20 8 45 25 89 54 18 54 51 75 7 41 45 41 11 82 18 96 61 30 67 95 49 39 82 94 47 48 39 92 60 54 91 32 92 81 18
25 17 10 88 41 48 19 21 71 8 20 15 47 79 92 17 86 9 37 73 80 44 93 61 64 55 49 94 24 49 62 72 90 91 28 6 53 30 82 89 46 68 77 67 88 28 96 20 80 73
4 17 74 30 1 4 59 99 5 57 22 24 96 4 47 90 94 74 34 88 75 28 21 31 92 62 83 10 54 90 8 87 56 41 30 24 85 64 1 86 12 83 93 29 90 71 6 57 39 88
3 26 18 59 27 1 25 34 48 46 21 58 53 55 21 2 7 82 66 70 55 69 57 34 2 16 95 31 9 71 7 67 25 66 74 94 55 54 39 59 80 85 98 86 17 85 71 4 34 70
22 49 8 82 98 55 46 48 96 63 1 53 91 59 20 34 30 68 34 32 26 95 82 89 53 28 50 87 99 21 19 29 99 47 60 39 48 60 84 87 87 52 31 40 75 62 96 85 49 32
21 75 21 43 88 81 78 30 62 33 75 80 17 76 65 87 39 11 85 13 35 29 57 39 17 81 2 77 41 11 36 45 51 93 79 41 89 85 86 79 50 8 22 40 30 73 56 57 25 13
64 81 33 15 78 39 24 19 26 61 8 56 19 30 80 16 88 1 51 4 8 38 32 1 35 58 69 45 49 39 35 73 53 1 23 92 89 70 94 44 83 50 44 75 97 68 34 38 69 4
96 78 10 2 34 56 41 15 2 60 10 11 10 3 15 15 53 54 10 86 64 2 81 32 42 35 12 27 98 24 20 37 39 97 93 82 87 15 44 43 64 64 81 25 44 50 34 63 7 86
19 2 8 37 77 24 9 17 49 68 89 64 71 45 35 32 3 76 88 23 94 40 79 23 34 26 51 75 3 66 85 52 46 60 10 98 92 43 50 28 91 40 68 97 25 87 54 91 63 23
9 37 30 88 28 92 24 85 42 37 55 50 49 34 80 31 4 50 78 23 83 73 30 82 44 66 26 7 50 47 87 44 38 21 41 64 82 42 54 91 48 38 50 88 55 95 94 83 56 23
22 45 35 16 16 21 18 71 95 12 87 22 53 97 96 94 12 76 69 79 1 69 22 88 52 59 51 89 92 66 80 50 19 90 80 74 84 6 86 7 18 69 87 57 64 61 51 80 98 79
15 17 15 91 81 74 23 4 2 49 41 50 41 43 25 67 9 13 4 13 62 99 5 28 17 46 32 33 29 63 41 11 82 7 1 77 48 64 28 84 86 92 9 39 57 29 80 89 41 13
41 50 90 16 15 18 70 20 33 70 47 24 3 17 39 36 95 23 49 62 2 30 23 51 8 85 29 66 70 85 56 39 59 14 96 62 48 44 95 23 81 90 94 51 79 16 81 72 86 62
21 46 77 44 40 53 42 14 87 67 3 56 41 75 11 12 91 62 60 89 43 11 38 63 82 52 74 54 81 12 29 3 71 35 21 60 47 52 14 97 21 61 56 71 41 54 82 72 24 89
85 7 93 68 96 31 72 34 61 2 35 59 67 27 55 86 9 6 30 16 41 69 85 64 98 64 78 57 5 8 96 51 96 57 59 2 55 86 37 62 1 71 50 91 87 92 69 7 68 16
62 24 90 23 57 69 94 44 26 14 75 72 44 67 22 26 59 97 73 38 81 47 59 8 44 85 8 69 90 98 58 93 13 50 35 60 21 78 25 53 46 52 37 23 91 41 56 72 88 38
32 55 32 18 9 51 86 98 25 56 50 41 56 1 77 92 61 88 15 24 80 58 67 74 93 36 99 80 28 75 61 89 50 73 75 64 27 99 90 13 73 43 25 51 61 4 2 66 98 24
52 42 17 39 15 24 53 62 12 45 59 18 13 85 9 47 68 4 18 48 39 26 24 96 72 22 68 41 65 39 87 16 82 32 65 36 5 48 49 74 59 7 59 44 62 28 87 53 71 48
34 39 53 20 51 24 4 64 27 26 61 90 58 16 39 87 2 13 10 51 34 99 20 66 83 15 24 78 1 87 49 95 13 78 79 73 1 51 3 23 84 82 1 26 22 70 48 69 66 51
