10 100 6823 0.13
14 28 60 31 34 57 21 33 5 80 4 7 33 41 86 4 73 4 44 71 24 17 40 17 2 46 74 75 95 99 52 69 42 98 37 18 82 37 18 6 95 12 53 21 24 75 55 8 83 63 82 20 28 44 60 2 68 97 99 50 70 91 90 68 89 71 97 47 84 46 91 53 42 14 91 96 98 89 33 80 85 53 4 95 78 41 55 75 93 62 15 59 10 58 57 49 93 98 52 80
24 35 9 8 24 26 48 36 3 37 80 49 2 78 63 19 5 93 46 5 71 86 53 67 66 27 53 56 65 26 95 46 93 85 66 76 36 48 21 62 21 81 32 31 68 53 28 90 20 16 17 59 16 34 29 13 26 6 21 69 66 24 47 65 40 11 61 55 87 74 86 95 79 66 59 35 76 62 52 12 30 76 71 67 47 81 76 95 66 37 96 73 36 41 23 56 72 82 82 37
79 39 8 15 7 14 66 23 24 18 27 6 10 29 24 38 75 23 21 10 28 19 33 96 70 77 18 30 58 34 77 89 56 60 61 55 10 9 54 67 55 20 84 66 65 60 88 67 14 94 55 8 74 83 85 92 76 72 15 93 62 78 12 85 78 10 41 76 30 26 27 25 59 53 8 56 85 44 39 86 20 47 55 76 91 41 97 35 17 38 65 75 76 81 59 92 96 42 63 18
25 32 12 5 43 49 47 62 70 50 7 30 38 29 34 68 9 22 8 58 67 2 74 71 62 52 82 89 21 6 29 24 65 14 56 21 98 57 83 27 21 14 14 57 56 45 46 1 89 22 33 64 12 75 39 32 22 89 68 53 55 17 36 60 37 97 77 88 26 37 24 78 93 31 78 33 44 28 85 19 99 48 84 24 93 83 89 32 38 98 49 84 78 96 45 86 50 87 79 50
25 33 10 55 65 60 82 22 31 70 76 4 59 77 35 43 2 76 17 9 10 30 46 11 21 5 11 31 67 3 25 50 10 72 21 64 88 75 32 34 13 69 77 84 14 95 14 85 49 96 39 30 59 3 30 71 73 33 22 7 57 68 32 14 82 70 48 79 72 57 91 4 64 98 81 86 1 80 77 59 70 66 93 93 45 87 19 77 96 93 77 46 98 43 78 95 58 85 80 70
79 45 13 20 75 21 30 26 65 15 35 92 93 14 39 72 74 46 88 25 48 85 17 27 36 90 81 3 9 67 75 25 72 30 3 97 38 93 36 67 19 62 80 98 44 44 82 77 25 54 69 95 98 43 64 48 56 48 46 27 77 39 61 57 34 92 31 36 42 98 51 72 99 97 18 67 96 26 31 90 94 38 66 29 73 29 55 62 51 65 81 77 96 63 93 61 24 88 53 15
2 32 65 56 13 88 13 14 52 51 57 90 55 14 98 22 78 81 22 50 38 52 48 16 44 66 39 43 14 93 30 49 51 25 53 46 8 94 97 73 90 81 26 34 39 63 17 35 95 27 4 16 30 84 71 98 65 1 95 69 63 76 96 4 35 19 17 59 78 59 24 49 59 61 19 96 88 3 74 68 76 65 82 26 42 37 63 82 91 69 56 27 10 75 88 76 85 87 71 51
16 3 22 19 17 9 11 37 66 48 76 32 19 10 23 51 44 30 84 51 30 6 82 37 29 11 75 23 79 80 19 78 63 83 91 22 21 53 49 65 53 42 11 43 85 3 58 12 53 3 64 83 97 89 11 96 52 90 6 35 32 25 82 83 2 47 68 59 84 38 31 80 54 88 80 69 64 90 44 65 34 53 40 29 52 96 14 22 22 66 23 56 85 11 54 77 59 87 95 48
6 2 94 66 51 9 36 83 61 19 8 33 68 21 13 55 23 13 87 82 73 40 49 98 83 66 4 51 3 38 27 55 23 18 17 60 77 21 66 45 62 50 82 44 68 48 72 88 63 80 75 92 58 71 96 31 13 42 88 92 34 52 79 81 98 52 76 31 23 64 87 42 11 28 90 30 16 64 78 64 50 85 77 97 13 12 36 83 49 45 98 94 47 98 66 74 71 56 92 19
3 48 30 57 16 14 4 37 13 9 32 60 27 95 6 53 42 39 14 70 43 99 2 6 34 10 33 76 72 38 57 4 16 7 95 47 48 21 54 64 86 85 58 39 56 35 62 65 37 74 91 63 59 14 55 59 91 66 84 50 31 78 19 42 67 93 51 40 46 74 61 77 16 41 53 12 12 95 69 42 34 62 22 59 62 90 95 42 89 41 62 32 97 87 92 1 97 8 61 9
