10 100 6901 0.13
11 5 96 80 49 6 50 7 11 8 5 63 43 44 44 78 40 78 15 16 42 30 99 32 91 26 31 63 51 25 84 37 35 75 18 9 41 20 39 7 64 57 77 35 37 22 2 30 88 69 59 2 99 32 73 34 9 52 30 4 19 35 55 50 33 68 42 84 72 78 12 43 99 48 68 35 48 58 26 94 91 19 79 79 77 47 27 92 71 78 51 80 54 57 95 95 99 99 73 8
51 47 19 20 23 1 81 6 47 29 63 72 39 10 76 81 56 39 50 49 92 83 48 63 28 22 71 41 20 18 44 84 1 30 93 69 68 89 45 61 36 78 83 32 12 71 16 32 20 41 52 94 25 62 13 98 89 72 37 56 96 65 92 36 64 53 62 11 40 95 93 74 74 39 79 76 45 10 38 58 95 53 5 88 74 94 8 81 66 31 37 58 24 20 77 91 57 32 96 29
30 28 28 57 18 6 3 49 30 71 19 48 7 31 13 31 20 30 27 54 34 37 6 73 41 5 46 96 42 79 49 18 36 7 40 96 78 69 52 77 54 64 40 19 76 12 26 50 53 24 66 96 12 78 22 85 98 24 75 48 81 4 44 1 56 74 85 69 20 33 31 83 51 34 23 82 39 37 86 15 87 66 84 77 41 56 49 43 45 91 79 35 49 97 80 67 28 29 61 71
37 44 15 27 33 26 4 21 81 87 55 46 3 34 42 30 52 84 48 83 44 54 12 22 11 89 10 59 56 53 21 71 56 55 22 68 80 8 10 9 91 3 50 76 43 85 42 99 20 61 36 6 96 56 88 89 10 54 19 99 80 38 11 78 46 7 55 61 81 63 94 75 94 50 56 65 98 30 5 3 51 87 67 29 2 59 55 94 44 56 55 68 73 78 9 14 18 98 18 87
32 30 4 12 20 69 21 38 70 29 37 83 5 32 3 46 63 14 6 21 72 30 70 41 36 14 49 3 73 25 65 38 62 84 83 62 46 47 42 97 34 72 95 90 9 56 92 47 44 11 62 24 65 56 86 43 41 37 95 82 63 84 80 97 90 91 75 67 22 56 26 36 91 61 78 12 74 70 80 12 31 84 97 80 39 74 66 75 91 80 90 41 63 28 64 92 84 94 71 29
45 27 2 36 20 71 3 6 33 54 70 37 60 52 33 3 3 31 89 39 28 74 45 17 10 43 27 36 53 8 18 33 87 87 57 9 3 17 92 26 50 78 41 67 6 63 70 61 95 96 73 93 47 4 19 51 81 31 69 84 99 80 60 74 55 42 37 44 42 26 58 2 36 86 28 66 74 63 64 87 43 53 48 25 83 78 41 11 44 53 91 78 81 88 71 30 88 79 99 54
10 11 25 24 8 23 25 70 23 32 31 6 52 60 41 60 64 50 17 34 21 14 94 61 35 45 79 26 27 89 4 32 60 14 30 75 19 35 10 88 15 5 19 60 97 22 78 79 91 60 20 17 31 53 52 20 43 68 31 6 35 61 64 26 49 74 56 63 42 95 60 67 5 47 53 95 55 96 94 89 39 51 77 85 80 17 93 84 15 78 45 92 62 66 70 86 71 6 42 32
30 4 47 46 26 43 20 50 13 27 12 12 96 37 64 62 6 33 63 69 59 46 11 81 37 49 85 59 30 2 42 21 29 46 21 68 7 74 97 13 26 76 48 44 79 53 38 54 1 92 67 71 77 80 70 56 74 60 79 69 27 37 44 68 82 89 10 85 93 52 71 63 11 77 67 7 87 85 89 72 79 89 95 7 64 74 89 49 74 22 62 61 68 90 31 77 77 91 83 27
5 53 38 1 31 23 68 77 8 18 47 1 80 24 58 6 93 21 85 36 23 38 28 16 95 77 40 64 47 63 49 69 90 25 91 6 97 52 16 46 45 33 12 50 59 81 78 4 45 8 19 90 33 35 40 32 27 54 76 67 30 71 87 48 63 36 46 45 91 5 5 10 46 32 67 98 21 70 4 76 4 15 31 46 65 12 92 33 98 97 53 90 93 66 83 78 84 89 85 18
18 30 28 5 82 61 76 31 51 14 38 15 7 69 26 7 9 30 16 17 9 20 16 24 58 77 13 10 59 97 84 59 8 45 14 7 34 62 72 59 69 19 20 12 68 26 54 43 43 40 50 12 21 58 52 8 50 73 18 15 2 58 1 60 1 5 72 12 39 43 97 94 47 81 36 28 24 49 83 76 63 69 6 86 79 98 99 67 86 55 84 45 86 64 78 34 73 70 61 14
