10 100 6394 0.12
85 18 72 8 24 4 44 15 71 44 32 39 3 62 3 20 49 56 54 73 74 4 3 61 35 8 45 19 66 89 31 14 21 2 25 66 88 25 91 28 63 59 58 77 76 37 75 16 62 3 44 48 84 14 25 18 95 39 12 40 4 53 19 64 83 66 9 90 88 42 76 6 23 74 79 64 29 27 72 2 27 26 7 72 97 43 36 61 96 77 60 59 75 30 80 39 88 39 75 44
67 33 32 8 26 1 8 36 11 53 83 12 91 73 50 12 16 3 6 25 16 62 71 59 81 8 39 25 66 38 26 5 80 50 7 31 37 81 57 86 2 17 6 28 12 69 44 29 17 24 75 5 40 68 43 55 66 72 47 7 92 63 15 55 33 8 64 93 92 75 22 23 47 35 3 49 93 37 56 91 70 1 77 68 93 21 72 85 20 97 14 93 81 98 98 82 69 49 98 53
2 39 26 11 1 13 27 42 78 25 20 37 42 42 23 37 3 54 28 16 34 43 26 3 28 41 9 43 23 55 72 22 46 29 32 43 21 47 46 70 25 16 18 12 35 74 35 20 28 4 73 20 43 20 39 77 86 2 47 98 72 42 4 19 58 86 31 78 35 43 10 33 59 13 99 78 87 10 68 97 42 92 21 24 45 45 83 53 54 65 53 8 94 75 88 56 60 73 85 25
14 21 19 41 20 77 60 20 14 1 44 92 52 47 62 31 71 10 23 48 33 13 59 18 24 46 92 58 85 46 41 47 87 40 39 57 83 27 4 73 27 77 41 11 5 12 49 89 14 78 11 89 84 73 69 60 43 11 98 66 27 86 81 34 38 1 51 5 16 82 59 94 13 80 10 50 58 91 5 88 58 57 17 76 61 20 63 85 86 92 54 92 92 45 89 82 88 98 51 1
10 2 4 29 22 60 40 92 22 32 12 54 21 47 1 52 61 46 3 55 73 53 2 4 48 70 11 32 56 1 56 48 31 90 86 43 10 93 17 23 49 3 61 89 49 58 27 84 36 47 67 45 79 77 80 30 57 60 98 7 66 12 43 40 62 41 39 25 37 76 75 95 96 68 33 38 70 83 36 59 59 59 83 3 79 98 60 97 8 25 67 17 34 56 25 50 26 61 47 32
48 45 61 51 81 39 35 19 27 6 27 42 3 19 22 67 59 7 55 45 37 52 87 68 27 47 15 40 5 38 54 13 9 8 15 25 66 41 81 90 98 86 12 77 18 13 25 28 60 28 78 82 41 25 17 46 57 70 91 91 94 38 72 58 38 56 82 34 60 46 54 48 70 41 18 17 7 30 71 91 11 76 71 27 10 53 82 92 89 23 96 45 22 56 96 82 72 91 35 6
7 43 13 90 63 5 25 4 36 1 84 24 30 28 24 12 86 80 72 14 17 15 26 14 24 74 68 36 37 19 12 70 50 44 33 24 32 20 37 15 34 55 60 35 79 89 2 27 97 95 32 30 17 74 5 56 8 38 47 35 92 79 31 99 2 10 16 23 16 5 94 98 47 16 76 60 85 31 86 22 61 47 82 89 1 94 12 23 60 72 92 63 97 63 49 27 76 11 96 1
6 11 2 29 23 21 43 97 7 6 18 23 58 2 55 47 3 9 91 2 13 31 25 31 32 51 64 34 54 71 29 78 13 54 52 37 6 54 5 1 80 33 84 57 95 61 53 62 82 84 4 94 25 47 75 60 27 94 41 9 4 14 84 76 93 88 98 13 67 80 81 38 36 65 58 91 46 88 59 34 90 73 87 40 65 87 44 26 61 25 48 77 31 94 48 97 90 91 95 6
23 10 30 29 42 79 63 1 44 86 20 23 28 12 59 40 22 45 43 18 82 44 15 82 42 43 24 55 7 54 76 55 54 59 35 63 45 40 84 5 56 10 22 40 8 30 94 39 70 72 34 59 42 39 93 28 23 14 6 97 3 11 63 42 91 68 73 93 16 57 21 20 47 84 64 12 13 88 9 23 44 77 29 89 68 66 90 4 88 40 62 78 38 63 48 84 59 99 61 86
20 70 42 12 19 29 1 22 40 98 15 12 33 34 72 55 3 70 5 88 5 70 79 53 55 12 42 69 17 7 21 66 32 47 99 37 41 8 22 55 14 93 89 28 78 19 60 75 6 38 60 7 25 44 36 57 26 89 2 39 36 99 86 14 5 81 52 65 95 17 38 76 95 57 96 78 51 59 88 46 91 52 89 76 46 42 31 49 19 76 76 93 84 72 41 63 40 56 57 98
