10 100 6651 0.13
13 20 17 15 6 30 80 10 1 74 37 50 60 68 36 53 2 7 71 34 72 71 4 18 86 13 25 70 70 3 75 14 39 21 39 43 89 68 10 80 75 75 54 28 10 57 42 69 12 27 65 13 95 77 73 6 22 39 55 99 65 59 66 93 41 74 98 15 19 28 11 12 66 14 22 67 25 97 68 28 74 30 91 39 24 77 99 96 40 96 5 58 51 95 92 74 34 83 77 74
1 19 43 17 34 34 65 24 95 18 29 3 30 16 38 85 57 83 21 67 88 89 3 14 17 10 49 76 24 50 72 65 23 24 39 7 28 93 38 28 33 18 40 54 87 3 84 60 75 44 32 59 51 54 33 90 76 8 43 17 48 22 92 44 88 20 94 61 98 36 65 94 57 39 81 86 72 70 37 80 63 80 94 43 48 66 65 75 91 96 50 95 37 28 70 99 70 95 79 18
89 15 14 55 28 1 40 65 17 27 17 18 20 98 98 20 51 14 56 28 12 29 40 78 1 12 57 55 38 92 54 67 79 87 73 28 27 25 25 88 94 34 47 53 66 39 27 79 49 52 30 46 39 44 79 13 33 89 35 45 37 17 67 67 62 79 59 31 35 41 28 99 69 51 76 7 98 97 68 79 96 24 61 91 72 26 91 74 98 78 89 85 67 97 78 36 93 77 91 27
16 36 41 39 13 51 65 42 6 38 43 90 45 8 45 9 21 30 13 99 61 5 39 3 79 98 10 35 98 38 25 3 16 64 80 52 63 7 70 38 5 4 73 76 3 30 46 67 26 2 69 85 23 8 33 43 38 38 73 61 1 94 99 32 26 46 5 24 71 25 82 63 62 56 79 39 31 25 42 36 7 55 89 54 84 78 46 73 85 58 44 50 87 99 31 15 96 62 61 38
6 43 12 36 9 20 11 2 24 28 28 78 27 14 3 19 63 60 3 15 15 52 34 44 96 87 49 20 5 56 69 86 75 59 24 16 68 96 67 47 44 40 66 43 96 58 53 59 27 49 40 59 3 81 68 20 77 66 81 75 92 11 15 44 66 64 94 70 42 85 86 51 86 56 94 28 36 82 70 70 77 80 73 52 77 80 25 83 87 23 93 74 55 92 79 52 98 86 42 28
27 18 89 2 82 23 23 8 3 42 95 13 61 25 18 5 80 38 38 71 3 14 62 1 34 66 75 51 42 4 5 96 13 73 33 95 2 62 25 6 78 72 52 4 86 81 55 4 40 35 41 80 66 2 80 63 7 99 54 98 1 76 15 5 11 17 42 70 67 49 66 8 58 63 8 52 45 45 52 42 41 84 45 51 94 96 98 65 34 81 56 39 82 46 59 84 84 80 42 42
17 67 15 64 24 83 1 50 53 28 53 60 62 32 5 5 44 36 41 21 53 31 66 48 59 18 4 29 44 11 54 41 64 27 39 53 64 6 24 37 48 3 9 34 9 44 17 19 38 93 49 67 69 4 16 41 87 93 14 70 96 74 50 84 63 70 79 87 30 75 66 18 9 77 95 34 66 90 65 61 99 6 35 13 72 95 90 7 74 51 92 83 70 89 86 98 24 66 80 28
11 22 16 2 23 26 7 55 71 33 20 6 2 1 51 72 14 22 80 14 39 20 46 94 16 40 44 77 6 28 28 10 40 48 6 90 27 10 72 68 44 44 12 20 13 16 5 58 99 99 73 24 58 89 77 54 64 44 54 11 7 45 14 44 77 88 22 66 92 28 34 86 19 80 19 80 44 34 85 58 48 85 20 78 27 10 32 54 19 65 80 49 90 19 77 98 86 53 97 33
21 9 43 63 62 9 27 13 55 34 21 16 6 28 41 36 39 83 46 43 11 64 76 83 14 67 69 7 11 68 39 46 24 21 65 43 37 37 71 59 28 97 71 96 99 77 72 59 64 67 82 31 82 63 30 74 89 14 36 14 83 67 26 88 73 10 22 88 31 91 32 27 82 79 53 74 70 3 1 34 16 28 49 67 94 29 37 56 41 71 30 47 65 17 69 54 33 62 98 34
17 13 3 13 28 44 14 74 20 32 17 29 53 78 43 77 20 19 24 4 42 23 37 25 7 4 42 10 94 92 22 15 75 25 52 23 49 54 58 18 26 89 54 73 12 81 85 12 58 20 8 29 11 75 8 94 11 15 62 21 81 51 80 30 25 68 22 27 55 83 77 91 42 35 24 85 68 14 75 76 45 96 13 84 5 42 19 35 59 11 98 57 47 94 38 83 78 39 70 32
