10 100 6735 0.12
35 18 47 36 5 32 29 5 9 78 10 88 46 28 33 93 25 78 28 74 2 41 70 70 30 18 52 14 19 53 6 76 75 84 35 49 40 41 64 50 57 25 61 84 93 15 17 93 11 48 82 85 75 34 38 12 56 60 89 33 95 91 36 97 4 33 56 98 53 24 45 54 47 88 46 59 93 58 70 80 99 14 50 33 59 36 79 73 30 62 99 45 79 96 77 67 90 95 68 78
61 22 27 9 46 19 10 7 11 20 36 16 91 39 24 52 30 36 92 37 8 25 20 57 41 36 65 37 38 59 49 17 34 15 19 18 16 81 2 38 82 53 32 82 22 48 50 5 94 88 60 80 62 65 52 7 31 51 28 83 36 4 1 52 66 68 42 41 89 30 92 86 79 42 29 89 19 81 54 52 45 27 87 23 53 87 63 95 80 94 25 79 7 60 38 74 81 60 83 20
66 12 16 65 80 15 16 46 43 18 37 57 19 2 4 22 44 18 24 84 76 28 39 68 46 59 73 75 70 32 11 8 66 31 62 26 75 40 27 29 69 24 42 2 94 18 65 92 38 32 56 73 79 48 13 47 85 97 73 5 20 95 44 13 52 25 52 2 17 39 35 1 94 95 20 72 11 79 12 41 29 95 2 86 14 10 34 27 46 81 76 53 69 75 99 81 89 58 58 18
28 33 37 2 25 55 91 57 77 18 48 56 47 43 12 41 82 57 13 42 5 86 62 4 82 15 72 73 82 11 83 6 8 3 26 70 50 5 41 7 42 54 30 89 36 84 86 54 96 5 96 19 16 47 91 95 49 88 76 5 46 30 34 38 52 81 44 36 19 35 92 54 69 2 83 8 7 75 57 40 93 78 79 92 9 51 93 29 48 71 77 12 38 55 28 71 51 79 28 18
17 1 47 23 4 24 89 43 53 40 49 63 39 23 95 13 22 86 34 12 81 23 38 64 83 23 48 28 38 82 76 95 6 81 86 86 33 80 67 44 34 26 74 63 34 85 4 57 33 30 88 11 42 15 60 31 25 53 15 68 24 81 72 68 5 39 73 74 70 83 9 4 8 9 38 78 69 67 82 23 15 88 37 90 97 89 94 98 53 54 18 77 86 68 11 74 75 49 84 40
6 76 12 40 19 74 1 82 83 40 92 4 20 25 60 79 52 13 56 7 50 12 59 8 66 67 44 96 45 23 3 36 79 76 21 77 91 17 7 75 4 63 40 36 19 66 26 77 63 75 9 66 23 53 60 75 78 59 69 90 83 35 97 84 92 35 88 59 35 61 88 95 15 58 95 39 52 59 57 74 27 35 72 48 92 33 28 87 57 56 88 68 14 24 80 24 27 62 54 40
22 58 29 17 32 77 28 23 18 63 35 1 11 77 75 32 16 25 38 30 72 47 13 38 11 81 1 31 25 19 80 97 28 44 54 4 1 46 69 85 21 44 13 33 2 77 36 36 39 55 41 42 21 53 37 90 44 6 3 33 38 24 25 31 99 89 37 85 60 89 62 46 40 67 45 50 52 56 99 91 14 38 75 82 84 81 81 29 95 54 18 49 70 67 84 14 99 51 75 63
23 31 8 59 79 17 75 64 1 64 19 47 57 63 52 13 57 22 62 24 46 77 56 62 33 15 71 19 16 40 42 46 63 9 88 72 65 86 27 29 6 72 74 6 51 7 92 13 38 71 23 40 69 39 56 89 52 30 90 75 54 6 96 8 52 80 85 70 83 66 79 68 71 36 79 74 84 8 13 63 94 38 50 75 92 97 60 64 78 38 87 90 79 50 53 66 37 80 92 64
12 27 38 69 22 13 22 31 58 44 8 25 66 94 26 38 42 69 62 31 76 5 24 31 46 97 18 48 69 60 26 66 19 44 6 21 72 62 83 49 95 69 82 33 71 76 90 29 19 91 25 23 53 93 29 54 46 60 49 61 60 61 43 44 14 26 38 15 89 92 10 78 64 48 73 70 66 15 27 42 58 52 18 19 29 11 2 30 32 60 78 70 98 89 62 82 14 25 88 44
30 32 56 48 58 45 11 14 41 10 61 44 10 13 27 26 51 21 20 90 16 98 66 50 17 45 13 36 56 79 89 19 88 80 72 49 32 20 93 75 71 53 42 63 70 17 29 40 68 6 21 65 67 61 72 9 44 11 27 66 64 95 75 90 92 52 14 52 22 20 29 55 55 98 37 7 95 52 81 51 90 99 96 28 50 91 54 60 77 32 42 67 77 39 95 79 84 94 25 10
