20 100 7989 0.19
5 21 49 23 72 28 38 97 43 32 23 26 21 65 9 52 90 7 1 33 55 66 8 62 32 47 85 21 27 52 35 32 36 46 51 57 98 81 88 66 26 4 55 51 57 63 52 84 85 52 68 64 34 55 76 55 10 59 66 56 57 88 61 22 36 88 71 28 52 32 99 22 70 26 87 93 98 59 82 52 30 90 46 85 63 40 90 41 82 68 62 98 94 96 91 1 56 62 84 33
13 5 1 6 3 51 26 16 31 44 34 3 47 92 28 76 16 79 51 46 68 34 31 68 54 80 18 24 80 17 33 39 62 50 25 30 47 24 8 28 14 35 87 63 98 48 56 57 61 20 13 20 95 97 89 4 28 24 2 23 63 30 33 20 72 69 47 38 2 7 40 75 65 46 15 67 86 14 38 23 49 64 3 23 36 13 67 91 55 44 51 94 94 23 9 87 30 26 60 46
37 14 34 2 39 25 26 99 39 95 93 1 12 32 28 71 2 1 14 61 67 1 84 59 90 8 60 66 20 1 54 36 27 30 53 69 67 50 57 56 19 12 19 64 37 62 58 25 67 39 8 19 23 85 1 84 88 42 47 67 95 50 75 4 74 39 27 25 72 71 30 27 31 48 86 73 36 75 4 74 40 40 61 80 88 36 93 8 47 75 91 37 55 83 79 92 94 99 62 61
16 24 73 70 69 65 58 22 41 63 17 23 14 4 81 26 20 18 9 7 71 11 15 73 49 87 84 24 60 71 89 66 90 59 97 45 54 13 29 5 99 61 92 24 55 20 62 2 45 19 58 9 61 67 96 14 32 47 50 61 9 53 85 14 7 78 28 69 79 94 22 65 96 85 18 95 52 16 37 37 93 61 70 93 66 90 14 46 82 50 44 59 52 24 63 71 98 3 69 7
94 56 36 27 13 64 65 16 22 5 95 50 41 60 61 32 71 65 64 25 25 7 96 81 98 19 74 98 30 80 19 45 46 86 93 4 65 41 38 88 40 64 82 79 29 70 83 9 99 95 91 59 72 97 32 10 91 9 59 82 29 19 7 50 85 14 88 38 47 15 93 32 17 9 36 13 30 64 33 91 24 61 22 63 48 75 25 68 10 87 27 67 7 57 71 47 78 97 87 25
9 35 45 4 24 5 2 9 50 11 10 90 68 23 43 44 44 29 96 63 10 80 55 20 41 10 54 16 52 20 55 86 51 42 82 33 38 79 9 66 23 49 79 36 50 49 39 20 81 41 88 86 30 22 10 19 19 98 22 14 9 70 29 61 15 18 1 83 58 53 5 93 16 60 43 3 51 12 76 66 89 41 75 50 97 55 75 63 64 87 31 48 13 61 32 12 44 99 88 63
13 81 52 81 31 82 78 39 13 19 4 40 12 40 34 12 53 63 94 72 32 81 38 69 56 60 6 61 60 98 89 74 2 31 54 78 29 37 80 6 33 11 72 69 93 83 9 91 24 49 30 67 93 6 16 31 82 22 92 61 98 3 19 94 11 64 57 18 34 86 42 67 21 37 63 90 46 71 69 80 42 14 85 43 20 71 94 2 71 42 93 28 84 71 3 91 64 44 61 72
7 48 22 2 13 5 67 42 46 24 41 97 48 28 41 21 43 18 82 55 44 59 48 1 37 69 38 94 36 86 35 3 80 86 14 46 59 90 95 67 5 87 5 50 42 98 28 62 7 56 29 31 83 34 3 70 32 97 45 35 88 95 12 28 16 40 80 29 16 92 50 15 76 57 91 43 43 25 58 56 14 40 63 13 63 41 46 57 12 9 66 92 49 36 95 45 65 90 94 55
42 2 31 1 37 39 67 6 99 13 69 1 22 47 33 62 30 36 73 22 86 3 76 23 20 39 92 48 10 32 13 82 4 49 31 83 63 96 83 61 81 68 55 85 30 27 68 56 63 97 19 41 45 65 71 17 72 34 94 62 24 37 87 27 84 57 59 91 90 52 34 79 2 43 32 78 29 56 9 27 69 16 29 80 78 43 94 87 78 7 41 84 91 97 79 74 91 71 43 22
9 50 12 53 30 12 65 96 33 34 10 24 80 1 79 79 45 22 88 9 21 51 75 9 77 88 13 27 61 1 93 72 41 6 6 36 13 7 92 10 22 99 72 75 40 50 66 28 4 11 73 54 14 23 60 81 16 57 67 99 14 45 41 42 95 37 83 38 28 17 86 89 19 29 98 40 30 44 83 40 59 49 5 27 13 86 78 46 67 92 13 71 89 87 97 96 36 66 58 9
89 30 37 7 60 69 2 49 97 75 63 55 92 32 11 63 46 82 2 43 39 7 68 11 58 26 28 4 54 67 18 39 83 35 36 43 62 54 29 1 52 17 34 63 7 98 40 24 86 70 82 29 88 75 86 43 96 61 8 55 84 67 69 27 15 62 24 25 1 36 78 32 86 81 51 86 99 98 80 87 74 37 75 57 71 57 39 95 59 90 35 44 27 46 45 68 80 43 5 43
60 32 29 17 52 48 27 5 2 90 79 18 70 28 97 44 84 75 51 49 3 20 24 32 42 99 56 45 89 69 24 38 73 5 41 63 50 14 10 29 78 88 7 20 43 22 4 76 44 20 19 65 19 14 24 68 77 71 71 8 98 81 98 91 81 64 89 95 73 27 77 17 32 54 10 33 75 78 58 34 75 98 77 12 60 59 58 74 97 80 95 9 98 53 83 97 75 74 72 49
13 5 97 56 25 45 90 47 11 58 31 44 70 31 47 13 18 21 37 16 52 85 42 28 10 30 4 4 72 51 56 71 78 55 10 16 80 36 68 23 44 99 19 48 18 32 21 37 22 15 89 64 38 84 7 12 3 42 3 91 97 42 21 53 50 30 87 36 75 69 5 38 64 89 11 53 23 36 2 51 55 68 25 40 86 55 20 91 63 72 64 91 10 19 90 52 37 24 58 16
13 22 53 93 6 39 21 30 18 32 66 29 60 75 10 32 68 67 3 24 62 27 57 16 17 30 23 97 2 27 83 6 23 80 83 11 2 71 45 93 89 6 55 58 62 66 29 63 82 80 55 64 8 38 60 96 55 74 46 22 11 87 11 90 91 26 89 47 38 67 20 76 89 23 78 9 41 39 54 34 89 32 75 47 16 95 81 54 37 96 91 12 75 80 79 42 55 45 73 24
49 96 9 79 49 37 4 63 84 39 4 26 73 68 76 75 64 40 11 67 47 13 13 91 61 61 67 14 79 47 4 70 28 28 63 27 81 22 7 80 33 36 83 2 55 80 26 98 24 19 23 30 4 63 58 74 77 26 43 4 72 5 51 68 51 40 58 99 44 47 28 67 20 99 40 45 84 66 46 70 77 95 70 16 17 75 67 28 89 63 39 14 64 54 43 89 73 97 75 67
25 73 52 47 76 3 59 8 46 15 29 69 23 44 20 31 11 6 16 13 22 51 29 20 29 34 38 51 43 26 28 33 81 85 60 83 13 48 30 2 55 15 11 4 64 10 46 59 67 61 64 74 49 79 21 68 26 81 43 71 25 66 92 41 73 56 1 63 48 87 83 80 90 60 96 10 19 45 60 6 76 99 65 94 14 51 39 74 77 36 85 96 81 50 86 35 77 95 70 13
14 35 28 10 2 12 6 25 83 61 20 97 25 65 85 41 18 82 66 98 83 87 73 80 87 34 30 74 19 60 78 6 23 73 77 84 32 23 2 54 72 38 47 48 24 16 83 52 37 57 18 34 80 7 67 73 51 26 62 58 16 1 34 71 80 21 7 92 94 51 61 69 21 69 78 17 94 23 22 99 13 11 38 89 99 7 19 96 50 45 40 94 82 34 52 83 47 64 80 98
25 17 37 98 20 23 85 35 23 31 22 36 35 46 6 64 7 42 23 89 14 76 11 22 28 13 53 78 68 59 48 47 48 7 22 59 14 61 30 83 66 83 32 43 84 56 92 55 9 85 41 62 66 12 80 57 32 12 91 87 90 91 84 67 58 69 61 58 63 40 22 46 88 46 46 89 30 94 96 11 6 81 63 82 46 74 80 40 12 38 80 55 88 62 79 27 17 82 67 89
16 27 6 82 92 92 15 33 35 54 69 81 14 12 2 1 66 8 34 23 10 21 26 56 16 45 42 56 42 45 33 16 38 77 41 75 47 34 71 74 37 93 44 29 35 19 94 36 16 31 98 71 72 48 60 47 94 78 44 62 12 14 84 69 18 91 53 26 31 72 84 33 59 85 63 69 65 71 82 74 35 32 82 77 74 34 58 34 46 91 47 8 10 97 20 75 66 35 57 23
20 43 54 20 81 71 15 86 12 33 50 21 8 42 45 4 48 84 31 43 56 97 9 68 1 27 46 11 12 7 33 59 11 4 8 6 37 72 93 78 84 8 29 68 57 12 27 51 68 76 28 54 24 30 85 80 28 49 62 2 29 77 35 90 17 74 29 43 97 29 86 27 88 4 9 46 22 69 68 45 88 87 89 48 70 94 26 73 71 6 90 92 45 96 51 65 99 90 67 43
