20 100 7814 0.19
60 28 38 9 22 26 1 20 7 21 38 7 71 66 3 20 43 75 42 5 27 14 15 54 53 68 8 35 42 31 70 26 99 38 37 46 48 36 74 56 55 99 17 67 43 75 43 37 60 68 36 45 17 94 15 43 42 97 74 57 98 85 60 68 2 54 69 15 75 92 85 88 68 95 38 94 3 19 82 62 31 87 9 22 62 90 44 41 63 97 61 78 84 96 87 51 69 26 32 5
84 9 7 62 50 28 37 8 1 52 96 18 1 5 7 16 53 24 84 40 52 3 15 96 43 69 74 34 10 31 94 10 60 31 12 95 18 44 75 45 74 37 41 79 68 71 12 76 37 6 19 88 93 14 96 44 47 66 20 19 20 41 54 6 53 92 91 26 13 86 20 56 52 6 91 42 37 41 23 41 56 45 65 37 42 89 50 3 46 72 85 96 54 76 69 77 4 55 46 40
7 44 44 88 57 9 70 13 83 15 46 79 2 85 17 2 88 15 74 11 68 84 9 31 16 16 41 60 89 60 9 96 45 73 64 13 75 39 74 97 48 7 59 41 86 59 25 59 34 28 94 77 62 67 24 31 4 68 36 89 73 28 7 77 67 37 70 75 69 85 25 47 95 75 74 42 76 88 45 19 32 64 27 68 63 88 97 95 15 41 65 71 50 79 69 85 9 42 63 11
79 60 33 7 9 11 70 60 47 8 35 77 26 2 4 99 20 7 18 30 35 17 59 59 72 52 35 23 73 77 10 51 97 8 75 70 70 12 22 88 60 11 74 88 69 87 79 10 95 48 26 88 47 32 60 84 56 46 30 82 16 40 89 73 7 54 48 74 11 49 34 77 54 61 11 89 52 25 37 62 94 17 47 67 74 42 36 34 20 10 76 52 20 53 57 89 32 90 74 30
8 1 87 25 96 32 71 99 86 7 15 24 50 64 41 90 29 50 95 93 43 8 39 24 13 50 40 63 35 18 21 22 69 66 8 73 50 50 22 61 92 57 6 69 47 38 90 39 35 90 41 1 33 94 21 86 49 37 18 9 57 33 66 12 81 80 79 90 93 86 5 94 59 67 63 70 85 45 70 89 23 14 28 54 23 71 65 18 57 20 87 68 18 32 93 9 70 53 62 93
7 24 36 24 67 33 20 23 18 94 8 85 17 10 22 15 38 32 78 7 57 46 73 36 27 10 70 2 75 30 90 56 9 43 70 35 87 96 7 5 11 24 13 98 88 70 81 18 30 45 43 12 74 52 27 14 91 63 98 36 48 98 49 42 33 91 7 61 81 83 38 3 13 34 91 1 47 96 89 50 73 91 56 89 89 1 43 55 83 46 78 54 95 80 96 88 94 65 31 7
43 4 5 6 11 49 37 68 28 98 38 87 11 59 99 97 8 55 50 54 8 48 46 83 59 85 98 77 90 88 81 43 10 28 29 94 63 58 86 9 32 51 97 62 42 45 25 63 12 96 71 89 95 95 8 35 58 39 19 50 32 45 42 46 89 79 23 40 18 90 86 36 48 3 51 67 33 47 29 66 38 2 55 61 42 15 32 75 87 8 12 66 23 24 94 61 78 38 89 54
1 21 8 40 29 65 30 15 86 18 70 33 4 24 69 68 15 55 44 44 15 58 76 18 85 60 9 83 23 36 67 91 12 51 62 39 18 18 29 56 6 78 73 18 3 37 79 88 97 6 82 63 76 32 56 19 9 28 94 67 92 24 86 45 89 96 36 36 78 39 65 62 40 56 42 72 65 24 79 57 96 72 54 89 64 50 62 94 9 76 33 28 77 57 88 76 77 65 63 44
33 26 55 21 3 74 48 40 58 99 55 52 96 7 82 16 68 25 35 31 2 41 39 2 3 88 8 25 87 72 48 72 26 13 2 12 12 66 27 75 46 40 82 10 37 36 54 47 44 14 77 77 59 5 17 15 69 44 8 22 44 89 17 49 69 48 57 1 88 96 83 18 77 77 94 18 82 56 15 46 67 86 88 46 94 12 15 42 87 76 76 98 83 8 6 55 53 89 77 31
71 17 58 73 10 25 58 13 39 38 9 31 39 35 92 80 21 30 95 88 54 17 48 82 88 28 14 3 6 72 18 41 11 8 94 79 18 61 79 23 66 61 45 11 34 53 24 41 63 51 2 53 94 37 56 90 18 62 37 33 28 27 96 30 62 5 39 47 44 4 60 77 13 93 93 37 38 66 20 35 88 66 86 38 98 94 68 57 97 73 92 84 81 44 90 70 84 99 72 88
8 93 22 18 68 95 60 44 48 80 10 79 12 40 47 9 43 97 5 69 87 8 91 48 88 51 26 77 50 93 89 28 92 46 6 81 51 61 40 3 6 96 36 3 11 95 29 65 51 81 74 32 33 44 93 23 51 63 81 31 97 57 42 74 7 53 85 62 27 13 71 8 91 75 98 94 48 92 83 50 12 90 65 70 54 11 25 80 56 63 64 47 5 98 80 15 99 97 92 69
76 34 10 39 63 76 54 45 37 63 26 7 42 34 85 6 38 61 40 6 35 92 94 95 50 21 70 29 22 12 67 80 10 53 92 25 48 6 79 16 55 54 3 12 78 10 72 34 95 75 85 48 9 50 91 93 92 17 63 45 68 39 76 82 51 2 60 97 63 27 96 24 17 96 17 60 95 74 57 65 71 86 53 14 92 98 80 25 32 93 56 83 75 85 22 34 89 29 78 6
77 94 48 45 75 5 14 3 81 21 95 86 64 17 46 62 19 21 2 86 77 42 4 34 76 35 77 77 57 34 48 27 56 94 33 4 80 17 49 18 85 80 86 76 4 34 28 65 33 19 96 24 53 70 81 49 23 35 20 86 89 72 83 43 27 72 31 71 62 4 90 86 55 26 75 64 63 96 66 95 84 34 53 93 4 47 89 42 93 52 94 57 86 52 70 66 80 30 60 86
41 25 43 38 19 54 7 56 1 49 75 23 78 38 4 59 85 84 12 34 53 63 24 38 3 31 30 75 21 18 59 7 69 41 35 49 53 63 82 2 24 2 7 63 86 2 28 7 69 11 12 92 45 82 76 3 60 92 93 47 33 63 6 90 58 13 98 38 61 71 89 59 84 20 22 82 59 49 57 5 71 57 32 28 35 26 40 99 95 94 35 8 9 89 44 98 39 54 40 34
10 36 44 13 70 99 62 24 45 16 36 80 96 87 67 71 89 13 13 46 73 96 5 62 23 13 13 57 50 90 5 70 54 77 43 76 21 66 26 70 77 18 16 28 5 29 66 84 9 79 12 7 6 94 75 93 64 86 68 26 91 11 21 50 19 50 66 38 65 25 60 43 98 12 35 5 17 20 83 9 76 98 71 19 70 82 42 75 89 24 97 34 97 65 7 86 69 58 66 46
16 79 6 28 5 4 42 40 8 48 4 14 84 2 98 16 46 45 47 62 26 37 88 37 32 18 31 12 55 56 14 73 45 54 15 9 13 17 14 90 77 59 78 66 65 41 90 65 17 10 28 66 8 90 57 99 61 63 51 97 96 41 4 68 90 5 43 86 97 54 17 64 84 71 30 69 81 82 86 49 59 57 12 59 76 92 89 32 20 88 27 98 5 63 78 46 82 63 57 62
6 9 43 46 23 13 20 55 22 24 20 2 4 84 28 15 31 68 42 34 12 96 68 8 70 47 92 40 85 9 83 37 67 41 92 22 77 6 31 92 38 80 28 62 22 5 24 52 74 27 15 32 28 21 97 80 74 37 37 83 41 87 88 43 37 32 94 89 2 4 78 88 18 51 12 65 98 45 99 67 45 22 99 98 79 35 84 34 91 68 70 24 87 26 29 39 62 92 12 34
33 4 86 10 43 32 11 81 24 25 74 6 94 70 15 21 33 17 9 36 65 37 44 13 30 59 31 27 30 6 27 27 13 57 98 26 39 56 6 20 60 32 90 28 49 58 83 47 96 72 8 33 45 13 24 63 80 8 87 69 1 19 50 33 73 57 24 98 4 81 8 27 51 35 89 27 89 6 19 81 13 58 77 68 68 74 89 81 68 61 37 87 66 33 36 88 39 34 84 36
26 39 19 83 6 21 24 65 60 42 67 42 31 95 20 9 72 88 28 91 79 48 58 19 39 6 61 58 7 27 14 32 48 71 39 9 74 94 69 86 42 41 47 50 66 61 6 46 28 98 96 26 82 2 27 23 64 87 35 40 3 77 95 85 85 85 4 36 61 72 78 94 68 70 44 67 40 87 58 83 84 66 91 75 2 51 18 91 52 64 38 29 87 50 39 46 96 80 63 91
8 54 27 60 16 24 51 30 24 4 12 2 18 19 2 95 30 7 57 7 10 27 2 60 31 95 77 50 9 58 4 31 29 33 26 76 20 71 55 42 2 42 71 39 81 83 53 53 21 78 95 61 60 40 31 46 27 4 74 58 21 75 26 45 74 71 56 2 77 31 8 56 22 84 39 45 3 54 19 90 13 21 69 45 12 86 96 99 22 58 5 28 90 87 61 44 11 78 84 7
