20 100 7994 0.19
56 78 82 38 27 20 78 7 58 12 57 87 55 92 12 5 69 12 55 79 15 65 95 45 69 83 29 97 45 58 48 43 75 2 41 37 97 39 22 46 52 8 44 58 75 46 53 13 88 86 61 60 45 18 45 59 49 21 64 29 90 71 75 88 92 29 78 47 82 14 86 22 19 9 90 90 77 92 31 20 21 85 41 48 92 99 73 20 25 67 93 38 61 49 65 89 53 95 34 79
91 2 85 39 81 31 30 63 72 75 44 92 25 41 7 77 6 15 39 35 65 16 22 94 14 2 78 28 66 13 6 15 2 77 25 83 4 57 88 26 21 37 36 20 87 46 51 89 76 43 46 25 58 68 92 10 14 70 11 72 51 25 76 27 49 37 95 58 71 89 18 88 70 84 57 50 89 42 56 88 48 74 81 65 81 38 77 75 95 43 24 66 66 50 53 40 83 8 31 35
67 51 14 37 48 56 50 17 72 55 12 29 88 76 28 29 56 97 15 43 27 28 32 62 78 34 97 26 29 74 71 3 23 37 6 9 73 30 94 24 31 85 54 18 90 57 50 47 43 46 70 90 31 89 56 22 28 64 48 91 32 60 86 18 94 44 67 87 97 83 58 81 69 48 96 55 32 24 94 4 75 2 33 83 83 72 59 16 62 28 51 97 74 89 10 92 91 99 57 43
18 6 81 99 35 54 41 97 21 65 11 64 71 40 52 42 36 75 31 67 65 43 29 10 18 64 80 56 88 91 78 78 87 65 80 52 34 84 91 81 75 63 16 57 28 8 53 82 13 59 58 79 52 26 14 86 12 24 81 82 44 72 23 79 76 8 80 20 49 88 53 83 77 79 30 83 32 57 64 5 91 4 14 32 67 47 60 92 46 23 85 28 58 20 47 95 27 3 98 67
56 25 3 45 46 43 3 32 40 1 40 37 16 93 95 40 92 87 95 18 6 43 19 19 77 74 61 69 5 73 52 81 68 80 5 33 91 42 32 75 66 9 76 45 84 56 14 42 28 44 43 88 57 69 40 78 33 75 7 42 53 30 31 83 34 66 10 39 50 4 82 84 60 98 36 90 98 56 90 69 34 22 94 79 87 83 87 72 71 53 84 72 56 94 84 58 49 58 87 18
7 1 40 58 19 5 48 70 57 3 40 49 49 4 27 7 81 2 24 23 62 19 35 78 7 20 94 20 53 25 23 52 14 34 63 5 29 11 26 69 51 78 86 20 48 77 43 66 91 48 53 91 29 13 14 74 84 95 84 39 40 57 59 88 75 87 53 48 23 85 34 54 30 55 42 9 43 40 21 32 92 84 80 40 19 80 50 19 20 88 49 41 56 75 91 79 94 91 92 23
86 13 23 55 95 25 9 27 66 39 69 87 20 56 4 32 11 98 92 99 24 76 55 14 97 34 15 76 68 27 15 86 10 37 21 49 93 3 69 57 20 76 85 3 88 26 87 75 15 28 9 32 43 48 6 26 57 5 62 64 35 54 39 12 5 46 12 24 92 75 33 84 33 94 1 15 57 30 34 78 81 86 13 60 10 61 56 46 85 76 83 89 81 34 80 86 78 57 23 99
35 10 8 11 83 76 8 65 60 54 16 17 41 87 67 80 72 19 34 11 8 79 59 36 99 88 50 29 20 24 12 33 24 18 21 7 29 21 76 86 77 49 89 88 31 75 85 18 22 75 41 93 46 42 19 76 5 62 59 70 88 18 6 15 18 90 21 47 35 2 35 79 88 51 94 50 60 84 59 74 85 88 86 85 92 19 91 85 81 8 96 4 64 39 10 4 35 89 96 11
18 14 9 44 39 6 80 21 5 53 51 62 23 13 92 70 1 98 67 44 5 18 1 23 39 21 3 25 20 11 26 3 22 72 71 41 65 74 28 80 71 48 45 44 14 57 51 25 15 79 14 9 72 84 46 55 91 61 45 36 82 36 85 50 54 34 94 92 3 56 70 51 42 55 86 10 56 19 90 91 36 46 97 92 61 10 65 49 25 93 25 29 41 47 51 81 62 23 39 44
55 63 17 7 31 16 16 86 45 53 40 39 78 41 75 97 68 2 63 4 94 26 93 92 36 10 91 64 64 54 95 29 84 1 94 64 52 82 23 60 33 17 67 23 1 10 27 68 77 35 84 36 62 50 85 62 25 43 63 17 64 77 5 14 50 95 13 7 69 40 90 37 50 27 62 91 32 83 93 94 16 66 59 50 7 22 5 73 19 81 25 65 21 96 69 12 75 56 91 4
13 17 6 7 8 88 7 52 64 80 74 1 98 18 60 10 44 12 14 47 85 27 62 30 15 31 93 35 69 34 9 92 78 60 58 29 88 59 10 64 53 38 53 90 3 14 44 62 57 60 71 31 56 86 82 37 71 7 63 35 47 42 9 16 15 69 46 36 56 83 55 13 14 46 95 49 87 63 14 53 28 65 14 60 24 80 38 60 93 74 38 81 41 16 99 20 90 90 23 47
32 31 33 27 14 42 96 49 10 21 88 66 4 3 49 76 61 54 44 12 22 44 29 21 50 63 46 98 67 3 61 28 86 39 60 38 3 78 53 47 52 76 59 91 60 64 66 23 64 6 61 15 5 62 19 52 37 58 45 25 37 90 9 89 55 25 4 66 20 78 71 37 79 54 3 78 22 27 41 57 37 85 69 74 57 88 14 98 65 93 58 73 83 91 97 86 3 93 57 12
4 69 64 45 18 35 26 20 99 56 33 28 25 13 51 22 21 62 17 75 59 51 60 60 15 28 2 12 26 16 20 41 81 84 58 80 75 37 66 5 19 41 14 66 86 62 15 26 40 5 73 20 77 93 56 88 73 30 59 92 9 99 62 54 84 94 48 73 86 10 77 41 52 42 50 44 77 95 89 43 64 93 90 39 89 65 31 63 95 25 76 38 2 48 35 94 98 29 83 75
1 80 14 40 14 41 4 55 73 75 49 37 19 38 17 58 28 27 22 80 21 48 14 37 13 94 29 9 60 35 38 50 27 71 88 53 6 22 20 26 94 10 78 68 42 48 64 21 63 49 34 2 76 65 61 32 53 69 51 58 15 23 93 80 65 67 42 74 4 43 35 14 79 58 69 64 7 6 44 77 80 2 96 56 3 96 53 81 89 17 4 90 99 88 54 91 46 95 65 80
22 60 25 68 27 71 39 28 4 27 99 26 57 34 32 35 3 32 26 66 92 97 78 18 4 47 10 58 31 92 92 81 66 71 37 89 72 24 1 57 98 66 93 52 62 65 58 63 90 62 52 35 96 1 81 52 87 56 49 89 51 5 40 99 93 61 53 85 68 64 52 54 33 97 89 77 88 34 11 24 46 69 35 25 21 35 49 76 84 16 83 84 68 25 67 29 44 45 99 66
26 9 56 59 56 18 24 55 54 33 8 6 76 67 5 45 88 48 98 30 10 58 38 11 25 80 24 54 85 48 97 5 11 39 37 82 31 81 67 3 44 89 34 56 34 38 45 89 21 9 62 51 31 78 85 48 88 49 84 66 42 29 96 82 18 22 93 67 40 43 69 45 6 72 27 67 2 96 57 76 96 46 17 12 9 96 82 38 22 91 72 82 9 62 66 38 99 55 57 30
48 65 77 23 57 28 27 38 4 64 11 18 1 85 90 40 19 49 35 28 78 26 59 82 53 28 68 82 87 87 54 46 76 19 36 34 68 64 40 74 11 94 6 27 37 4 37 25 10 71 55 34 22 48 57 38 54 99 81 12 83 52 64 23 66 34 67 91 57 86 74 80 34 47 22 94 69 52 29 19 60 41 65 93 87 25 45 90 42 19 33 51 91 10 99 79 34 81 96 28
5 37 9 17 22 62 92 42 25 27 53 71 51 63 13 40 14 15 6 30 38 68 41 49 28 45 33 55 3 2 16 45 35 8 18 83 9 17 96 63 3 29 16 78 80 89 70 77 72 97 34 95 64 42 53 49 66 59 10 80 52 69 68 55 84 46 65 95 89 30 17 53 87 56 88 50 73 48 48 95 91 40 6 88 97 18 59 1 47 92 39 44 91 88 9 86 58 81 79 30
42 85 86 33 57 11 93 25 1 53 31 38 44 12 48 41 45 80 72 66 63 69 29 84 93 24 6 6 2 90 68 43 34 65 65 11 35 75 26 27 44 20 22 65 11 68 67 56 64 47 84 70 39 7 82 54 14 3 43 30 34 42 48 21 28 89 82 15 32 99 69 53 84 15 24 8 55 93 69 83 22 70 81 9 77 29 84 33 88 87 92 79 46 97 37 28 47 89 93 66
17 68 53 35 35 92 75 2 30 24 50 23 36 3 63 46 83 19 58 50 69 13 66 56 98 60 21 34 52 91 70 97 48 76 77 82 12 73 49 8 74 61 22 29 38 91 28 42 60 63 8 63 59 35 32 34 98 91 32 13 96 97 81 65 12 26 51 6 57 16 12 39 92 11 45 32 55 73 81 36 15 59 58 49 78 81 75 71 8 93 64 44 90 81 90 32 87 48 52 50
