20 100 7780 0.19
55 95 29 21 67 22 5 25 76 16 79 88 97 40 28 47 77 69 54 76 61 54 4 3 66 8 71 64 73 17 18 60 65 98 13 16 29 23 31 9 30 7 13 65 13 23 10 51 51 94 99 77 57 28 43 75 81 29 77 69 33 68 70 33 40 97 42 59 6 92 57 81 93 40 1 48 14 30 4 54 96 22 50 79 97 80 90 62 39 49 53 76 54 11 94 75 88 90 90 76
5 78 92 28 23 63 25 54 17 27 89 73 29 36 7 10 7 38 15 60 63 81 68 60 48 65 31 33 17 41 2 24 31 46 30 37 33 99 73 93 81 91 22 86 43 51 18 93 93 1 65 71 35 54 91 72 43 19 98 26 47 26 83 96 74 94 63 8 96 75 93 75 24 94 44 27 65 27 87 11 8 98 73 20 72 21 45 90 52 99 67 45 62 57 30 46 73 82 84 60
70 20 8 69 54 30 77 47 96 13 2 43 33 15 74 59 83 31 85 9 70 47 52 59 21 79 19 26 86 29 98 22 64 44 38 53 39 38 13 22 45 28 46 77 6 22 34 75 8 62 53 11 88 92 90 65 23 59 13 2 56 94 24 44 70 22 28 36 1 51 13 50 62 72 41 28 73 36 53 95 62 81 73 2 31 68 27 13 67 83 37 42 97 83 92 99 62 23 25 9
11 65 53 7 11 22 42 59 9 43 29 15 27 74 89 28 7 17 73 41 50 90 59 17 19 4 72 10 52 65 56 63 61 61 47 25 83 8 18 9 36 8 43 88 87 66 94 33 4 51 13 53 37 60 69 53 5 93 53 79 47 61 69 80 88 7 54 60 53 37 93 98 61 43 71 47 58 89 4 80 50 77 39 23 29 66 12 67 88 84 98 75 40 98 26 1 46 17 89 41
3 15 8 61 4 32 73 12 77 36 5 39 15 6 29 99 1 17 40 11 19 43 16 27 11 19 16 40 52 77 53 14 10 37 56 81 96 33 44 86 43 11 79 67 33 29 58 35 45 99 38 49 49 44 61 99 23 93 60 43 27 53 41 62 88 45 71 3 29 23 46 8 10 81 75 97 73 85 50 48 28 54 64 94 87 2 64 69 83 49 78 30 56 28 86 9 84 91 61 11
56 35 49 14 27 10 36 70 51 96 90 15 60 71 66 16 53 73 24 17 48 7 4 77 21 14 93 73 6 72 39 5 69 50 66 37 88 11 43 24 42 63 50 68 45 11 97 48 82 14 5 82 45 27 55 27 90 89 32 91 45 4 49 31 95 61 64 59 92 84 43 42 61 32 79 64 52 51 89 98 83 48 73 58 99 79 81 34 47 66 70 68 73 86 69 59 25 74 8 17
3 26 7 42 93 85 56 15 63 59 1 2 7 99 69 18 26 83 32 90 52 16 42 57 20 51 73 54 30 6 45 62 11 90 10 69 34 45 64 36 35 31 51 33 51 62 34 11 21 17 78 78 91 67 44 78 60 14 48 8 44 35 4 95 19 47 23 58 54 94 49 24 88 27 94 78 77 35 70 14 60 6 99 91 88 81 32 57 16 50 52 58 61 97 27 97 89 75 76 90
34 14 55 29 32 30 36 39 16 83 11 20 68 74 96 38 13 72 31 55 70 61 16 33 83 97 88 97 64 15 11 45 28 94 82 1 89 30 15 78 6 63 38 6 14 69 72 48 67 76 43 70 75 74 8 97 30 83 78 3 94 78 25 14 96 9 74 68 90 8 3 76 64 69 89 37 97 61 23 38 63 36 90 12 26 67 28 61 72 43 85 99 64 45 91 55 74 99 83 55
87 12 17 78 2 29 53 23 79 40 26 51 8 28 2 25 74 50 24 80 25 6 60 66 3 97 95 96 2 20 64 26 44 3 76 76 35 78 11 92 94 61 44 30 82 51 97 67 78 16 86 8 48 67 31 17 90 2 91 36 29 33 9 61 78 81 84 35 36 22 66 48 99 46 88 77 47 29 84 84 53 83 22 91 60 74 56 28 86 15 41 98 92 22 82 21 84 19 95 80
7 3 21 39 71 9 14 59 26 23 28 28 21 1 31 80 89 18 22 5 41 59 29 91 45 57 17 36 97 14 18 41 65 9 28 70 2 82 66 23 14 13 81 20 27 69 61 64 95 27 8 30 31 58 25 83 67 4 19 62 82 51 2 25 44 93 10 47 5 73 24 29 21 54 17 36 2 93 72 72 85 8 83 92 35 90 69 91 35 27 76 55 53 72 45 90 9 90 81 5
17 36 42 2 35 96 35 18 63 43 55 3 1 17 14 12 36 91 88 36 75 13 78 13 20 22 16 49 44 73 35 52 6 18 65 51 24 51 67 33 45 24 77 25 68 70 76 39 6 53 82 20 10 39 60 6 65 99 26 93 34 64 85 77 72 37 84 50 88 74 79 91 41 91 43 13 80 46 14 2 34 17 67 25 77 36 66 78 18 48 12 58 74 99 83 40 42 99 75 36
10 16 27 42 64 55 45 22 4 36 15 85 53 40 21 10 68 59 78 29 6 8 18 21 96 1 94 72 21 59 52 45 79 3 27 64 53 92 68 39 37 94 90 8 73 72 11 24 69 22 53 27 92 10 72 24 24 8 33 9 86 96 65 26 53 50 37 6 87 87 42 76 47 27 26 89 23 71 21 34 31 75 66 81 57 72 61 51 77 97 44 33 78 1 36 77 99 97 96 29
48 15 31 38 61 61 39 29 52 25 42 37 56 26 42 45 73 49 18 44 50 58 20 42 69 35 95 3 30 61 96 51 50 71 46 50 58 3 24 6 44 27 17 73 14 31 10 57 26 30 39 95 48 20 16 80 9 27 62 85 24 69 63 17 3 48 51 66 47 12 85 33 34 34 89 61 44 88 32 83 28 94 14 6 59 52 2 56 56 65 36 44 13 54 76 45 79 3 32 44
89 6 4 3 6 8 61 20 56 26 46 94 74 61 24 67 5 82 16 90 20 78 90 35 54 30 29 38 54 20 22 74 75 37 51 85 11 52 66 25 58 51 70 29 82 41 22 1 3 58 25 1 59 96 96 31 7 66 31 64 79 88 71 48 7 51 69 29 73 94 24 34 5 76 54 59 51 87 83 73 6 38 80 87 17 71 43 19 73 63 95 70 89 93 58 80 33 85 83 90
15 26 42 38 51 42 15 62 18 87 89 24 70 57 5 72 68 5 98 40 86 19 81 36 82 92 9 3 36 1 84 57 62 67 20 77 19 74 93 58 69 73 26 51 69 78 74 82 35 67 50 41 11 34 56 49 33 99 86 12 81 60 79 32 67 52 37 92 69 4 57 83 49 84 97 49 12 85 39 73 79 28 64 50 8 18 69 36 85 10 31 99 28 30 80 77 28 31 68 40
6 65 93 83 50 43 42 47 31 23 68 32 50 59 18 51 19 54 43 52 11 18 75 92 36 31 30 67 43 45 30 33 13 39 87 9 28 79 67 84 56 64 21 61 33 57 45 10 31 27 31 88 46 87 26 28 71 50 69 89 40 48 26 68 12 29 60 63 43 36 96 25 60 3 50 17 59 27 82 33 64 98 74 80 91 69 79 86 42 32 89 48 29 91 24 58 41 34 96 52
32 45 10 28 7 86 44 25 5 26 66 77 56 39 73 45 13 26 32 5 46 56 62 90 18 68 54 32 48 96 67 78 17 68 41 27 75 4 29 38 88 77 13 57 92 62 30 90 98 71 21 37 69 45 57 40 94 41 3 53 74 9 70 94 35 38 52 39 81 53 40 94 74 68 35 91 71 28 95 49 53 73 15 73 29 5 84 64 32 49 63 36 76 83 87 85 55 43 20 5
35 15 56 30 27 5 56 61 58 53 8 18 60 15 52 6 35 9 44 13 2 79 24 19 58 3 12 37 43 39 4 94 98 17 39 16 88 63 38 67 15 5 94 92 1 20 23 62 55 56 75 41 16 62 7 67 83 55 42 82 25 39 66 46 81 28 63 96 13 56 58 79 43 94 44 91 85 31 62 49 72 80 31 34 60 65 53 42 85 85 26 57 51 79 61 45 70 57 16 13
9 68 33 61 19 56 17 94 24 17 48 17 49 94 40 66 43 7 65 94 8 39 73 68 72 98 7 68 53 92 95 70 43 49 68 54 49 60 95 91 95 97 49 7 95 69 40 42 46 68 98 47 44 15 81 21 21 84 23 97 41 40 70 3 6 81 30 89 79 1 54 17 48 40 8 50 32 12 77 96 76 70 30 57 28 38 85 49 16 89 71 73 80 39 54 84 72 75 30 94
17 40 50 36 55 22 39 41 14 68 44 81 9 3 87 77 94 35 5 45 93 75 38 5 69 47 4 31 81 91 47 21 51 49 61 56 22 33 34 48 31 77 41 23 39 24 73 49 80 87 37 75 54 29 21 1 96 14 86 30 56 30 76 99 23 85 61 94 16 85 40 9 94 8 43 34 83 93 65 22 77 22 13 65 73 78 88 90 84 59 41 6 21 33 4 83 83 72 78 45
