10 200 12412 0.94
27 30 19 30 84 49 75 30 17 2 46 3 49 5 42 9 5 21 23 39 20 99 49 17 23 35 8 6 24 53 16 93 42 56 92 59 39 19 61 46 72 5 61 3 25 38 21 35 82 12 55 69 54 22 21 77 18 57 2 47 17 5 97 72 17 54 46 20 40 90 47 18 73 30 67 44 60 67 68 17 44 43 39 34 61 94 86 86 57 76 17 55 97 46 23 58 79 82 59 58 62 50 64 56 94 44 24 8 72 71 68 95 63 86 5 84 8 78 66 97 19 46 93 94 80 52 3 29 44 64 81 23 6 3 59 60 80 15 30 63 48 64 19 59 88 70 49 69 5 13 68 94 4 6 84 17 44 78 96 81 83 67 19 11 40 82 73 34 47 86 77 93 19 56 31 70 52 74 92 20 75 75 66 55 97 67 1 82 80 48 97 86 47 80 92 68 84 71 84 2
19 6 31 53 18 26 41 36 10 21 36 22 12 13 44 69 68 6 37 8 46 57 39 72 2 24 89 13 30 43 69 12 38 5 76 58 12 43 61 35 44 11 16 10 84 72 89 23 68 92 51 29 39 18 70 6 75 46 38 32 54 81 55 11 61 35 14 76 32 47 78 27 1 10 48 74 15 16 13 2 78 28 11 7 26 15 15 68 55 18 61 89 61 48 92 75 5 56 75 23 67 56 59 64 62 22 91 81 89 59 88 93 86 26 73 84 94 15 75 30 91 28 27 15 87 21 87 89 77 22 51 95 79 8 75 94 49 74 65 62 87 43 45 84 89 73 89 95 56 87 73 78 91 61 34 29 89 98 10 78 65 37 65 83 57 98 72 87 58 10 64 61 84 55 68 10 82 40 49 51 53 85 98 31 28 78 80 36 82 68 35 70 75 59 43 80 53 24 11 21
24 8 30 4 52 4 52 26 55 72 2 54 1 84 3 27 19 13 24 63 42 3 5 26 2 4 9 3 35 20 25 6 13 65 48 34 18 35 16 46 46 51 54 30 88 10 97 28 13 53 7 2 4 8 67 4 57 52 82 54 76 23 3 16 28 95 24 7 34 35 37 40 66 3 22 14 92 44 43 1 25 44 55 69 4 46 70 42 66 74 82 78 37 53 93 4 52 23 52 92 63 73 69 12 56 44 10 61 7 11 20 12 13 19 8 46 51 30 43 39 75 11 3 53 36 64 18 64 43 4 88 10 53 96 57 73 30 6 43 16 81 91 33 10 20 81 12 4 27 15 23 27 69 43 96 19 13 17 96 16 62 7 53 85 18 9 77 68 90 50 89 19 45 12 2 72 79 65 87 92 69 17 52 66 48 75 93 68 97 81 30 13 97 53 94 94 93 67 42 72
27 64 29 55 57 17 19 67 3 17 10 87 49 17 55 36 31 46 71 76 45 8 9 67 41 58 25 23 51 16 79 46 71 47 1 5 12 27 35 38 36 94 23 62 80 84 15 36 14 7 29 67 90 5 16 53 49 30 39 29 16 67 22 33 81 6 43 49 99 88 97 74 3 46 28 75 34 22 33 52 98 37 14 30 93 4 71 30 93 29 76 53 30 91 19 7 67 50 80 49 3 61 1 88 83 59 31 56 35 58 66 23 97 24 42 7 27 28 52 38 34 42 27 22 24 95 32 45 83 81 4 92 89 28 66 5 72 99 10 86 50 12 35 52 5 87 51 74 94 9 19 49 74 84 89 40 84 55 94 52 91 64 90 97 91 98 9 29 45 70 8 29 94 96 58 71 69 11 78 60 94 57 84 42 63 41 52 46 13 78 74 90 26 93 93 28 77 72 89 17
16 30 1 22 25 21 13 21 71 14 47 13 19 30 48 1 17 55 2 12 48 7 4 39 75 61 60 92 98 69 51 13 48 55 27 29 30 37 87 11 49 24 20 54 2 68 21 15 89 15 31 10 99 91 10 37 75 15 19 98 5 41 95 82 41 17 80 73 93 11 16 43 53 36 39 14 19 77 75 52 21 92 99 29 40 53 68 75 46 28 65 71 20 4 78 84 42 79 33 36 43 99 40 63 66 96 20 16 57 92 45 65 16 46 87 45 80 20 58 25 95 88 58 86 55 99 43 8 46 91 20 78 64 36 67 27 69 26 98 78 59 52 50 51 40 62 34 62 82 87 92 58 3 44 45 73 7 88 44 21 56 55 51 73 28 25 85 26 83 94 11 34 64 31 58 46 27 87 92 50 52 77 16 75 84 71 44 99 15 91 73 51 85 4 1 99 34 83 93 14
27 3 10 38 39 65 40 18 19 17 15 65 31 65 3 10 79 35 11 14 63 49 60 78 42 3 43 42 69 58 55 40 15 51 36 40 46 92 9 34 14 73 7 95 19 23 1 53 69 51 93 52 19 60 92 47 65 4 8 18 3 28 5 86 65 88 87 40 10 18 52 26 82 67 81 52 47 51 56 86 27 87 62 88 71 88 91 27 88 83 45 3 98 85 65 85 72 15 9 34 67 77 84 24 64 78 66 37 13 41 34 22 62 74 61 94 73 97 58 92 67 83 69 28 58 77 85 88 48 51 83 38 5 99 53 65 21 90 50 90 17 46 74 56 89 80 8 16 41 32 57 69 37 96 7 23 23 9 99 49 6 86 92 45 20 55 14 83 44 23 86 55 61 55 92 44 55 24 74 95 70 25 46 47 69 24 87 12 59 17 40 92 49 76 64 59 11 65 84 17
32 31 42 4 7 30 21 48 98 82 24 9 71 44 96 80 83 80 62 39 10 86 56 28 6 71 32 64 36 22 28 67 62 29 8 69 51 25 11 51 7 5 70 17 43 25 23 78 27 96 10 40 28 78 27 71 35 92 92 15 75 28 33 7 85 5 39 64 47 33 53 82 24 91 52 19 47 33 57 83 40 68 72 89 21 43 10 32 38 54 31 59 28 31 11 45 54 36 91 1 82 28 56 27 20 75 58 77 90 10 79 28 48 86 62 51 46 16 22 32 86 89 68 84 17 20 15 93 9 22 87 81 46 88 51 37 64 36 65 9 78 50 97 30 73 8 62 2 9 32 88 52 77 53 94 99 85 61 6 83 13 60 55 17 81 92 77 95 18 54 7 83 70 77 93 35 39 91 14 57 6 30 56 68 25 8 93 69 72 49 81 74 86 72 79 69 74 72 70 82
14 57 31 70 17 3 19 10 8 53 83 28 43 38 59 26 26 75 39 19 4 32 86 15 88 42 16 38 39 24 10 54 30 71 8 45 28 47 69 86 80 59 55 58 42 83 52 58 6 64 92 62 73 6 4 25 6 56 71 63 69 48 87 62 31 90 50 33 31 99 45 28 59 21 53 85 7 98 67 89 39 44 27 6 2 66 26 72 8 7 19 59 73 21 34 42 22 75 47 67 2 1 17 46 12 10 93 95 96 91 71 50 15 63 63 41 44 92 26 40 1 95 87 44 47 35 77 39 72 46 76 78 71 55 30 40 33 49 23 18 5 22 90 80 74 64 94 92 86 85 11 26 27 82 27 98 96 71 57 67 72 66 36 7 95 44 86 27 83 67 94 78 17 84 49 69 83 79 29 94 93 95 97 34 61 82 34 19 28 26 92 59 74 79 72 1 88 67 81 53
6 42 55 20 15 55 31 49 49 38 62 44 80 40 3 36 37 7 68 79 24 9 35 2 94 11 47 59 4 10 59 45 75 13 73 40 83 34 52 12 6 98 24 29 5 19 60 65 53 30 27 83 23 50 95 28 43 70 80 65 48 94 36 27 5 6 63 91 51 15 3 60 67 76 9 84 80 22 13 52 30 26 48 73 88 35 2 58 23 29 42 16 24 21 8 64 98 45 25 44 72 43 78 59 12 5 78 55 3 8 16 57 54 26 81 18 38 82 53 70 57 32 81 11 59 37 91 68 68 69 33 9 77 47 62 57 72 53 80 99 54 97 47 71 37 21 89 59 80 99 52 28 98 51 17 67 26 17 2 59 52 32 81 65 73 29 73 88 75 85 77 51 89 38 85 86 92 96 4 18 34 63 33 98 83 77 85 90 93 97 62 59 25 83 49 80 74 82 76 38
97 19 55 17 9 59 19 29 10 38 37 39 10 30 13 73 3 34 42 31 78 30 37 43 15 81 61 52 6 79 3 20 6 8 34 28 90 53 13 59 67 3 94 68 39 6 52 40 10 13 38 22 8 99 37 92 17 19 11 23 87 36 19 58 41 60 11 5 25 27 35 65 37 88 70 10 71 44 52 45 78 12 55 59 78 46 53 2 18 95 56 11 27 98 75 35 8 39 30 99 42 18 38 69 39 76 40 26 51 72 26 69 60 64 34 49 59 63 72 62 1 12 14 91 65 30 82 11 45 86 14 34 48 79 20 82 51 93 78 22 65 67 54 56 34 3 61 77 70 92 68 71 73 35 62 90 94 68 58 57 66 99 32 91 71 47 16 45 41 49 76 87 48 88 59 93 20 32 82 67 60 84 65 98 58 93 49 99 86 74 47 48 83 50 62 97 99 86 93 38
