10 200 12582 0.93
89 38 47 43 21 35 7 96 11 41 4 90 58 55 23 10 18 58 26 21 48 53 3 33 31 24 30 1 26 46 5 60 68 18 19 6 2 71 52 30 74 11 94 98 64 36 9 34 79 45 50 89 97 24 19 26 20 28 4 24 85 26 49 26 18 78 57 11 57 31 71 38 45 44 6 97 55 84 72 43 28 48 32 70 65 32 82 23 9 11 74 74 65 20 26 50 52 39 14 9 69 14 2 76 65 62 10 13 61 29 86 76 80 51 66 41 54 71 6 13 68 63 98 96 84 4 36 60 26 6 53 69 87 56 75 83 66 80 57 82 73 92 33 79 85 35 66 51 24 89 51 54 64 79 69 95 90 42 61 56 45 77 93 83 89 99 91 80 39 18 45 24 64 76 68 86 96 92 19 23 76 60 63 53 82 45 90 34 76 74 66 97 96 58 41 81 60 1 63 41
24 13 50 21 36 9 4 51 2 14 2 68 1 18 29 22 35 68 31 74 50 15 31 28 10 41 82 10 35 59 49 37 79 45 22 49 12 45 59 12 50 27 90 50 17 56 22 77 64 36 73 71 75 30 87 21 78 98 46 9 60 2 34 80 26 57 17 93 50 79 31 74 83 21 30 19 33 11 98 26 87 15 66 64 45 62 50 1 80 20 35 28 26 23 88 75 1 42 74 91 6 30 14 98 92 63 95 6 56 32 63 72 36 92 69 76 46 84 84 65 73 37 63 11 81 66 80 28 25 98 59 94 52 43 27 91 62 9 32 43 61 3 21 94 44 54 85 25 94 94 58 93 59 68 18 68 72 24 30 37 94 63 8 55 41 58 84 76 86 93 84 40 60 25 51 66 36 25 79 81 38 87 83 51 90 71 83 80 68 36 86 33 95 4 73 84 62 92 84 14
19 5 38 12 4 64 29 29 97 62 54 19 7 55 81 38 67 6 91 18 98 76 52 24 1 14 12 74 48 34 32 61 60 60 44 13 95 39 7 93 56 76 12 1 6 99 83 35 4 57 23 17 87 39 19 2 47 1 57 28 33 98 27 46 83 30 32 82 39 85 58 63 28 44 35 17 31 68 2 13 42 1 38 57 81 73 56 89 57 85 46 52 38 93 84 39 54 74 89 58 88 66 13 98 56 3 92 62 34 26 54 48 65 74 25 62 81 91 8 12 44 93 72 96 50 90 5 27 86 8 23 41 93 70 6 25 32 44 28 93 16 20 69 39 37 60 52 97 5 82 1 44 48 77 6 27 6 77 87 21 95 5 52 71 70 71 90 25 36 56 92 63 58 91 72 68 92 7 69 74 75 90 86 41 83 58 82 91 31 93 66 28 23 82 94 71 71 82 19 62
28 29 12 40 2 63 21 13 36 18 33 24 4 6 5 75 38 38 5 75 21 6 10 48 11 90 1 66 80 20 29 13 75 74 38 35 97 40 96 10 42 22 83 16 18 11 39 24 15 53 16 39 9 12 51 73 1 7 21 88 23 39 61 26 16 40 22 4 2 10 45 42 51 15 74 52 9 4 56 69 55 62 53 13 43 31 7 67 18 93 96 9 99 83 24 61 58 9 13 85 25 20 13 32 27 62 65 69 81 36 94 73 98 61 9 63 2 16 40 65 78 51 2 70 75 4 82 88 59 73 39 59 68 37 70 56 92 59 97 73 84 73 2 42 49 82 54 83 39 32 49 41 89 22 65 50 76 62 14 40 64 71 5 49 28 73 1 12 73 84 86 77 81 71 97 16 77 72 77 50 48 10 99 56 33 90 92 86 62 98 33 40 32 92 63 32 75 98 86 18
9 73 16 8 75 26 19 34 11 57 94 8 26 34 60 39 67 32 47 68 84 73 70 62 51 81 53 83 10 6 13 65 8 1 65 98 27 84 19 87 34 66 48 92 47 9 97 18 14 78 99 34 32 57 34 69 27 73 47 66 93 5 54 6 63 47 11 17 52 47 96 33 33 96 66 41 54 37 52 87 71 9 56 47 47 41 26 50 21 19 6 44 31 17 23 46 3 50 38 59 59 97 77 51 8 46 29 56 36 54 7 83 46 8 61 48 57 3 25 71 65 54 38 16 2 6 99 42 15 44 76 78 75 27 26 77 91 97 39 24 13 72 81 93 81 30 42 42 95 64 74 21 41 70 53 39 95 43 77 81 83 90 20 41 34 16 86 52 58 65 47 69 40 89 51 99 4 42 75 79 43 99 36 75 92 99 28 38 89 86 73 99 80 95 99 62 75 45 87 57
33 9 3 13 47 27 84 15 54 48 9 32 52 31 35 29 50 49 12 3 13 34 43 12 84 33 82 82 61 15 89 1 23 21 71 45 48 42 65 3 26 94 16 2 80 39 46 48 79 33 56 10 17 51 18 29 63 67 81 17 22 2 14 97 50 10 85 71 14 65 9 66 17 49 19 11 11 17 42 61 52 61 77 46 76 96 81 11 54 3 26 64 11 30 62 15 92 40 65 16 63 33 93 18 51 84 72 37 87 94 17 69 21 35 75 85 84 67 76 15 38 60 67 83 85 77 73 82 89 79 86 26 59 69 65 26 55 93 66 83 90 3 67 21 26 91 66 44 95 30 48 82 20 30 38 52 53 89 91 55 77 41 68 56 45 74 54 68 84 52 53 83 38 62 96 80 91 66 60 96 40 40 13 43 94 23 34 99 75 99 8 43 70 34 88 93 62 71 88 48
15 67 51 51 65 32 35 9 35 13 49 49 75 56 32 35 33 22 20 9 17 77 36 72 79 10 7 1 15 86 4 77 8 51 84 7 64 24 21 50 54 11 21 44 49 50 41 1 66 36 53 33 52 36 14 79 41 52 36 62 14 70 10 94 71 47 36 11 70 16 60 52 33 69 74 75 44 28 93 52 52 69 79 42 29 33 42 80 41 11 34 21 13 32 42 38 92 35 63 20 82 54 86 16 83 84 52 65 35 53 11 7 81 53 83 57 59 34 67 71 37 42 43 74 39 96 14 16 78 95 46 36 21 72 16 85 27 78 3 30 92 88 43 94 37 29 51 45 63 35 96 55 21 82 83 65 11 98 33 45 70 77 97 53 67 86 53 78 58 99 61 60 76 69 42 59 27 70 35 34 55 72 78 84 1 99 6 77 28 1 62 95 89 87 37 76 75 80 21 13
10 23 46 77 9 5 46 11 50 18 68 19 68 22 27 60 27 77 22 24 15 9 32 20 40 67 8 14 61 41 65 2 13 19 42 39 12 13 10 26 28 45 32 61 68 56 40 84 84 52 12 49 3 64 88 80 93 33 44 7 30 65 24 49 18 4 64 27 5 89 19 61 14 6 67 21 89 92 6 58 8 73 9 79 6 10 5 41 97 96 48 77 60 53 93 82 7 40 73 76 12 59 76 65 34 39 16 63 21 87 69 17 50 26 18 48 77 57 75 78 70 4 63 20 25 39 97 51 86 11 61 56 7 78 85 58 65 15 68 31 11 85 66 14 98 96 86 69 83 95 47 70 62 29 86 86 63 23 61 77 37 75 97 86 49 20 12 32 27 25 23 57 82 27 35 90 62 77 99 86 45 12 47 56 67 25 85 31 53 30 93 85 40 90 85 95 98 61 99 18
35 13 47 38 9 44 33 42 6 33 12 16 55 15 65 6 8 2 92 33 13 18 94 74 32 12 89 12 55 17 37 52 16 63 4 42 14 12 16 39 33 28 3 16 59 50 30 31 8 6 31 23 30 36 31 21 47 75 50 83 35 93 87 24 47 56 36 73 94 16 31 1 93 78 5 71 38 31 36 40 45 44 50 52 19 4 80 27 31 72 46 42 60 97 8 4 62 88 4 24 15 45 75 25 4 40 44 55 16 24 51 7 10 48 97 30 32 70 99 56 11 25 46 42 33 69 40 43 3 36 92 21 9 13 90 35 36 56 74 46 23 43 95 45 9 17 43 78 38 1 74 91 91 29 71 46 98 93 87 98 8 78 55 12 72 71 93 96 71 37 89 92 75 85 84 41 37 81 83 36 96 64 63 97 89 60 70 69 67 51 65 99 71 94 80 31 91 93 86 33
12 18 9 26 66 29 61 40 39 37 25 27 8 65 3 49 22 19 25 47 14 13 13 12 46 15 25 46 1 69 74 31 50 50 14 71 37 40 65 61 16 36 20 42 14 17 17 73 13 31 15 66 32 88 77 39 22 6 55 64 54 49 90 4 61 84 93 65 71 17 35 28 62 38 85 57 98 92 7 24 35 94 17 9 68 98 51 93 75 73 72 78 86 44 45 88 78 85 69 67 86 87 57 28 88 28 37 90 90 83 67 67 33 72 17 11 29 28 41 77 39 95 33 20 58 83 9 98 70 89 6 62 73 82 87 13 24 20 88 47 92 77 79 37 97 70 22 34 33 48 76 24 81 91 89 51 16 29 39 72 10 6 92 84 99 26 32 79 67 71 21 39 32 11 13 5 90 80 17 54 98 81 61 73 1 63 65 33 93 76 98 31 62 26 12 73 36 93 86 37
