10 200 12098 0.95
17 4 7 44 91 80 7 27 6 47 5 3 62 17 45 64 2 69 40 30 65 12 74 29 73 23 85 12 46 76 88 17 44 42 30 2 10 13 77 24 43 20 7 53 76 32 37 37 32 25 65 93 5 28 84 67 75 20 45 44 69 81 79 22 18 39 7 13 23 67 53 75 31 60 73 93 4 87 85 81 12 7 63 46 11 10 50 51 92 76 24 47 55 43 52 92 85 97 57 71 77 88 26 61 63 79 54 13 36 98 92 22 73 64 84 91 87 87 65 59 82 8 98 39 39 12 13 64 84 66 17 32 19 37 33 41 70 78 47 19 22 17 75 49 53 14 74 35 20 99 54 46 38 77 22 70 88 62 81 37 23 29 81 99 73 89 12 87 54 75 93 17 38 79 46 99 85 99 49 35 97 82 27 83 88 44 23 73 99 91 32 85 84 94 75 62 65 96 87 47
43 19 69 87 3 11 4 42 9 13 95 45 8 18 31 32 19 39 5 25 4 42 10 49 34 29 26 40 41 74 9 11 85 38 37 19 57 25 1 95 7 90 97 1 27 36 18 27 21 52 59 22 6 48 5 33 26 98 29 31 27 24 3 9 68 74 12 37 25 13 17 19 69 83 84 88 22 39 96 10 48 47 88 21 56 46 99 18 70 23 21 70 25 85 73 8 73 82 12 15 97 18 20 18 72 8 46 50 20 15 5 94 74 17 9 67 18 86 49 82 24 57 34 8 98 86 31 85 35 91 73 63 98 47 90 3 76 8 66 88 36 69 80 87 68 50 81 25 42 61 56 46 98 78 51 78 72 84 36 68 38 76 57 90 52 48 76 61 94 94 25 23 79 34 89 38 75 65 66 42 79 37 95 9 41 58 84 82 49 26 92 62 87 11 73 98 69 69 34 13
54 2 27 6 26 5 44 12 14 69 9 36 41 34 23 65 67 54 24 29 8 36 33 4 67 31 22 88 31 38 8 28 30 54 67 57 3 27 64 8 28 59 51 52 39 56 55 9 74 11 13 3 13 4 70 18 78 44 62 76 86 3 55 56 60 58 36 34 46 10 16 54 18 18 68 33 54 23 40 92 55 16 54 16 98 42 55 74 28 6 48 87 72 79 41 2 77 48 13 91 4 43 37 40 58 66 79 31 71 68 53 63 84 56 91 18 23 33 53 71 79 48 49 96 2 9 72 12 67 54 50 18 62 64 72 26 47 59 15 83 19 95 28 31 82 17 5 13 63 55 32 41 80 99 75 86 94 67 34 1 35 20 13 93 80 47 19 55 56 97 15 92 15 99 50 96 77 7 78 22 63 97 24 68 87 77 52 92 78 53 87 23 40 72 89 25 98 52 59 69
17 60 23 20 16 10 13 60 78 10 28 26 17 89 42 97 40 39 31 20 45 86 47 67 12 35 34 8 1 4 69 24 80 61 37 46 27 6 86 2 55 17 35 42 27 30 75 19 65 17 49 54 98 56 76 60 41 31 4 84 4 4 26 69 38 43 73 32 83 80 54 72 63 46 21 70 88 28 27 22 67 75 96 61 33 85 3 91 49 66 70 62 7 44 88 92 30 1 68 4 36 81 18 96 6 86 22 99 89 95 31 21 9 98 35 29 92 65 30 61 50 96 40 12 75 89 22 5 36 69 37 18 5 48 89 46 87 55 72 70 90 31 60 11 28 78 59 73 25 97 95 69 44 71 63 7 80 10 33 30 95 75 41 65 25 49 37 37 12 61 91 77 68 42 95 99 50 98 93 79 58 97 71 75 99 98 82 72 10 34 22 61 97 94 65 93 2 90 96 10
10 64 35 7 53 19 19 43 9 11 46 35 19 77 25 9 34 89 34 7 6 26 10 35 30 53 6 74 79 16 69 25 22 85 92 15 53 58 8 87 93 12 75 49 6 36 50 89 7 92 27 19 79 56 15 15 81 5 85 39 21 66 35 15 73 33 60 18 31 95 56 2 92 46 54 38 81 57 74 27 12 1 41 31 73 89 87 90 57 82 68 38 85 52 19 74 8 46 11 47 58 33 76 50 55 26 73 37 62 13 35 99 87 36 52 29 50 28 99 17 31 27 91 49 93 72 84 93 56 8 83 90 39 44 7 19 43 9 97 61 73 15 55 75 73 90 36 62 75 36 94 84 33 63 76 25 64 75 70 60 91 78 87 9 98 36 86 32 98 59 5 66 6 97 79 87 74 66 80 95 86 94 15 66 4 40 28 14 77 91 77 41 5 40 1 83 63 25 99 11
5 19 45 28 43 13 11 6 92 90 46 92 8 8 52 37 61 1 46 18 22 2 66 90 17 78 48 43 85 29 93 34 99 7 20 26 71 41 8 96 54 83 20 69 30 26 81 61 42 50 38 33 27 25 93 40 92 2 82 34 79 52 31 39 99 34 45 8 76 39 54 47 98 61 71 2 11 89 79 54 76 89 13 84 27 93 10 41 22 43 73 3 48 26 34 15 79 88 76 88 97 77 69 83 27 22 64 15 10 36 29 41 28 44 34 2 74 93 53 86 6 25 58 83 62 26 69 10 93 46 7 72 79 94 97 97 14 89 82 50 71 13 42 94 49 28 28 81 45 54 46 34 15 60 75 58 48 85 76 67 40 22 88 51 18 54 96 86 6 33 51 98 90 58 38 12 37 80 55 55 20 35 95 80 15 50 86 93 65 72 41 93 93 71 98 78 97 82 60 90
36 6 29 10 43 64 86 54 3 9 6 66 43 7 6 12 56 75 1 41 60 17 58 47 54 7 96 2 10 40 5 78 34 23 52 80 54 66 11 29 25 27 67 80 76 4 22 48 22 6 43 71 91 73 3 55 3 59 40 56 70 84 67 70 17 46 91 71 3 90 16 2 8 63 21 26 85 24 4 79 88 22 8 72 23 32 37 80 60 44 32 46 18 54 50 66 6 28 72 77 52 41 38 9 13 84 58 88 62 44 30 13 66 38 61 75 30 8 16 24 50 80 25 63 51 94 39 82 26 43 80 88 85 89 87 59 70 75 35 31 53 66 94 6 49 61 28 78 70 21 55 65 33 82 19 77 1 39 4 57 91 64 10 21 97 51 81 93 87 18 78 89 96 77 47 22 20 16 94 69 90 94 60 91 83 63 74 80 87 69 79 81 52 55 99 50 67 95 65 9
6 54 18 62 5 30 94 35 64 8 71 30 68 35 27 4 43 3 98 72 36 52 22 15 34 37 12 27 29 90 27 26 8 49 48 91 13 53 72 8 43 20 38 53 56 81 2 20 37 72 11 11 14 22 9 23 27 88 33 18 43 93 24 95 14 49 70 99 76 49 80 87 56 66 16 26 92 45 37 31 17 92 18 14 75 11 25 35 68 99 64 53 18 25 16 99 49 24 88 25 50 39 81 50 40 75 31 60 37 58 52 33 44 87 15 91 18 31 79 63 73 83 37 74 19 59 38 33 77 62 76 67 33 77 10 95 46 12 78 32 73 89 34 70 34 82 93 3 86 89 55 55 91 8 78 89 9 59 76 94 26 49 65 71 82 84 66 38 79 11 77 77 86 71 67 85 78 23 46 52 41 47 92 77 61 81 95 9 70 48 79 94 60 98 34 12 93 73 64 8
7 4 21 25 26 35 31 23 62 53 26 14 74 70 70 21 45 12 79 64 75 34 64 23 58 50 15 73 55 16 16 79 10 32 34 30 95 73 81 37 23 56 14 11 61 82 11 44 60 52 90 75 74 47 87 62 25 63 58 7 35 29 68 84 5 82 25 96 86 9 93 89 21 16 30 22 21 46 8 7 49 70 9 70 14 7 84 5 8 50 44 45 73 48 87 1 52 49 53 66 23 24 81 76 98 34 1 50 26 62 93 81 23 54 99 28 39 78 54 48 72 31 15 71 58 38 75 95 46 36 44 56 29 44 56 95 5 94 54 56 67 63 32 40 86 52 75 99 39 33 75 54 63 5 76 57 96 74 94 72 70 90 81 88 46 87 84 15 47 81 87 51 46 49 84 50 26 93 51 95 56 19 77 86 70 65 54 89 50 93 67 26 48 48 83 79 60 61 85 53
5 53 35 29 20 67 30 39 5 33 14 10 22 15 59 44 19 6 31 83 76 93 18 45 25 68 69 50 40 34 35 98 8 31 7 60 46 71 26 48 64 52 33 27 39 55 90 89 87 73 58 72 46 95 12 82 8 49 22 72 28 28 77 6 74 8 47 58 18 16 29 24 16 13 35 75 16 38 26 75 58 63 92 68 74 69 37 2 33 2 48 41 95 42 39 51 42 38 52 18 8 60 59 22 73 26 79 65 96 21 90 43 26 22 37 89 97 20 31 18 63 75 88 41 39 52 94 58 18 64 72 37 95 2 6 67 90 71 4 60 47 93 52 89 32 83 80 91 95 17 1 72 71 31 40 28 27 26 77 99 77 85 68 5 23 52 40 94 66 76 86 20 87 5 19 26 94 70 6 74 39 28 80 4 95 71 71 46 66 75 79 93 99 85 54 98 74 70 64 33
