10 200 12120 0.94
22 7 5 4 61 15 61 11 28 26 24 37 14 75 71 2 52 11 31 82 38 54 9 75 67 5 4 52 64 16 52 37 4 25 5 46 3 15 16 21 45 34 31 48 24 25 44 40 31 87 9 65 57 99 5 74 48 19 31 54 42 77 21 46 10 67 65 61 53 7 40 53 5 19 75 15 43 4 39 86 6 91 20 40 93 50 74 8 20 29 49 16 67 36 63 58 42 26 95 58 21 23 60 21 48 53 51 82 89 88 68 86 93 90 53 91 12 35 97 9 7 68 88 91 8 97 26 99 47 50 10 70 27 59 79 30 68 23 94 15 42 73 14 65 39 53 12 73 81 48 87 92 45 54 15 7 25 58 83 68 47 97 43 18 49 52 11 41 49 29 96 53 84 67 83 90 36 27 83 34 8 90 77 97 95 50 71 64 67 90 75 96 36 11 64 68 22 86 94 26
91 4 48 2 9 30 25 26 86 56 38 26 8 2 65 18 21 66 41 31 65 33 51 16 23 25 41 87 40 21 7 23 25 15 63 69 5 36 59 92 45 54 50 85 89 43 2 29 77 4 80 92 14 26 40 57 29 32 90 39 37 36 33 47 86 48 44 68 74 10 87 55 84 67 62 53 38 54 97 38 3 25 85 2 37 37 1 18 87 72 44 28 92 22 85 51 44 2 62 7 38 31 75 72 79 23 97 25 76 50 69 80 53 16 86 96 71 75 94 50 74 53 24 10 7 28 78 64 39 15 49 97 1 30 39 98 18 4 90 34 29 5 95 73 76 76 60 36 56 32 28 76 88 52 22 93 75 15 46 40 7 22 83 12 21 61 34 7 96 25 82 55 62 94 36 32 27 91 83 33 92 35 33 93 67 79 87 61 35 60 69 83 74 96 66 81 90 54 78 56
18 46 36 28 21 3 98 11 2 5 22 9 43 52 4 51 13 8 65 14 47 37 63 4 93 33 44 1 35 24 79 90 50 70 62 48 83 63 26 49 60 45 64 66 38 40 58 11 1 88 65 3 91 26 42 25 31 66 2 98 36 53 92 38 58 80 76 92 10 35 15 88 37 32 17 93 4 79 28 21 93 25 99 98 45 36 61 4 33 64 52 78 22 68 58 70 35 79 52 40 59 57 4 80 66 58 40 21 44 82 36 23 65 49 67 91 62 61 19 48 77 99 39 57 42 55 17 21 6 96 72 20 78 97 23 26 93 65 5 91 29 79 48 35 22 91 18 48 44 74 70 71 91 90 68 90 60 38 80 64 85 49 45 90 88 74 58 8 52 64 35 79 65 73 47 81 96 68 70 95 62 11 65 27 63 16 2 97 97 87 92 37 7 73 53 3 38 75 73 5
17 1 7 55 63 51 3 34 18 56 10 8 43 13 72 29 92 69 99 40 18 54 39 28 32 10 50 38 66 2 6 48 68 3 31 26 61 34 71 15 4 29 25 34 36 83 71 82 89 35 20 7 21 14 23 14 24 27 34 22 95 33 54 36 23 33 47 60 23 91 65 35 55 8 96 25 68 71 40 6 82 7 40 68 77 6 89 63 6 54 96 60 82 75 90 47 95 51 30 44 58 59 37 72 29 68 69 72 14 28 47 20 26 96 39 52 79 27 54 40 77 22 59 23 94 13 17 70 88 65 85 69 73 48 98 19 24 78 48 76 32 24 82 58 93 78 92 57 73 66 95 66 19 36 91 53 40 7 85 39 10 53 52 95 35 84 89 85 50 75 71 51 45 57 88 75 13 38 6 53 66 13 6 92 39 69 68 54 41 59 55 29 61 32 93 51 92 65 69 56
25 41 51 30 7 84 2 79 75 9 38 81 84 61 5 5 62 35 14 34 61 6 65 31 70 35 20 21 47 85 76 21 78 4 12 27 35 36 23 15 24 51 44 20 32 20 50 11 2 62 79 54 33 80 53 95 20 93 31 80 49 6 24 38 48 8 42 51 16 41 66 61 62 37 91 81 40 56 49 78 32 71 98 38 93 79 5 29 88 12 37 45 23 96 60 12 65 65 27 90 38 97 96 14 6 18 70 53 30 23 81 31 3 1 20 28 58 11 59 46 21 19 17 7 60 98 79 61 15 48 81 97 5 34 78 30 46 44 3 9 96 70 58 68 20 75 29 63 61 40 86 55 52 32 99 63 58 66 51 84 97 60 81 42 88 32 53 74 74 89 55 94 24 78 42 61 50 9 96 83 35 98 45 74 88 95 97 60 83 82 55 46 88 17 60 69 87 88 4 9
7 60 92 72 75 22 4 51 25 68 72 83 18 22 24 47 8 50 7 25 32 74 4 32 11 29 75 21 54 59 66 16 37 85 21 13 59 57 35 53 60 51 51 9 64 54 60 62 73 30 3 8 7 19 88 13 36 19 81 1 23 87 99 64 26 9 37 5 87 16 70 46 51 50 60 89 59 50 88 50 60 79 12 37 36 32 52 60 51 52 63 83 48 11 9 12 20 22 26 67 58 17 74 90 41 79 42 66 65 51 15 25 48 26 48 86 38 76 18 65 91 75 33 77 95 54 79 21 80 89 41 24 93 92 11 96 6 49 93 99 89 10 68 2 64 64 58 61 3 44 1 25 11 75 20 25 14 87 49 70 64 64 36 53 90 82 95 85 87 62 12 96 38 8 20 21 67 96 54 77 95 99 95 56 33 99 68 24 57 55 86 78 44 48 74 98 86 29 95 68
7 15 3 3 2 37 57 96 2 13 93 29 1 42 27 59 19 19 50 9 35 9 80 73 22 64 82 22 33 37 8 3 50 9 70 20 47 2 36 36 61 93 89 57 20 30 20 2 33 27 64 22 45 3 50 23 53 88 6 62 17 57 52 24 68 47 34 23 30 62 12 8 42 72 1 30 69 77 45 6 5 94 37 87 5 27 74 93 14 92 69 77 82 72 38 96 53 38 62 82 82 89 16 84 86 70 45 13 27 45 32 90 80 77 83 12 94 46 47 97 34 26 85 73 28 17 48 1 64 25 52 7 69 81 69 78 93 88 31 52 80 51 30 31 30 25 76 42 82 75 51 30 98 60 19 62 67 81 9 50 47 50 92 40 29 79 72 77 2 99 30 46 74 33 70 12 73 60 58 38 67 56 91 45 71 68 49 89 22 29 96 65 87 98 79 89 49 84 88 13
16 17 4 46 1 7 32 1 40 61 23 5 49 63 16 41 41 27 11 21 19 14 18 55 19 13 5 71 25 69 45 52 18 77 59 30 1 78 50 53 15 29 16 19 26 40 88 69 26 57 30 77 83 53 45 40 58 1 82 4 22 10 15 45 94 75 23 26 99 82 31 42 34 78 45 55 44 11 1 77 98 37 29 20 25 27 71 61 50 12 23 58 51 79 60 11 68 65 53 93 47 75 57 31 48 56 14 38 16 52 6 92 22 93 11 1 30 75 28 43 39 17 92 73 55 22 76 77 34 66 18 84 85 17 53 45 55 56 41 30 14 94 15 65 71 46 37 39 61 84 57 20 33 25 83 66 65 79 84 44 82 30 71 38 17 15 35 87 97 74 92 16 57 93 81 81 97 87 54 94 57 97 34 44 90 93 38 82 64 18 60 96 89 99 68 63 94 94 82 61
1 10 7 10 11 22 4 31 17 40 33 15 95 35 59 31 26 38 2 89 7 71 15 40 42 89 23 76 21 72 21 94 61 76 63 42 88 64 62 19 13 31 49 70 82 70 17 91 59 34 23 77 54 30 49 29 62 8 75 73 65 66 34 13 11 90 97 12 65 26 80 56 14 41 18 11 47 22 22 58 41 37 28 48 43 94 36 68 37 92 10 10 19 7 19 87 45 94 5 5 57 2 27 12 70 31 2 81 65 7 59 37 42 49 91 49 58 13 84 24 2 89 42 20 60 63 48 45 56 34 37 9 74 52 48 70 60 40 45 74 67 50 84 91 95 39 77 74 37 45 5 63 91 73 79 58 68 60 49 48 41 51 66 92 78 28 76 61 23 3 69 25 62 90 52 97 60 84 37 67 50 34 94 49 57 39 98 57 95 67 51 55 76 92 80 77 83 76 73 40
10 53 14 24 64 69 55 1 51 14 13 74 17 8 33 94 45 57 60 36 65 35 44 35 12 90 52 8 14 15 41 19 12 40 19 86 27 26 33 61 89 2 1 13 11 17 13 31 38 5 58 26 28 86 42 71 81 89 11 13 61 23 24 98 34 3 1 68 9 97 1 23 83 64 3 17 57 47 63 53 53 7 26 39 24 90 18 77 98 6 44 34 4 25 10 48 28 54 84 11 41 49 55 25 28 45 72 54 81 81 95 24 77 13 13 5 11 95 15 94 94 50 41 89 74 77 56 68 98 40 86 60 32 27 40 47 76 92 89 59 62 85 48 56 38 2 91 58 54 44 73 55 29 61 63 46 93 75 32 62 90 95 4 97 83 75 62 61 57 71 50 80 89 13 90 60 97 56 75 44 86 88 86 49 24 19 54 47 74 89 6 66 94 94 49 92 69 61 93 14
