10 200 11513 24.38
74 14 65 70 45 5 79 96 67 72 61 89 19 46 81 79 9 93 74 52 4 90 41 97 69 66 91 86 79 44 15 10 87 30 42 28 39 65 45 67 56 54 57 81 37 2 57 67 13 74 42 64 13 86 47 67 84 92 30 51 6 78 45 67 11 49 44 61 11 18 61 57 92 23 45 98 2 5 36 19 59 58 30 31 3 78 79 7 18 90 94 48 83 26 99 27 54 66 46 67 64 19 80 77 2 20 9 64 69 11 55 91 67 49 40 56 10 45 63 49 55 14 15 68 9 27 58 48 90 78 72 60 19 49 40 71 11 46 4 85 86 44 23 18 61 79 6 97 65 56 35 93 64 85 32 20 21 43 57 44 7 94 44 86 50 17 97 94 10 72 48 36 30 53 70 40 51 56 30 78 31 9 86 80 96 32 51 45 28 44 17 28 95 41 2 25 89 96 92 72
34 97 81 2 35 89 68 46 79 64 87 72 19 93 58 70 26 22 47 44 80 87 75 30 22 71 59 98 15 86 60 66 46 3 32 60 28 64 7 15 85 77 88 86 1 88 52 24 86 3 34 40 91 14 40 58 84 58 33 15 54 84 17 29 7 48 64 24 44 5 56 47 17 17 26 44 51 84 83 25 41 94 33 19 75 41 26 88 32 1 56 49 95 29 87 81 30 65 1 3 80 47 88 94 48 22 91 57 61 31 51 52 69 21 65 3 1 23 59 21 53 14 97 11 28 5 18 21 16 31 71 71 17 40 65 13 18 98 34 57 71 36 72 45 32 27 78 20 30 54 42 18 36 30 26 11 26 41 54 75 70 5 89 32 8 11 91 53 58 84 83 41 73 2 1 82 36 81 86 3 25 88 47 91 50 49 70 12 45 11 3 90 75 60 42 16 36 17 5 64
92 92 3 43 68 77 76 9 98 97 94 29 69 28 95 79 71 21 82 2 70 42 66 79 7 84 89 44 55 93 69 46 56 3 8 96 55 17 11 20 87 19 91 3 46 66 37 21 37 88 55 39 68 21 34 89 24 61 59 16 78 33 88 7 24 22 86 34 59 74 52 75 74 33 45 5 58 33 26 1 81 33 90 77 74 11 85 69 66 78 86 69 56 42 79 56 18 16 87 74 4 17 20 90 20 85 95 95 60 82 85 38 19 23 76 7 28 10 22 23 49 49 41 18 56 31 50 82 90 89 41 16 64 25 18 31 77 56 96 49 15 22 37 77 12 92 17 20 22 65 22 12 99 10 93 88 15 51 20 79 22 79 91 35 75 30 29 98 16 96 41 94 20 54 19 92 81 68 84 26 52 33 23 50 71 57 1 91 16 72 24 42 44 46 1 41 46 50 90 97
83 50 87 89 87 41 67 90 14 98 30 55 88 37 22 33 14 63 62 53 99 5 85 34 4 42 97 2 53 8 40 39 13 87 74 28 83 53 12 42 47 62 85 98 88 45 3 85 20 40 4 76 72 77 59 11 27 35 96 40 39 61 19 14 61 52 70 51 2 68 64 54 22 99 90 26 16 34 40 70 12 88 50 53 83 17 35 22 24 2 74 57 93 29 34 20 21 21 2 40 50 95 58 45 18 68 48 65 42 83 1 45 14 92 48 20 6 57 79 92 53 68 72 12 23 75 20 22 2 87 70 75 82 40 76 69 9 32 5 24 23 83 41 62 98 71 13 69 62 93 60 25 66 87 54 5 52 11 88 22 25 35 49 68 1 20 80 2 49 9 76 43 50 14 64 16 61 81 9 13 98 23 13 47 68 40 56 48 22 90 24 62 27 80 33 7 99 91 92 98
52 68 94 37 76 69 84 73 36 29 7 89 18 44 2 26 89 49 51 14 68 86 90 32 93 63 98 93 25 1 53 97 59 28 70 53 12 20 71 58 49 56 87 31 76 56 68 46 84 32 42 5 65 40 15 58 68 13 8 66 23 4 53 93 81 29 14 25 88 52 4 19 75 60 62 88 68 28 85 31 29 91 51 69 5 77 61 26 73 88 92 71 72 39 13 27 85 17 51 65 56 31 20 90 9 20 51 98 36 83 8 86 38 10 8 3 38 4 1 10 26 81 42 31 47 59 17 83 16 41 63 40 18 91 35 82 69 19 15 23 83 47 57 50 88 21 8 2 65 68 44 82 83 31 51 16 77 35 60 30 24 15 19 49 91 27 93 33 47 77 16 59 44 89 11 25 5 36 29 74 56 27 7 11 50 46 35 79 99 94 96 37 67 55 21 11 16 49 98 29
93 84 80 49 44 51 77 71 77 53 93 30 98 90 84 65 94 78 4 57 61 69 53 96 51 88 68 57 5 70 62 74 62 52 1 39 43 85 34 24 94 4 24 70 90 28 36 90 45 80 71 87 36 45 69 67 98 49 26 93 73 35 28 79 88 50 67 12 17 92 31 31 57 53 13 4 52 74 71 56 8 24 92 71 37 99 18 60 21 84 74 97 54 51 27 56 6 87 1 65 75 49 69 88 55 6 70 95 77 64 72 93 82 36 83 16 78 9 10 36 22 20 69 67 42 28 5 26 50 24 16 46 28 74 71 19 38 62 94 90 40 24 98 79 8 65 39 44 4 2 23 26 18 54 85 26 30 96 86 14 81 50 26 73 14 16 15 13 67 58 8 27 22 66 3 46 57 38 26 94 38 77 9 3 75 82 73 46 95 89 43 55 37 22 23 4 6 88 27 53
42 15 68 60 59 95 70 41 83 61 24 78 71 82 3 76 38 87 47 71 1 38 90 36 50 75 1 24 88 51 95 84 15 60 90 46 53 97 59 82 43 1 70 18 91 62 1 52 41 32 97 54 37 73 73 81 5 25 92 52 53 27 14 54 51 42 60 23 67 21 19 64 31 59 40 81 66 75 60 69 30 13 64 61 42 87 79 68 18 11 12 77 17 13 99 99 11 53 71 73 35 5 62 73 84 40 81 20 97 99 78 32 12 44 49 83 6 35 44 44 83 12 12 56 73 23 11 7 35 39 34 49 83 40 58 56 92 86 55 27 24 21 91 24 1 44 37 40 69 44 52 82 71 53 75 11 11 22 53 18 78 55 53 25 58 47 11 71 89 94 32 21 18 45 37 49 23 11 36 81 40 28 62 27 80 36 7 94 49 74 35 41 84 48 5 67 46 59 66 61
21 58 37 91 97 94 51 75 57 89 76 6 75 35 75 17 96 81 92 73 47 53 77 93 94 11 18 66 79 58 25 40 49 96 42 56 90 24 74 86 32 14 15 7 43 90 79 40 79 78 71 35 7 15 12 61 91 36 47 34 78 19 62 85 45 90 81 80 92 2 92 68 44 28 68 32 7 9 32 73 62 70 24 97 62 53 89 2 2 19 33 87 54 68 75 79 33 78 4 77 58 35 99 6 87 27 32 12 92 19 40 12 67 29 52 59 39 81 55 29 58 16 57 55 83 10 14 9 71 10 92 76 20 61 35 56 75 11 15 39 92 52 6 91 40 27 30 28 22 17 52 79 95 30 75 88 79 29 49 31 9 33 59 45 63 15 24 35 90 11 25 24 37 88 70 24 72 56 25 60 13 24 7 11 70 82 30 68 53 9 33 22 78 74 31 69 89 76 9 89
94 94 81 97 39 35 31 96 95 42 72 70 90 58 98 55 79 13 66 84 49 29 22 42 82 40 81 62 42 38 44 20 86 81 81 53 37 64 86 73 17 88 13 6 47 11 98 43 20 63 37 7 48 73 88 74 55 84 28 75 83 47 84 60 46 66 43 34 68 7 1 91 38 63 58 98 34 26 55 32 84 16 9 44 49 25 33 34 73 3 57 77 34 37 6 14 51 4 12 5 70 20 50 66 76 41 87 8 32 91 14 46 89 14 10 86 70 63 9 14 34 81 72 95 58 90 61 91 60 58 16 33 39 22 4 62 2 98 2 43 81 34 45 99 48 2 18 65 2 21 9 17 48 86 33 4 36 76 56 59 46 38 32 65 90 24 27 41 44 7 23 31 1 67 18 28 16 32 52 15 75 29 39 89 47 60 66 74 80 24 87 9 95 16 7 51 88 94 43 42
82 76 39 89 97 76 40 90 22 53 65 68 37 87 88 63 79 78 92 58 55 85 89 72 99 16 81 3 94 95 60 84 58 78 86 46 83 29 90 44 30 91 67 73 5 85 78 11 71 87 84 94 8 51 51 75 60 30 52 18 45 34 62 87 15 27 25 69 19 58 37 6 12 3 25 77 70 32 52 32 7 30 4 55 12 47 36 48 61 97 7 65 61 75 25 40 63 82 99 57 96 50 88 58 70 45 85 37 21 79 70 97 49 16 89 29 46 4 2 16 96 10 76 19 99 46 70 68 59 33 15 83 29 20 82 9 40 32 36 93 64 61 83 7 50 70 30 44 45 85 39 49 24 42 51 5 19 17 38 82 15 69 53 63 80 9 5 30 18 1 28 3 62 75 25 39 35 78 56 59 87 95 15 30 72 63 28 53 7 49 74 10 41 74 53 47 77 14 93 53
