20 200 13015 24.76
58 14 92 2 40 76 99 94 19 37 57 47 7 27 66 31 41 82 35 88 86 29 57 57 70 69 17 32 40 70 83 40 27 73 11 11 74 19 52 86 80 57 21 94 67 38 61 93 44 68 76 37 18 15 39 65 89 65 52 87 59 76 72 98 92 79 24 7 49 41 46 3 5 59 96 14 70 30 78 92 26 35 41 43 43 7 15 15 38 41 66 9 19 64 15 54 29 2 8 1 60 31 83 18 37 99 48 49 7 91 66 87 31 16 20 69 11 71 33 8 95 97 20 89 24 63 67 24 42 5 80 64 9 84 17 95 99 54 91 30 97 55 77 52 42 47 80 3 6 90 49 20 47 23 28 77 18 72 72 56 79 69 63 20 86 29 35 37 10 35 74 51 43 46 88 18 22 60 63 26 84 31 19 43 11 44 67 92 19 76 89 72 31 76 85 49 81 71 54 88
78 58 89 80 76 24 50 4 6 54 91 42 42 11 86 55 40 54 96 72 86 41 34 26 59 76 87 64 93 28 23 73 5 84 50 24 41 39 11 50 94 40 97 3 62 86 37 16 75 10 14 84 67 55 95 57 74 11 92 10 86 51 29 72 42 73 32 25 5 74 46 59 85 88 40 76 60 62 24 87 10 4 75 66 75 65 22 95 23 22 62 93 52 12 27 66 1 1 17 50 64 77 56 7 87 28 25 98 83 20 15 73 20 23 40 36 98 26 85 17 12 99 27 26 31 73 34 84 45 8 48 46 80 25 40 38 82 96 77 24 40 23 13 11 1 81 68 31 41 2 95 96 8 62 3 33 10 26 25 4 23 7 69 48 20 84 79 17 41 91 95 25 70 2 44 64 30 51 66 49 1 35 23 62 1 27 99 70 90 74 61 71 17 2 37 52 46 59 63 72
92 63 66 27 30 62 31 29 58 83 81 12 85 49 97 10 65 46 6 50 88 89 5 65 67 30 24 44 35 18 4 32 4 33 91 43 55 6 71 39 60 85 25 10 2 23 22 58 66 77 27 90 42 65 83 52 51 34 64 29 12 16 21 61 92 66 10 12 8 72 2 36 75 98 71 56 7 24 60 78 8 72 71 67 88 4 66 38 53 17 29 46 36 54 60 87 99 22 60 79 18 69 9 48 26 66 72 34 96 61 6 64 35 94 72 5 73 53 56 60 6 22 91 95 77 42 7 72 59 49 14 57 79 18 62 7 49 57 57 44 32 59 28 70 95 76 25 38 68 82 34 4 88 45 3 54 8 53 30 82 32 3 66 42 62 20 76 33 11 34 84 8 2 27 79 82 7 85 67 57 24 14 50 20 24 50 63 87 31 80 99 79 72 97 20 80 97 43 3 50
62 62 34 23 48 65 57 65 85 99 52 94 50 84 72 56 78 40 46 69 60 14 65 88 80 3 9 40 26 87 55 51 57 49 62 35 38 74 8 54 35 99 89 88 56 40 30 57 28 68 14 48 19 85 32 11 99 10 30 38 65 76 54 6 84 12 86 92 71 1 54 64 89 72 23 14 84 41 28 52 80 14 26 72 56 50 91 6 37 88 71 94 81 69 26 1 11 4 55 70 43 30 30 59 36 36 98 66 57 11 17 76 19 60 44 33 45 47 23 55 55 1 86 29 86 95 52 62 25 21 98 97 47 84 7 99 44 79 23 54 70 57 39 37 98 82 6 6 73 25 33 54 27 66 89 70 1 25 97 36 76 61 15 19 13 12 43 43 69 57 62 27 68 85 25 51 93 68 57 99 21 65 53 99 97 1 45 88 4 41 58 2 62 7 13 41 50 99 68 69
71 78 27 93 97 18 43 8 97 22 59 43 73 60 57 44 3 23 15 82 94 75 41 83 72 97 4 24 40 89 65 58 38 14 13 67 54 12 56 24 63 27 34 22 60 6 65 34 69 26 66 65 55 90 8 27 36 28 84 77 47 87 89 97 15 91 87 68 75 23 15 74 64 94 35 55 50 66 67 25 59 17 15 8 5 41 82 78 41 22 16 55 4 40 64 95 45 50 19 64 26 64 68 10 32 1 25 22 36 55 30 64 16 41 33 79 79 35 58 19 29 97 93 12 83 22 33 37 94 34 5 10 85 63 89 62 82 29 23 68 67 59 17 45 61 33 93 61 30 87 79 10 73 46 31 55 73 5 75 31 83 11 86 2 37 15 81 3 79 16 6 3 12 82 93 99 87 54 33 10 96 48 26 63 83 71 31 65 87 15 11 81 44 87 83 38 15 20 7 82
88 46 97 58 58 47 99 57 78 3 23 22 91 75 70 81 80 97 95 2 14 53 58 41 26 77 2 97 18 38 27 87 21 34 79 8 20 19 53 99 61 46 38 37 54 90 10 14 7 99 27 70 38 32 84 17 75 24 67 30 49 52 33 98 1 34 2 69 40 42 86 39 24 37 96 5 10 44 59 23 29 68 27 40 61 53 95 65 80 97 47 4 34 86 87 28 59 37 93 22 27 3 69 78 32 5 17 29 71 18 2 81 10 8 98 82 8 50 40 93 53 76 88 36 53 29 17 11 56 22 46 81 55 22 57 40 8 41 34 20 35 78 42 59 20 49 52 87 11 45 54 26 7 65 39 35 4 55 56 41 40 51 92 41 14 99 10 6 37 99 30 76 54 58 44 63 27 45 86 12 38 24 19 63 64 34 19 86 99 86 25 61 70 17 65 46 9 80 54 2
53 79 55 35 35 20 23 81 2 85 10 29 39 38 54 27 35 70 84 99 39 20 13 50 58 78 68 32 87 59 37 53 33 74 36 61 71 28 31 61 51 75 55 96 43 88 69 42 13 88 97 54 9 46 20 46 63 7 8 84 19 70 93 42 13 90 22 58 53 51 16 13 39 85 19 49 93 47 9 94 93 23 74 75 33 19 94 63 9 69 63 53 27 37 58 97 44 93 53 12 6 88 79 26 99 22 94 24 30 18 48 84 52 59 4 42 20 49 17 53 25 84 23 14 49 69 54 37 71 85 85 57 28 90 74 55 96 87 24 46 12 22 9 53 93 31 51 7 40 5 48 82 12 14 96 43 45 92 18 75 96 39 94 72 64 28 82 38 57 8 43 22 5 63 43 14 42 76 53 36 22 36 8 1 75 78 17 7 2 51 62 50 95 56 61 52 16 64 95 99
50 70 84 50 29 64 66 36 16 91 98 94 23 28 89 99 16 41 6 79 43 20 6 21 93 77 10 18 20 4 22 56 21 88 93 71 13 43 25 70 39 80 92 52 43 21 59 43 2 68 43 80 44 40 29 3 4 40 14 2 18 43 63 41 34 16 18 21 86 29 73 49 31 48 26 42 69 77 9 15 50 73 73 47 75 90 30 41 10 46 41 80 70 51 47 18 69 89 49 99 44 11 91 48 57 69 18 54 16 64 41 26 64 24 23 30 24 33 17 49 29 38 75 6 38 9 61 99 38 40 7 10 92 87 12 73 87 63 50 6 15 91 72 35 59 5 69 94 62 1 18 25 45 70 18 91 14 76 11 80 4 28 28 73 18 78 86 8 30 49 26 53 50 88 26 40 47 87 42 8 13 75 60 55 40 36 31 39 5 7 32 34 87 42 40 45 53 66 35 79
56 39 34 39 33 58 54 56 90 7 59 42 98 48 39 87 63 86 84 50 62 59 81 5 15 40 89 68 18 15 47 27 23 96 49 36 25 10 1 60 16 59 12 43 7 49 26 12 99 93 88 35 21 85 47 84 11 24 33 46 23 72 71 27 69 84 43 39 62 64 98 1 20 36 74 86 24 91 88 30 93 75 38 98 48 67 33 33 6 8 42 29 64 37 99 72 4 31 63 38 33 43 13 62 55 94 54 30 18 30 63 21 46 43 65 49 23 7 43 63 3 6 96 70 2 94 51 30 37 76 76 74 9 14 46 28 18 34 80 1 46 27 34 12 23 4 70 36 31 43 42 35 51 88 1 72 69 10 88 13 79 22 52 21 4 95 39 75 34 20 30 95 21 99 1 8 5 16 40 3 78 40 91 71 26 92 53 24 80 14 90 59 29 13 31 75 17 73 62 50
82 88 48 37 99 79 96 78 40 74 43 70 18 52 2 73 71 78 92 40 14 66 21 9 3 54 20 76 78 25 95 84 13 24 37 37 83 4 86 5 97 60 57 21 12 82 93 2 48 10 6 31 72 78 31 69 51 69 55 24 82 12 79 24 45 48 77 58 13 87 33 71 70 35 12 96 29 9 34 9 14 18 50 68 37 39 36 23 95 7 24 93 23 83 13 13 19 28 37 36 99 66 53 24 94 10 89 11 79 27 48 81 55 53 94 35 16 52 84 37 6 22 6 84 48 88 15 43 78 79 40 46 25 12 38 10 63 10 3 4 5 11 27 49 32 33 71 3 40 58 24 74 19 9 88 30 31 1 44 86 41 30 47 71 84 55 36 48 82 86 15 15 37 29 57 59 49 45 45 23 49 47 36 15 35 98 7 90 56 89 4 67 2 58 31 23 58 85 93 40
70 11 67 52 93 80 59 37 51 98 40 86 42 78 86 30 16 54 47 1 88 83 61 10 43 26 35 18 39 21 15 58 74 40 54 4 68 64 58 82 7 47 65 87 19 28 27 30 89 9 80 80 49 78 35 66 17 58 76 14 31 54 58 62 55 34 31 78 46 62 70 49 90 45 92 52 79 16 61 1 4 18 96 83 84 71 84 75 46 67 18 27 21 1 89 55 97 76 59 66 8 71 84 28 63 63 54 42 44 73 24 67 84 45 77 69 55 70 33 59 70 77 52 16 70 20 66 34 58 78 50 16 83 89 37 4 1 29 88 58 61 59 76 95 30 51 37 38 30 74 74 90 65 85 68 39 58 69 66 16 69 74 47 86 4 93 32 21 39 59 47 17 75 96 75 38 26 30 3 21 41 58 45 9 31 23 76 51 18 41 47 88 75 22 29 81 99 96 76 1
5 42 1 35 2 39 91 71 64 5 44 69 25 90 55 56 50 94 36 77 49 26 75 29 39 14 34 23 61 52 63 84 98 88 70 10 34 2 3 81 51 86 56 36 95 54 43 60 67 79 47 13 32 68 45 1 33 89 79 71 65 93 78 1 76 37 66 11 64 42 40 90 40 1 29 2 89 3 34 67 15 62 13 3 54 60 70 61 34 98 12 40 11 53 75 1 84 78 10 83 97 40 67 2 35 63 72 52 48 75 82 47 17 81 7 19 3 35 46 10 24 38 31 21 57 66 53 43 25 4 2 54 79 82 90 59 8 53 53 52 55 7 1 17 49 9 4 14 38 87 16 19 50 29 16 30 19 31 23 66 73 48 2 18 34 19 83 44 57 71 41 71 3 1 53 25 40 27 23 10 18 72 88 54 4 57 32 24 44 19 56 27 7 34 60 37 18 92 73 77
92 46 19 55 40 96 82 51 41 31 90 27 83 31 47 91 88 30 51 55 60 23 29 12 42 11 20 96 65 29 1 28 22 8 44 88 44 43 74 46 9 10 55 55 98 68 39 96 99 44 62 52 43 45 8 76 84 4 73 9 77 41 41 51 37 91 62 11 84 60 5 98 7 35 92 80 25 21 97 96 32 95 89 37 27 67 53 50 1 35 44 96 81 6 34 91 32 82 2 67 65 1 60 95 64 45 89 48 1 1 68 83 88 9 56 8 28 64 71 2 57 69 6 64 71 32 57 64 10 89 63 7 55 19 45 71 76 54 92 30 74 2 74 24 56 21 73 68 52 9 56 28 17 19 62 15 19 15 49 16 45 2 99 45 35 64 30 1 27 51 62 6 74 33 95 18 20 54 47 11 14 8 55 2 56 78 86 72 48 48 27 32 95 2 68 33 44 57 25 55
8 28 8 72 1 63 96 59 56 66 52 81 36 32 14 55 44 72 18 79 97 60 67 58 40 95 92 39 83 55 34 32 52 25 27 69 10 48 92 68 66 87 9 74 12 33 90 55 77 84 1 21 41 97 98 97 31 46 45 31 76 78 60 62 56 73 61 3 13 49 30 22 14 5 78 35 42 79 1 88 95 58 59 99 47 69 2 14 55 22 26 55 16 12 49 79 35 8 10 92 16 66 47 73 8 38 84 81 61 74 48 56 57 85 60 95 51 42 31 10 31 46 51 75 25 68 67 16 11 91 13 77 77 34 58 26 98 48 79 23 60 47 50 62 74 91 46 16 86 86 1 70 69 86 6 73 7 38 9 19 20 10 24 93 37 12 90 5 25 18 17 81 30 4 67 48 11 8 42 45 90 10 47 72 10 12 38 87 19 43 30 43 53 86 71 83 4 36 26 79
58 55 8 64 3 25 33 64 78 39 81 4 70 94 38 73 75 69 90 47 63 75 71 86 8 22 17 31 68 75 68 9 19 56 56 55 91 6 55 2 94 93 28 41 92 50 90 94 86 35 58 64 84 88 59 26 5 39 51 99 89 45 71 20 8 7 99 48 4 1 71 27 80 66 72 74 60 77 41 33 11 99 27 72 9 44 28 86 16 81 89 85 69 77 89 44 41 80 17 29 19 13 38 26 98 40 89 8 38 22 27 80 78 51 62 24 12 12 67 17 90 5 12 60 37 24 50 22 20 74 68 93 33 44 23 43 66 90 45 83 36 69 43 66 26 11 34 89 68 51 87 35 4 60 40 38 31 5 93 7 20 79 9 2 93 38 82 40 92 60 95 79 10 48 67 15 65 86 93 20 44 86 17 59 24 15 88 38 14 15 28 47 64 34 6 92 3 41 3 47
40 46 11 85 77 91 48 63 1 48 53 52 96 49 56 92 17 63 77 6 76 7 73 40 38 97 66 32 41 99 49 49 71 87 93 54 61 74 90 23 43 10 63 71 58 99 54 92 84 18 96 54 54 5 58 14 14 29 59 96 10 27 91 16 29 44 92 68 95 37 86 81 4 37 49 46 33 4 12 54 66 62 4 35 73 33 14 95 82 30 40 47 97 17 98 70 30 27 81 14 39 14 17 79 17 84 20 35 63 57 69 8 42 30 31 64 47 72 51 81 81 70 95 70 50 67 31 8 70 2 34 78 68 91 76 16 8 33 31 40 76 60 68 28 11 85 65 57 61 88 23 78 42 91 8 24 65 64 57 47 46 27 44 19 18 79 91 52 66 68 4 67 32 5 65 7 6 37 52 53 42 19 36 21 76 46 80 54 36 94 12 94 24 78 82 10 51 30 73 6
96 13 90 89 43 92 47 7 80 17 49 2 97 73 81 99 77 38 60 58 6 6 36 97 18 27 80 11 59 60 85 73 82 5 39 71 22 65 71 66 13 58 90 18 94 75 77 92 19 75 44 52 27 11 83 3 72 21 32 64 88 36 11 13 14 1 45 30 65 16 54 20 93 38 98 48 37 24 90 61 67 75 36 1 70 66 85 28 90 4 65 52 81 7 23 3 36 90 61 69 70 28 97 87 28 99 84 41 31 2 34 66 93 22 53 47 40 33 69 61 96 71 4 9 44 38 82 67 50 74 56 22 76 50 94 29 29 62 95 70 30 78 72 27 59 71 15 70 41 78 43 34 38 63 16 29 26 20 37 43 30 10 45 78 2 73 70 66 94 35 71 70 82 51 27 61 96 2 23 35 29 2 69 58 45 18 14 73 71 58 2 45 3 38 46 13 71 43 62 58
33 92 33 93 41 56 52 72 73 87 63 87 55 47 49 82 90 79 34 53 83 65 77 90 79 83 92 74 87 86 69 84 59 66 12 99 57 89 52 3 34 6 70 39 56 34 30 27 64 89 33 1 36 39 49 43 35 80 57 84 53 9 7 84 47 21 74 13 53 58 14 73 49 93 3 94 38 3 35 54 59 46 79 22 16 14 44 95 41 91 2 70 59 3 4 21 20 33 75 44 26 28 31 98 8 75 82 85 24 40 44 32 18 46 65 63 98 6 84 75 53 2 74 71 12 43 87 56 28 91 67 82 73 69 19 59 87 99 16 40 88 17 89 29 36 12 65 44 72 3 67 76 58 51 78 33 11 30 1 82 9 3 32 21 21 98 67 5 75 60 93 45 46 4 52 95 76 37 67 59 40 86 21 17 81 94 86 30 92 17 61 61 2 76 55 2 69 7 59 53
41 42 14 76 89 66 87 30 86 95 3 65 12 47 66 5 77 84 4 66 64 50 55 69 97 39 59 44 71 85 15 25 70 74 62 80 69 76 46 11 58 68 38 89 68 21 68 76 95 52 76 52 84 48 95 66 89 40 97 72 71 75 71 43 73 88 45 45 64 92 92 50 11 95 86 1 29 8 72 93 37 20 92 61 39 6 54 6 55 52 77 5 96 71 19 45 25 79 2 96 8 83 45 29 51 23 52 46 23 17 13 42 46 2 94 93 53 95 1 2 37 83 97 42 21 20 6 31 86 53 96 19 93 91 32 37 78 4 53 27 37 27 29 94 62 54 52 49 25 76 35 14 85 90 14 81 59 68 69 46 33 51 81 63 59 48 22 50 85 8 20 3 40 39 15 51 21 45 27 46 94 38 37 83 9 35 30 61 41 78 98 15 34 40 70 23 4 90 65 66
87 75 55 33 78 27 45 95 62 37 47 39 8 61 73 49 56 46 91 48 64 37 62 57 47 80 95 41 12 61 15 88 57 63 21 50 65 84 12 42 88 58 38 7 74 86 38 33 21 32 63 67 55 9 63 63 49 35 26 32 84 6 27 87 93 3 49 22 68 62 62 44 53 57 16 78 17 87 91 24 58 66 55 74 84 10 86 20 44 52 2 95 47 76 41 48 57 35 63 11 94 44 37 15 82 7 34 27 52 21 10 91 71 10 56 14 90 52 60 63 81 54 33 72 25 30 37 95 26 42 31 13 22 70 26 39 49 39 26 22 63 40 77 42 56 42 6 59 59 60 26 34 8 8 46 4 16 33 86 42 19 39 49 87 46 3 93 12 38 7 3 22 88 82 20 83 26 60 30 48 85 43 20 60 73 15 61 83 1 50 50 67 38 45 25 61 1 24 32 48
