20 200 12971 24.97
92 9 51 51 15 1 11 84 17 79 77 60 19 77 44 36 41 79 72 54 6 15 64 51 59 75 91 93 32 94 14 66 56 65 92 23 92 53 18 93 26 49 39 73 93 10 79 6 36 80 41 33 3 59 95 92 76 72 67 69 40 8 53 70 45 60 91 14 91 77 32 4 4 53 59 1 35 63 33 4 67 40 84 43 28 56 17 40 67 61 38 66 8 89 58 51 42 23 81 46 38 30 63 37 13 89 40 44 75 32 42 49 88 20 92 41 15 31 31 65 76 79 79 23 61 68 56 73 89 10 18 91 82 56 67 80 6 22 67 76 85 59 69 94 6 93 24 38 27 28 67 61 64 52 3 19 9 3 12 84 30 30 83 92 52 77 41 97 66 41 27 44 63 52 24 71 37 8 26 20 17 12 85 44 88 51 99 65 52 36 84 22 87 27 64 57 68 65 90 54
13 66 38 83 60 40 16 98 94 34 4 8 69 7 57 85 76 15 20 91 96 79 86 67 87 70 19 24 66 36 41 73 55 73 32 61 14 75 82 75 72 31 19 52 76 25 84 56 36 16 50 88 49 93 80 19 15 49 61 98 12 29 28 15 79 95 8 5 96 10 45 89 80 5 71 62 79 31 51 91 96 76 69 11 33 67 91 71 38 37 84 38 54 72 95 28 76 89 1 51 19 8 77 49 96 46 53 66 59 36 63 79 32 74 88 84 72 36 35 81 5 16 16 47 80 38 5 68 89 4 86 87 24 15 95 41 12 61 1 31 45 88 33 65 11 16 84 59 69 67 77 50 4 52 26 16 53 45 16 47 99 4 74 34 99 38 43 32 19 41 98 35 44 52 28 53 47 91 43 26 7 75 63 47 71 98 38 47 96 14 61 67 12 26 70 77 22 52 76 91
12 99 72 69 90 39 98 96 1 58 48 34 15 60 42 55 95 12 80 98 38 19 47 64 98 6 3 45 40 30 85 97 15 10 19 31 30 23 80 9 54 84 8 33 27 60 49 34 21 16 76 76 64 83 1 8 19 24 31 68 80 36 15 53 90 69 54 1 92 72 84 38 46 51 52 34 54 14 37 84 40 78 67 28 67 90 85 68 40 86 96 18 28 13 70 95 7 21 28 99 36 90 5 78 20 53 9 35 37 16 55 81 93 29 23 57 20 52 29 30 64 89 34 85 13 21 48 57 34 2 9 53 62 90 15 92 60 93 65 79 12 85 87 67 88 94 38 64 77 81 18 26 36 33 71 40 72 8 9 73 22 26 98 74 17 68 13 99 5 91 93 84 39 33 44 10 46 62 30 74 96 79 18 91 80 1 21 95 19 42 58 57 55 43 81 93 98 24 10 98
15 87 20 22 75 63 71 49 53 79 52 19 90 68 67 85 50 22 95 18 18 89 52 63 40 2 24 81 29 7 48 21 57 86 80 72 38 3 59 89 25 69 16 55 39 77 36 25 34 49 56 52 87 82 91 74 47 6 70 66 28 89 57 14 64 7 2 44 89 94 12 86 85 49 67 97 16 48 3 59 29 22 35 87 29 36 98 63 9 82 81 79 11 46 13 64 38 99 68 2 40 28 55 50 8 43 23 34 56 36 19 5 92 22 79 72 80 6 20 88 17 67 94 85 22 76 42 82 24 60 59 63 52 61 16 52 98 32 16 93 18 93 62 53 89 15 52 17 5 25 69 76 81 51 28 8 49 60 11 34 38 76 40 83 62 72 12 80 19 64 38 99 39 51 20 69 18 39 9 99 91 28 51 31 52 30 9 28 59 97 29 27 49 68 34 79 97 37 65 18
95 99 76 64 8 50 88 85 95 26 54 14 93 82 23 67 95 28 35 13 83 61 92 60 1 98 95 65 55 56 1 98 43 18 33 48 72 71 92 8 13 28 80 66 95 40 40 92 67 72 85 75 12 10 35 44 69 49 64 35 96 85 16 63 52 10 64 31 4 43 30 24 36 9 53 18 47 58 81 44 63 47 32 88 93 32 70 91 73 63 43 35 80 78 9 6 20 40 95 75 78 36 69 18 14 90 37 30 50 56 85 50 9 12 69 82 54 91 77 2 25 8 68 56 72 80 37 61 74 24 19 86 19 5 48 93 12 83 56 63 24 85 49 25 60 28 65 34 68 30 77 89 86 39 36 28 9 50 9 98 13 69 40 53 97 69 55 97 90 60 81 61 75 39 67 30 43 25 13 35 46 15 11 48 49 97 11 18 48 50 16 84 93 82 45 19 76 18 2 13
70 93 77 94 61 12 47 78 61 36 79 20 94 39 94 18 61 78 93 27 93 48 74 90 65 39 45 79 96 20 87 72 93 81 92 93 11 44 82 4 14 51 91 54 65 88 59 66 14 28 51 58 38 56 12 11 78 27 75 64 28 42 29 93 39 19 27 96 52 40 8 81 14 42 1 19 83 60 99 82 29 69 15 52 32 19 73 64 85 49 32 31 44 48 24 81 92 25 74 48 67 47 95 5 62 71 88 72 87 5 12 4 13 72 93 24 5 3 16 80 46 89 2 54 26 43 78 1 20 29 31 44 63 76 55 84 92 4 18 25 37 71 35 90 3 96 55 70 14 31 93 74 68 14 34 93 40 20 8 39 11 16 66 42 47 17 2 81 3 39 93 1 73 14 85 68 32 26 38 13 62 49 19 37 45 58 54 93 27 23 90 12 74 15 38 57 68 36 6 27
81 47 36 66 79 68 62 53 96 1 81 34 78 34 71 41 12 63 61 62 54 30 81 86 81 38 96 74 33 85 48 32 4 11 18 33 97 3 67 28 46 36 60 56 60 70 26 75 38 56 97 34 30 84 29 11 6 49 27 45 96 72 22 75 40 51 31 63 16 36 67 75 82 87 68 56 39 69 12 33 12 12 22 18 29 12 83 46 9 86 75 71 51 76 62 52 16 7 58 38 70 7 37 27 90 56 97 11 30 69 10 14 98 11 60 97 37 9 42 81 31 45 96 26 65 54 91 34 49 88 27 46 94 67 90 25 3 97 53 39 31 47 82 72 93 47 3 18 97 85 49 84 86 92 50 70 4 6 7 76 67 48 97 68 69 28 62 63 55 26 24 98 17 92 95 89 78 11 47 40 41 86 23 13 95 78 94 29 68 63 84 94 28 32 33 7 1 22 13 62
23 23 80 43 48 70 87 24 41 9 97 66 78 69 83 54 93 13 80 87 91 26 25 39 39 94 57 73 66 40 28 17 51 98 67 53 39 77 7 37 14 74 8 43 46 30 41 54 84 96 11 12 77 85 53 14 73 55 79 95 89 98 53 25 55 95 90 40 15 9 45 8 41 1 98 24 11 23 59 62 51 98 39 81 78 10 61 18 42 15 65 74 83 26 67 5 8 49 76 54 83 15 56 10 41 20 34 7 34 54 65 22 75 17 33 79 8 49 92 34 62 91 22 35 55 58 91 1 23 39 31 82 53 62 97 71 72 94 46 24 96 74 90 93 90 91 86 85 20 13 6 61 35 75 5 98 56 26 76 17 33 53 2 25 43 81 74 33 77 60 32 44 8 75 7 33 28 37 84 36 38 74 50 2 55 58 63 34 69 99 66 35 92 2 47 65 17 93 87 87
95 76 85 99 93 70 83 68 89 41 70 74 24 49 38 13 33 51 52 66 7 18 58 79 7 54 13 65 97 79 77 68 27 43 21 63 9 87 92 84 60 93 52 11 73 77 56 20 96 47 61 99 16 16 41 87 25 20 62 32 21 56 76 6 81 72 7 8 58 57 13 81 41 21 10 16 7 51 96 53 78 66 22 35 32 61 92 29 42 10 93 24 59 82 82 14 12 2 47 13 18 97 26 83 40 17 41 38 43 47 73 38 85 65 50 33 8 6 8 93 38 5 1 13 42 45 33 94 98 70 50 85 94 73 80 92 9 78 21 46 35 10 1 43 57 78 39 24 88 73 65 31 54 3 73 12 66 21 91 38 18 40 88 49 7 57 37 50 17 1 42 45 75 3 5 47 87 5 88 24 63 17 86 15 65 21 26 42 83 53 81 9 38 68 14 15 37 91 84 66
73 46 34 86 91 81 46 6 52 4 84 42 69 66 36 54 62 42 78 66 54 28 33 84 80 61 94 71 49 89 35 2 86 99 79 14 11 37 1 4 78 89 64 30 5 13 89 37 19 66 4 37 74 29 41 52 58 23 79 76 42 90 18 34 2 29 59 20 47 91 71 15 97 8 28 89 33 99 39 4 26 92 45 20 46 5 39 89 10 6 84 46 51 14 31 50 2 85 71 29 88 23 58 69 83 57 50 16 6 25 13 6 67 50 27 48 47 37 53 8 99 76 69 62 91 80 45 5 50 64 87 73 64 74 89 24 2 78 16 7 41 85 72 19 27 86 69 51 70 48 95 95 19 2 19 89 61 25 34 42 96 85 12 9 89 1 8 33 59 91 49 26 29 2 83 14 49 49 53 50 5 34 38 94 99 90 29 15 58 40 93 66 82 98 16 85 78 88 66 66
35 51 53 26 79 91 9 54 30 19 2 46 60 29 30 28 9 43 66 95 64 98 55 75 54 23 17 4 63 95 18 59 15 94 10 90 28 14 59 38 60 12 6 11 85 38 58 64 15 82 38 53 84 5 47 65 30 28 80 56 71 9 3 74 53 11 58 35 91 1 66 87 65 18 70 65 47 68 15 27 61 3 30 77 27 31 47 23 30 73 73 22 25 24 35 74 96 10 40 65 14 6 43 78 63 64 3 99 27 56 9 63 23 78 36 64 9 38 49 3 86 30 48 56 24 2 62 85 94 13 94 71 28 82 93 23 45 14 38 69 1 58 36 47 33 47 31 20 48 26 60 16 63 45 53 72 7 30 81 5 78 83 29 67 14 66 15 20 47 37 85 64 25 45 56 57 12 66 30 80 38 32 44 38 2 28 54 5 64 27 72 12 54 52 34 55 95 48 55 95
86 27 46 70 81 5 86 63 68 70 94 29 96 64 25 3 81 71 35 92 99 96 78 89 69 80 14 33 73 89 7 96 59 45 42 93 55 76 31 84 93 56 89 45 79 89 64 59 67 10 75 61 56 89 38 34 44 62 31 62 22 70 93 56 55 21 69 97 13 43 9 4 81 21 13 38 64 10 52 38 53 69 26 78 90 86 13 65 8 42 55 57 59 12 8 76 25 87 16 12 20 91 13 9 28 87 60 54 41 92 51 19 7 51 99 21 4 12 55 84 39 90 21 96 24 85 36 48 57 70 47 80 10 79 9 65 48 96 14 38 29 91 6 14 84 17 55 57 6 64 15 82 77 99 40 2 52 8 6 78 47 42 52 25 71 76 78 12 71 27 19 21 53 99 19 73 92 75 5 25 96 5 34 62 44 82 34 59 76 61 66 44 55 91 66 42 22 12 10 92
66 62 68 45 72 97 6 42 63 47 72 65 43 4 95 82 70 58 65 10 51 27 72 28 5 26 80 17 75 65 79 68 48 28 73 80 35 98 70 99 89 79 88 98 51 67 59 65 96 95 13 26 64 78 49 43 1 48 7 89 9 11 75 49 56 42 49 21 75 84 16 49 79 90 40 84 39 53 22 38 46 32 71 22 94 27 10 44 5 6 29 50 17 26 72 20 47 28 93 75 10 9 4 37 2 44 42 71 94 24 67 9 8 5 63 81 79 35 58 14 63 20 1 53 61 55 12 34 37 10 39 11 28 32 44 51 85 2 15 90 47 83 80 29 45 58 25 55 92 91 61 64 82 9 87 71 80 94 67 25 63 64 24 63 94 50 96 4 34 34 82 7 27 9 80 93 46 74 35 93 60 47 5 92 65 4 10 10 58 54 57 23 8 69 14 98 32 70 64 10
90 90 80 20 93 94 73 23 69 70 13 61 77 11 73 60 80 48 37 47 65 92 97 93 92 32 49 91 41 1 41 59 85 35 59 46 83 21 28 69 79 4 59 57 44 15 68 34 13 35 7 30 27 20 43 88 89 53 18 75 66 5 32 64 73 17 66 31 58 35 54 63 92 57 24 98 76 50 40 68 1 65 4 84 43 23 21 87 61 33 71 60 80 30 2 56 52 29 34 46 18 91 2 11 4 80 68 24 97 95 59 19 23 62 44 7 57 53 24 6 14 68 78 28 20 90 66 61 68 33 32 27 64 59 75 8 24 64 22 27 66 22 95 94 77 31 73 95 64 94 6 56 45 13 2 68 44 29 7 99 58 57 4 63 31 48 16 32 43 13 33 36 22 13 37 82 53 1 52 69 24 75 58 14 66 40 11 68 33 46 73 72 87 17 58 40 97 30 94 47
69 54 87 99 21 57 98 99 26 41 3 52 78 50 58 3 77 99 65 66 9 64 84 40 32 16 94 90 97 30 54 76 28 1 50 77 79 21 45 57 93 12 30 7 14 40 53 99 49 67 39 93 17 90 46 78 20 7 80 86 9 19 75 75 61 97 14 95 69 75 10 86 28 25 39 24 34 35 91 39 40 10 60 18 8 49 25 51 35 56 21 93 98 6 30 82 81 31 56 88 45 30 90 64 49 61 7 23 40 35 84 26 9 79 59 96 2 46 29 94 46 25 72 91 67 65 19 79 60 81 69 41 23 86 84 17 80 46 16 84 28 5 1 40 48 49 40 73 63 48 54 34 47 15 14 33 82 96 45 20 46 71 13 6 86 23 95 27 10 63 24 10 21 15 51 38 12 17 10 57 47 50 18 70 13 95 25 76 35 71 1 80 74 87 24 18 52 55 8 66
29 85 8 91 97 72 38 8 37 92 27 57 62 56 75 81 81 88 65 4 22 81 96 84 3 78 38 78 48 48 96 83 53 43 87 87 53 80 37 22 76 94 40 9 76 77 81 20 33 88 45 35 1 39 65 7 93 74 57 22 86 22 3 87 42 59 2 46 36 43 57 56 66 83 34 28 84 65 62 9 52 57 86 10 27 60 71 73 72 92 48 25 59 36 83 9 17 20 94 13 79 48 14 91 2 72 26 90 9 6 90 73 65 65 96 46 83 81 44 88 37 32 62 35 32 43 58 1 38 46 71 24 33 54 94 10 10 1 48 99 68 24 72 67 9 55 73 42 64 74 62 51 56 38 72 98 16 94 56 10 48 63 30 63 5 91 66 46 86 17 11 58 61 38 54 47 54 24 30 56 42 17 2 37 78 69 64 10 69 41 40 99 67 11 36 51 30 40 69 4
87 92 96 56 58 78 57 78 92 99 81 97 10 55 37 69 49 58 37 74 89 32 12 39 13 62 38 87 41 42 22 43 16 84 80 30 71 99 91 2 24 32 48 19 27 9 81 4 41 30 67 26 87 96 86 8 56 75 85 90 7 97 91 4 64 8 48 29 53 2 99 24 64 68 85 7 57 37 84 19 81 2 59 30 35 25 41 47 55 50 44 6 64 22 1 19 65 42 46 97 77 98 3 96 38 9 30 31 77 61 21 21 85 95 41 87 68 85 7 40 70 86 7 62 26 18 75 48 8 61 36 63 67 46 26 59 40 19 68 80 22 82 49 91 29 63 25 52 9 63 53 12 52 72 3 59 87 87 28 11 86 85 50 1 15 3 55 3 83 24 86 32 15 72 56 61 24 46 2 84 81 37 79 63 39 22 31 35 12 1 66 71 79 82 16 69 56 15 86 74
11 18 29 66 90 82 77 18 63 44 29 41 2 78 33 91 83 47 24 91 57 9 97 19 88 95 43 18 24 19 94 23 79 12 44 61 90 53 59 19 35 10 65 5 23 24 3 38 97 15 55 9 30 45 56 63 15 36 4 66 82 8 10 4 31 84 27 50 61 87 18 42 6 92 84 84 98 52 55 84 83 89 2 29 85 30 98 77 58 7 53 7 23 1 73 7 96 68 38 73 51 11 41 63 36 67 43 85 58 26 4 26 26 42 23 27 55 64 26 28 28 31 43 29 69 41 14 46 90 29 67 42 64 52 7 54 75 22 22 97 86 34 6 94 56 4 17 73 54 67 6 85 52 8 1 6 10 6 51 23 52 26 60 14 82 84 69 26 91 74 42 50 7 8 63 52 55 14 8 2 11 18 43 92 96 10 29 20 70 78 1 33 73 15 11 75 6 55 28 91
62 55 27 75 44 92 14 62 80 76 13 57 73 49 67 56 54 44 13 11 12 54 80 73 72 94 56 25 56 5 76 31 5 35 94 22 85 55 13 42 64 39 47 57 91 72 17 19 6 87 40 54 43 78 97 58 38 33 45 46 74 17 12 36 53 38 91 83 25 20 51 12 32 15 40 58 76 37 92 23 85 68 89 35 52 68 90 33 60 33 37 22 53 87 3 96 24 28 43 28 31 1 87 68 61 59 39 8 98 93 58 59 65 4 16 19 21 6 82 57 15 93 49 37 98 44 29 86 57 15 11 94 90 30 16 29 48 15 65 21 37 26 72 77 75 34 55 66 86 7 37 60 18 15 86 89 55 54 85 54 95 73 28 76 55 82 8 10 81 58 31 1 50 15 28 39 94 49 42 68 84 17 44 42 54 43 12 66 27 33 62 34 92 93 37 26 32 6 78 11
98 34 57 30 49 29 86 64 10 58 74 27 60 66 60 68 48 69 65 37 21 62 14 34 70 29 75 56 94 89 98 73 27 66 53 64 34 94 19 91 73 85 78 97 45 99 31 54 23 13 14 3 92 94 21 76 17 85 16 72 39 12 90 17 21 32 58 23 50 77 55 55 65 84 56 42 49 11 99 84 51 68 84 42 26 85 62 85 76 50 6 81 96 10 69 41 43 99 15 5 49 9 93 21 44 93 34 85 92 41 48 28 58 18 13 53 8 92 2 41 89 46 21 16 4 77 56 37 10 57 78 93 14 17 77 55 45 61 75 72 1 93 59 11 93 67 65 97 19 70 57 39 88 97 12 63 61 4 89 31 43 93 60 83 25 33 99 22 84 81 33 1 94 97 41 6 16 7 74 43 49 2 4 23 38 29 79 25 73 37 24 57 78 26 13 9 69 48 26 37
