20 200 12969 24.80
55 45 39 32 34 55 97 63 23 92 90 7 91 12 75 30 83 10 2 56 47 40 94 41 34 88 1 77 43 2 98 55 48 35 45 45 96 3 69 81 21 61 68 94 72 40 9 63 60 47 42 37 57 19 12 91 48 40 11 56 94 18 82 64 14 4 13 37 84 13 90 95 55 94 95 22 64 2 84 44 83 7 35 24 8 11 90 91 10 15 88 27 20 43 62 55 57 64 32 96 11 81 49 52 91 88 66 55 55 39 19 19 42 70 97 45 64 18 35 54 41 25 66 47 7 3 55 34 88 83 46 26 90 38 30 66 53 19 94 68 15 31 59 83 35 65 68 5 49 95 69 33 28 55 2 59 73 52 77 49 64 3 65 12 60 12 63 81 44 87 51 34 24 64 58 64 46 18 98 38 25 64 8 93 74 89 53 1 36 18 83 44 96 40 92 81 39 93 57 56
76 84 3 56 25 53 13 37 62 18 95 28 39 17 42 78 47 2 68 73 85 30 54 14 43 2 94 90 58 85 46 40 52 75 84 30 90 25 70 70 20 91 62 98 73 44 22 50 72 7 52 21 79 69 42 56 29 58 60 61 36 37 30 28 67 69 14 38 83 59 16 12 93 80 8 56 38 82 48 40 3 71 57 26 86 86 31 24 96 80 28 2 54 4 28 54 74 92 56 4 66 55 52 56 39 8 2 98 14 44 74 42 36 77 2 18 26 28 96 81 15 16 73 48 75 29 33 8 66 31 17 75 12 17 3 9 4 90 76 96 19 37 2 64 87 74 8 64 5 50 88 59 57 88 73 41 66 28 57 36 38 5 87 13 74 48 88 53 93 34 81 63 76 98 29 72 51 33 33 4 46 72 24 34 87 80 49 6 83 29 65 82 88 21 67 92 71 67 62 73
41 2 23 85 38 67 43 79 89 50 91 85 9 39 24 51 75 28 11 11 8 73 98 54 60 29 64 9 70 27 17 85 35 92 30 61 88 85 2 76 97 93 58 2 42 25 84 74 1 73 54 13 72 26 70 47 49 20 52 16 60 84 32 99 11 80 67 30 44 56 17 91 1 43 97 71 69 43 57 43 73 3 42 70 52 86 60 86 38 27 13 28 97 92 66 53 14 47 7 51 70 12 95 82 45 49 67 81 10 89 4 77 32 43 92 32 9 7 37 95 86 40 52 5 49 65 27 38 13 80 37 34 25 65 66 47 78 12 67 97 2 48 23 97 34 80 80 65 55 40 87 71 2 53 31 58 44 63 87 67 69 65 51 51 84 25 97 6 31 6 56 29 82 17 76 39 89 42 91 90 20 90 66 56 58 61 93 1 95 78 40 14 24 53 50 81 26 19 56 11
71 32 97 20 72 61 67 83 85 63 52 18 8 96 38 36 13 98 13 26 73 79 59 43 48 33 2 25 89 29 1 86 78 83 43 56 81 71 33 97 68 69 96 26 25 38 99 47 92 37 22 38 46 97 67 48 45 82 53 54 14 71 65 17 71 13 27 44 12 86 86 5 73 99 77 82 87 82 75 83 6 60 30 72 66 21 85 56 53 19 79 84 44 27 19 76 33 68 16 63 40 61 56 48 39 89 23 27 53 19 27 67 23 68 79 89 75 91 94 27 34 45 92 32 93 14 21 24 84 10 63 25 15 56 47 25 14 40 56 8 33 66 37 88 85 71 66 28 81 73 71 74 61 44 31 96 34 57 62 58 87 38 59 40 28 80 12 6 82 41 70 39 47 76 70 36 11 41 26 29 63 39 50 17 48 36 71 82 12 76 90 22 59 96 80 40 53 35 65 26
19 95 56 95 56 28 61 42 50 94 72 43 76 33 73 29 97 24 64 14 95 79 2 58 35 68 10 71 91 32 19 48 65 20 28 45 17 10 73 7 28 45 30 34 65 51 94 39 25 21 1 47 32 93 86 37 68 18 50 78 31 43 75 27 42 53 28 68 98 49 26 83 20 32 66 13 40 10 97 84 16 88 46 70 19 40 1 1 12 42 26 50 56 22 35 91 49 47 26 27 38 30 25 28 97 40 41 18 54 6 49 11 64 49 1 87 99 58 81 33 22 98 28 48 10 13 35 34 51 58 64 57 24 81 69 32 42 43 79 14 51 13 51 15 6 95 8 15 62 93 10 43 96 45 41 12 51 62 16 16 40 20 82 40 32 97 88 91 77 97 6 98 62 58 41 65 12 32 72 66 4 1 73 42 94 6 38 97 8 66 28 40 7 16 20 31 23 19 55 14
66 71 91 95 89 24 17 10 8 59 51 74 96 76 38 55 5 89 67 24 41 81 91 73 98 19 57 24 60 73 11 36 97 60 69 21 97 70 97 53 6 60 42 40 26 72 5 83 48 99 66 95 34 7 35 25 64 77 50 2 34 5 34 96 8 7 3 26 39 11 62 34 47 42 19 24 17 31 48 63 39 86 44 24 98 9 95 33 69 80 13 79 25 27 72 44 83 17 65 60 12 12 79 77 71 86 29 15 57 78 97 49 99 63 71 44 18 15 20 20 30 36 43 50 65 63 11 58 16 10 37 27 93 77 61 22 53 66 93 46 62 33 32 26 73 72 26 47 8 29 58 44 64 6 72 52 28 28 84 68 17 62 95 78 28 45 9 96 98 97 15 17 68 64 19 3 28 93 35 23 95 41 51 4 15 97 19 18 65 62 85 97 60 81 10 12 13 3 91 24
79 45 76 69 74 88 18 66 84 44 14 94 69 72 12 33 99 23 57 53 4 70 65 47 42 4 81 73 62 33 62 97 80 54 67 17 86 90 1 31 10 78 44 10 8 66 67 70 65 23 48 9 34 28 11 4 2 88 62 25 84 57 77 89 86 19 10 78 41 8 96 66 68 26 2 32 14 60 69 75 97 26 13 9 74 56 96 3 61 26 53 14 50 77 25 61 17 18 14 25 40 76 26 85 29 98 13 42 33 96 18 34 84 88 22 32 27 61 11 11 71 42 73 74 69 90 9 17 2 26 92 32 29 63 63 87 64 43 58 57 28 53 95 47 56 56 75 63 54 88 4 75 93 71 75 28 68 58 90 73 14 3 50 36 97 72 56 91 35 22 8 74 19 23 86 64 96 77 7 71 47 77 91 66 54 35 26 16 47 63 83 35 84 67 74 9 61 84 62 53
36 87 42 36 21 69 82 16 28 29 72 83 55 44 88 81 42 11 42 63 36 33 70 87 21 88 47 56 45 29 19 28 50 50 11 48 20 19 57 65 72 30 88 97 72 3 33 39 52 71 98 64 25 99 87 32 66 36 18 64 11 31 4 90 98 31 56 76 52 65 96 18 2 82 85 71 23 44 76 52 10 29 16 55 2 70 8 50 47 80 88 48 43 80 87 8 3 25 99 15 56 75 11 4 81 68 44 22 32 93 41 20 90 32 1 54 77 3 62 70 12 20 44 67 99 91 86 70 85 31 87 51 7 65 51 34 15 57 70 12 93 77 55 21 95 20 37 28 22 40 91 95 74 46 84 70 94 10 60 34 23 21 72 80 11 20 84 64 50 13 98 3 93 26 86 98 36 44 20 50 43 36 84 99 95 46 46 74 47 1 19 86 20 78 38 98 87 78 31 63
58 18 35 92 10 45 83 95 27 93 4 98 34 89 95 75 77 38 4 33 95 6 2 77 29 61 62 71 41 15 7 46 11 81 86 46 16 43 32 6 68 94 31 60 83 68 94 35 14 91 89 37 93 64 74 47 47 54 5 99 42 76 61 44 59 96 35 47 60 20 53 27 91 9 42 87 69 80 23 11 6 27 91 31 80 86 56 7 32 20 20 77 50 93 42 11 59 33 8 87 66 17 37 89 28 72 21 18 61 47 4 88 54 9 71 51 57 54 11 20 3 70 52 30 55 77 8 31 80 82 73 49 89 61 51 55 44 79 4 65 33 89 62 70 66 83 83 29 3 3 46 41 22 7 58 88 38 16 41 61 69 84 40 85 42 95 76 55 86 19 30 50 5 55 10 12 9 29 1 84 39 63 47 61 22 59 59 27 4 35 13 67 74 91 81 75 5 42 58 33
19 88 95 63 88 27 87 61 2 41 46 42 69 24 27 8 74 66 88 94 50 86 16 29 28 81 42 58 57 85 55 47 33 4 37 83 24 58 90 78 25 56 7 50 3 78 74 39 52 32 52 40 45 6 89 18 38 96 25 35 45 10 20 70 5 76 51 21 81 71 11 18 68 76 14 15 1 2 45 71 66 57 76 56 69 55 33 15 41 75 74 67 44 80 11 45 58 43 8 7 42 59 84 15 59 13 78 84 76 54 23 9 13 47 51 10 78 7 43 23 89 49 57 23 71 85 91 25 82 94 44 31 77 32 40 22 17 90 14 80 75 72 41 32 11 48 61 16 25 81 93 16 35 96 2 29 58 3 34 12 1 86 94 26 55 14 84 92 65 83 60 91 89 52 97 94 39 80 9 20 97 47 9 3 69 39 32 93 19 40 83 2 15 84 13 48 58 19 3 94
63 1 39 78 93 16 35 87 57 78 45 55 58 3 77 30 89 64 92 54 53 32 97 49 55 68 75 33 68 23 93 59 88 97 42 3 63 61 72 52 24 37 78 94 26 74 47 56 43 96 28 99 21 35 86 6 49 29 13 44 79 89 98 77 82 44 51 36 14 20 53 94 56 60 96 63 21 28 72 55 40 29 2 25 47 28 4 24 99 81 50 98 43 45 52 14 51 76 46 26 49 6 91 91 41 67 23 38 90 17 9 34 25 5 17 62 61 12 90 15 99 50 88 40 14 3 95 28 22 39 17 78 21 74 45 98 63 29 84 23 73 59 6 2 38 16 4 94 51 24 60 6 31 12 81 44 27 17 43 32 21 29 55 94 98 97 51 97 54 32 15 4 66 7 80 44 69 65 54 53 4 83 79 82 14 69 94 69 3 55 35 77 23 65 56 20 61 27 34 54
78 77 82 18 70 12 85 75 77 95 61 5 18 72 3 95 52 68 72 14 92 46 7 76 47 64 40 27 22 62 97 58 1 17 74 47 43 6 35 16 59 46 40 61 71 58 12 44 24 9 24 87 69 30 30 20 85 66 1 74 58 99 5 32 40 73 7 84 33 39 89 63 20 18 47 20 21 41 76 81 67 74 14 99 39 15 20 19 80 40 38 39 1 37 53 87 57 62 32 14 33 83 39 70 28 4 42 51 68 26 7 38 18 7 86 94 86 23 8 59 80 68 99 21 16 91 84 24 77 32 85 67 38 33 23 83 37 68 65 68 52 41 27 2 70 71 23 45 43 75 41 55 36 27 78 7 68 6 56 92 21 51 91 45 54 35 28 1 42 23 83 3 78 27 99 51 28 5 11 3 84 83 47 85 26 63 33 59 44 84 44 29 7 94 86 3 89 92 68 14
77 68 63 83 67 46 48 49 73 51 82 20 7 75 81 74 37 54 78 42 52 18 71 47 73 86 38 57 14 84 55 58 30 60 18 62 90 40 88 86 99 60 30 45 68 9 37 48 48 55 35 16 52 84 16 91 94 70 76 22 79 13 21 48 14 84 2 21 14 61 8 19 81 61 44 8 21 81 80 6 17 60 12 25 31 74 35 51 62 27 5 68 50 54 73 53 33 49 99 59 18 2 31 92 88 98 81 17 33 82 47 23 63 58 42 72 78 38 51 6 51 22 81 78 81 27 48 52 56 43 73 79 1 50 13 30 29 11 64 55 39 68 75 37 44 35 8 86 93 61 3 84 67 30 1 83 43 2 30 27 21 94 36 1 85 60 35 60 43 62 49 26 63 92 80 88 15 13 76 72 94 65 84 55 49 50 4 60 4 43 87 90 62 7 79 35 18 85 25 42
91 56 63 63 54 47 36 75 28 35 22 53 37 54 83 87 4 88 90 98 15 78 73 68 87 82 98 85 71 96 41 31 41 1 3 66 19 99 72 34 37 30 31 65 41 20 15 50 41 42 74 83 93 13 26 65 74 20 57 60 60 40 25 35 48 19 75 49 24 17 49 1 12 22 54 54 73 80 81 55 81 48 43 83 78 47 67 62 82 66 56 88 59 7 55 23 74 23 45 91 74 71 20 3 4 62 65 72 45 11 28 35 54 79 83 94 99 40 60 37 40 19 55 90 92 26 52 3 17 67 22 20 43 1 89 16 49 57 90 8 77 87 78 37 70 94 90 3 53 17 7 15 69 43 73 26 89 65 64 18 73 43 93 50 99 68 66 15 39 35 39 97 34 68 26 7 26 76 42 11 66 72 67 48 6 92 30 71 86 33 42 2 69 9 59 94 57 6 98 98
24 98 73 91 26 68 99 44 62 3 24 15 88 83 35 59 94 95 92 84 71 22 24 39 25 95 57 50 19 87 17 84 35 34 17 91 71 5 55 99 77 39 5 73 20 95 3 26 86 73 48 46 35 99 84 55 64 26 77 66 21 36 31 15 51 37 18 93 15 74 14 20 12 65 71 63 9 97 91 53 16 72 19 40 16 74 16 36 49 25 26 15 21 23 4 88 22 21 4 89 27 83 2 19 8 32 75 72 93 82 94 6 35 9 18 61 8 35 7 50 39 84 75 1 1 6 52 29 80 2 53 95 98 16 55 22 61 38 50 83 40 80 2 89 31 99 51 28 10 92 29 60 63 29 85 53 53 58 20 9 9 68 80 70 10 90 42 41 93 16 51 69 89 69 45 66 62 57 72 29 58 40 31 96 64 22 61 50 27 66 99 6 42 65 62 45 65 3 28 84
40 92 58 28 79 89 6 94 88 71 41 99 83 17 23 92 26 84 54 66 92 56 65 60 89 11 69 73 87 8 99 73 70 43 56 74 86 73 17 2 61 6 16 73 49 62 46 22 82 91 81 96 32 35 48 11 64 96 21 44 54 78 87 63 55 2 56 63 60 56 59 26 24 21 85 46 15 55 14 97 34 57 70 90 56 85 93 74 67 6 10 16 84 78 75 76 90 6 70 14 75 82 32 83 48 90 15 78 22 20 35 5 92 63 50 43 61 88 52 42 62 37 19 51 55 81 6 16 75 66 90 1 74 78 53 11 98 92 82 48 70 56 74 59 99 69 50 67 12 15 3 4 7 32 10 1 30 84 95 81 15 98 23 76 19 46 17 88 9 84 60 76 41 85 30 60 10 37 27 82 66 99 3 68 25 34 3 27 90 48 87 54 68 22 31 50 15 15 60 66
57 87 20 23 83 85 96 56 91 93 16 97 65 98 57 19 18 8 26 85 8 21 68 84 88 64 70 36 4 75 82 5 70 91 66 29 80 77 7 20 15 58 60 60 91 64 84 11 96 63 1 22 87 88 6 76 40 10 69 63 51 30 51 31 68 35 83 44 30 54 80 15 85 8 76 20 21 45 32 84 65 24 95 39 35 37 66 12 17 70 47 39 52 98 10 12 14 36 52 29 82 29 61 8 61 88 30 48 98 1 92 87 74 39 57 89 50 31 53 68 27 23 2 82 89 88 2 77 20 20 29 48 88 47 8 83 60 15 10 47 88 59 98 28 52 26 34 75 22 60 56 73 80 95 2 30 70 34 73 42 21 33 92 66 9 9 75 26 26 11 37 11 74 95 45 69 82 35 55 44 54 76 98 30 81 68 27 86 5 51 37 65 14 48 49 67 34 94 53 85
81 80 81 62 96 71 49 60 96 20 72 94 95 48 80 35 68 16 6 53 38 40 26 37 47 3 52 42 12 62 98 22 6 97 87 64 31 47 7 56 95 92 32 76 30 33 81 54 37 9 22 53 78 38 96 71 18 78 32 13 1 35 58 69 53 20 47 10 57 85 1 96 39 91 75 80 66 24 44 20 79 69 56 1 67 87 42 80 78 85 37 12 16 54 66 66 64 10 91 81 9 71 95 85 71 57 92 19 97 22 3 40 5 46 58 70 91 5 81 94 69 61 9 20 63 68 20 99 10 31 94 44 6 27 46 70 46 68 19 89 72 21 59 62 20 67 19 27 68 35 90 59 42 67 33 55 10 41 96 5 66 1 41 73 23 19 91 40 57 54 51 35 38 67 84 51 14 19 73 68 93 39 66 80 39 45 54 59 5 32 10 17 75 9 49 36 21 84 54 53
80 63 89 62 37 29 92 57 38 32 99 25 70 98 64 44 79 99 95 93 97 76 49 13 28 36 74 67 83 99 4 92 63 26 69 27 80 37 25 42 68 5 58 46 47 41 72 60 41 10 74 68 46 38 12 68 68 48 94 7 39 23 68 16 37 78 84 9 78 23 28 94 30 94 31 60 97 59 46 96 49 45 1 13 71 71 31 11 8 96 5 99 8 82 5 10 32 37 40 21 78 53 69 52 2 9 94 13 4 26 8 7 69 20 22 59 10 96 24 93 59 47 82 45 55 10 71 13 30 88 40 67 26 7 69 33 66 49 24 46 60 42 70 93 18 32 85 86 66 1 29 99 22 62 17 64 5 88 3 86 97 41 7 77 95 45 58 78 76 19 54 93 84 44 20 26 6 89 9 61 22 49 91 19 26 96 71 10 50 60 44 1 25 12 21 68 57 19 68 93
89 63 65 40 68 63 6 1 87 78 94 57 70 76 86 99 26 79 10 66 3 75 43 36 98 49 55 60 70 82 91 40 38 51 83 74 48 56 22 38 38 13 86 4 47 47 9 27 97 18 40 39 30 9 57 63 35 26 84 52 67 41 39 1 21 68 91 76 41 88 44 8 61 3 15 10 90 69 68 68 51 55 88 64 8 67 76 77 59 68 65 37 4 12 8 82 52 68 27 40 38 19 67 74 19 15 18 9 71 2 74 70 16 19 72 24 70 50 66 76 74 72 64 18 79 64 26 46 8 43 62 67 19 9 20 58 65 62 31 40 38 16 22 88 92 29 11 10 76 25 19 34 41 9 34 63 63 82 96 51 90 82 69 18 82 81 90 77 16 10 58 22 28 5 31 70 65 92 73 48 73 60 44 61 31 18 64 24 98 77 26 14 55 7 13 81 13 11 10 66
