20 200 13152 24.78
90 52 24 86 9 47 6 77 50 99 92 92 6 65 17 89 31 35 64 4 22 15 16 27 60 80 19 70 34 97 2 14 5 34 70 51 68 91 3 51 58 50 37 10 4 86 17 59 64 5 3 17 56 72 11 23 31 24 65 59 91 20 37 49 65 90 43 31 57 65 90 39 65 91 26 26 10 53 36 31 28 37 68 60 49 3 7 83 70 65 23 90 60 86 7 51 45 84 26 65 34 8 60 84 9 11 9 5 88 77 25 30 13 31 38 50 8 9 3 12 23 68 14 43 9 59 90 21 84 29 86 87 5 13 17 19 12 40 89 35 37 3 14 48 65 27 93 28 2 13 57 87 91 52 68 62 34 6 10 46 77 99 62 57 67 81 81 50 66 98 70 90 11 23 57 2 47 32 28 97 57 16 38 48 79 31 53 17 12 90 95 68 43 92 57 58 69 23 64 4
18 75 12 11 40 7 46 7 55 2 97 95 9 52 33 51 21 53 14 15 86 29 48 45 45 8 6 50 24 20 51 7 92 33 61 5 10 6 18 52 10 88 96 68 14 41 70 84 32 77 54 67 8 96 49 68 83 55 39 11 89 71 29 35 74 96 34 70 55 87 21 69 24 92 10 78 3 28 32 98 3 90 98 27 88 30 94 88 67 46 48 72 92 52 16 63 81 70 93 31 55 84 95 80 19 25 53 12 33 97 33 30 92 63 28 39 53 70 6 74 64 76 15 68 6 14 95 63 73 9 52 5 41 66 74 14 48 92 53 21 91 57 23 18 88 40 50 45 26 37 23 27 72 61 10 58 15 17 16 96 87 14 38 63 31 35 57 91 49 84 42 57 25 15 12 19 77 17 38 56 44 21 16 18 28 78 27 45 64 70 67 6 36 95 91 79 35 2 33 15
57 58 9 47 48 63 76 94 78 76 81 38 62 75 76 86 72 89 72 25 75 83 15 97 68 10 61 43 37 19 44 13 2 62 25 21 64 90 41 53 86 86 18 40 36 6 42 59 62 81 34 5 72 6 79 58 60 79 78 56 10 55 42 77 93 68 83 40 12 48 78 77 82 70 13 92 25 17 69 62 38 69 44 92 30 54 30 13 12 58 61 72 90 4 35 16 40 7 89 29 87 75 85 32 82 96 10 79 92 97 91 39 8 12 82 87 8 47 6 80 95 85 65 66 8 25 90 56 52 79 86 87 34 40 17 13 35 20 95 88 52 72 70 18 47 44 45 13 8 54 10 74 71 96 98 39 49 96 22 16 82 28 14 4 14 71 62 5 80 85 11 70 16 39 64 85 96 88 63 19 48 81 39 18 40 33 39 34 11 65 62 75 83 2 97 28 45 10 95 25
52 36 35 26 54 30 83 93 98 61 57 51 40 73 12 91 70 93 58 83 38 31 42 61 25 60 19 96 4 53 57 33 40 23 61 38 65 17 24 96 24 3 79 94 90 19 7 27 25 23 66 31 20 24 82 47 54 39 75 5 89 38 44 46 45 18 25 98 83 97 18 17 8 70 95 16 15 80 74 43 93 72 67 11 25 77 91 26 84 22 46 55 40 71 93 45 40 55 52 74 32 75 1 38 13 51 96 4 73 91 68 84 56 36 7 33 35 67 46 83 78 81 78 63 8 2 57 48 30 3 8 68 45 94 99 25 20 72 2 6 77 81 69 81 93 29 22 77 20 67 69 89 94 86 84 68 85 80 46 68 39 23 61 63 48 70 93 32 28 40 55 67 91 54 46 57 69 75 33 38 16 89 14 81 91 15 4 5 20 99 2 70 48 84 36 24 94 2 10 83
40 28 33 81 87 22 72 25 31 47 37 67 80 68 33 10 99 56 22 16 22 29 43 87 68 67 30 6 17 84 81 43 29 25 14 16 54 67 6 75 71 36 72 16 51 84 71 44 44 73 3 26 31 1 95 40 84 81 29 49 2 60 80 19 12 2 22 56 67 16 74 25 1 95 31 1 73 57 3 70 44 32 12 4 13 94 43 33 12 14 6 22 17 14 34 62 5 81 48 94 69 37 40 68 65 62 22 30 56 68 43 72 53 65 72 52 4 79 82 12 49 71 88 62 47 44 27 39 39 43 5 42 62 7 22 97 49 22 49 84 20 3 98 43 13 47 12 42 62 74 94 54 87 81 55 67 73 79 91 44 6 68 83 60 16 92 75 81 47 98 24 43 85 7 68 47 80 80 43 42 79 63 22 43 16 44 93 1 39 89 94 12 64 2 19 25 95 91 68 16
88 1 39 49 28 87 39 89 94 7 51 62 30 62 70 80 79 18 90 4 57 87 88 19 55 62 25 30 71 94 73 67 45 50 55 10 41 95 71 18 48 9 41 94 82 25 28 91 45 79 14 61 81 30 86 11 44 4 94 28 83 17 11 56 96 20 91 28 99 54 96 4 48 36 31 17 96 30 50 10 64 75 60 53 15 47 51 34 54 88 25 19 46 93 54 39 99 36 49 56 54 39 24 64 22 18 37 82 69 43 41 17 93 21 12 53 71 54 71 48 12 95 83 20 44 53 86 21 8 80 92 24 77 97 92 32 59 71 73 78 47 20 64 36 20 72 41 74 90 46 61 96 67 8 57 29 4 90 78 73 91 2 82 66 1 7 88 24 12 1 81 5 6 53 32 4 47 75 85 8 91 92 68 36 89 57 92 6 76 74 59 68 48 44 13 49 98 20 41 4
30 2 48 39 59 73 54 79 84 98 55 58 23 36 85 35 85 32 97 94 55 70 71 78 81 3 25 85 66 86 26 47 34 4 7 21 1 48 55 17 57 11 1 88 99 30 73 62 28 76 53 29 49 99 39 87 53 39 77 79 50 87 31 91 19 69 93 38 18 26 56 58 87 2 1 75 16 15 21 45 17 8 40 22 80 17 95 51 34 43 21 96 50 44 98 52 19 49 2 53 75 69 56 70 8 21 85 86 67 80 50 81 57 30 83 89 21 49 68 81 82 60 69 57 52 89 44 32 20 25 31 41 22 95 65 96 39 62 13 71 80 55 46 82 75 45 53 1 16 46 39 19 40 35 61 75 64 39 61 9 7 27 60 63 78 89 4 92 48 94 1 26 41 59 85 30 87 82 89 33 34 85 8 82 68 38 35 34 25 33 24 66 74 29 8 11 34 59 88 94
55 15 92 98 43 50 15 91 50 77 87 59 80 87 50 83 20 23 64 82 24 86 34 24 66 96 41 42 10 25 78 60 32 63 20 30 56 2 3 44 81 50 90 12 3 3 95 87 26 34 10 52 63 46 4 75 64 21 7 41 69 31 27 71 53 2 21 69 10 94 94 11 91 42 88 37 35 16 10 89 44 1 97 19 50 49 40 69 88 88 9 49 48 87 81 40 71 2 26 19 25 98 22 6 87 66 78 54 37 64 51 45 30 85 18 82 15 92 61 92 37 10 51 83 97 50 7 22 35 56 68 50 50 12 80 54 44 42 23 24 96 64 9 54 55 44 34 76 94 60 82 85 88 80 12 57 22 66 26 98 53 34 43 68 16 23 79 74 17 86 89 95 64 2 64 97 28 79 84 37 15 91 38 54 76 80 52 51 39 35 18 97 93 73 8 47 7 45 28 82
41 67 48 62 84 51 64 97 95 15 48 64 59 29 29 43 60 62 87 77 18 13 80 42 52 15 23 52 4 39 17 14 36 89 41 77 74 2 43 57 5 62 57 9 70 95 54 16 85 75 41 39 86 59 91 66 24 31 54 21 71 12 33 3 67 99 35 69 15 2 82 50 81 17 64 46 46 68 41 57 82 41 51 41 56 41 30 30 49 44 21 33 21 50 9 90 34 50 74 96 79 68 59 86 35 85 60 14 11 86 29 7 38 14 1 47 25 5 92 53 16 96 78 72 38 80 62 85 39 24 94 81 56 32 11 81 28 87 89 63 55 62 70 13 3 3 8 6 86 49 63 56 71 96 2 91 85 8 40 29 9 81 44 70 96 51 16 2 20 37 47 61 60 91 92 27 23 23 55 67 4 72 61 13 23 7 98 69 82 93 72 7 1 11 90 12 41 17 40 77
62 26 27 64 53 95 78 74 90 9 21 15 79 87 41 39 79 24 22 60 51 38 56 53 22 62 94 48 73 23 24 73 92 72 58 17 69 26 67 91 59 4 78 2 28 61 28 4 36 85 44 89 98 50 68 80 41 24 41 65 82 47 69 56 58 47 32 99 90 80 87 72 73 44 66 42 85 20 75 78 72 34 51 32 18 13 58 10 15 39 52 25 59 1 37 43 64 55 68 13 61 66 90 51 61 75 18 49 93 46 99 39 24 62 84 5 22 1 70 24 18 75 24 53 96 81 23 20 77 71 25 65 59 8 9 2 25 12 48 98 39 81 86 97 59 16 93 13 87 14 96 61 44 49 26 26 34 87 87 90 59 57 99 56 51 74 51 73 98 3 50 27 36 23 52 16 13 67 1 45 44 66 7 97 88 69 83 48 13 53 4 50 35 26 32 39 88 1 15 60
32 67 19 86 43 22 83 44 3 27 3 95 45 14 54 62 40 36 55 34 36 37 83 68 25 13 53 65 71 27 28 55 86 5 56 74 64 49 31 81 62 52 62 24 90 51 70 6 46 93 88 90 75 1 57 7 88 19 89 61 73 61 56 34 49 86 81 10 11 62 62 17 46 73 40 9 69 79 42 91 33 11 67 95 87 81 91 14 78 64 94 4 3 16 73 20 34 83 29 46 68 7 18 64 60 7 79 70 79 92 91 59 65 81 65 19 71 56 50 9 21 92 83 90 23 40 85 67 78 14 61 12 86 53 70 45 75 12 35 6 3 37 98 59 57 69 30 89 39 62 69 48 58 14 61 71 59 19 57 95 71 55 13 79 77 35 49 38 87 41 87 7 82 17 40 63 87 67 94 65 64 41 78 59 68 46 6 58 71 95 82 2 60 98 74 78 59 1 62 34
17 47 99 99 43 75 93 21 80 43 72 50 44 80 43 90 75 78 70 28 63 67 28 66 79 96 51 86 29 36 66 24 95 80 58 89 82 16 66 24 13 53 89 81 1 22 2 79 48 19 36 49 3 30 57 47 89 58 90 24 27 87 31 42 73 6 56 26 86 96 39 30 19 93 35 86 92 67 71 58 80 56 88 99 49 45 97 60 15 64 5 67 3 31 2 11 51 33 47 27 31 53 52 20 88 49 76 88 98 18 68 53 91 65 8 54 77 79 48 14 87 58 16 86 86 61 46 16 78 51 77 31 40 3 95 30 64 12 76 28 48 26 64 34 98 94 95 75 66 55 6 42 1 38 44 81 5 38 13 82 71 56 6 60 67 99 10 82 9 14 50 14 42 29 95 71 38 43 80 43 23 26 32 34 61 16 69 58 41 12 66 13 7 54 14 86 53 24 58 28
22 53 68 7 58 14 25 80 40 8 6 40 12 79 81 16 53 91 69 29 98 28 50 36 48 54 66 2 33 93 22 91 78 88 81 63 30 21 70 58 50 3 28 72 2 49 19 81 9 51 41 87 93 30 52 69 96 7 97 18 67 86 17 88 63 34 74 43 67 37 44 28 50 88 89 93 92 32 58 17 22 61 20 90 74 4 34 67 78 58 42 90 93 86 5 47 71 49 65 73 44 99 58 63 7 22 7 88 69 44 28 6 95 48 59 82 16 37 66 1 69 7 89 25 23 29 58 99 22 62 96 72 60 57 27 73 95 55 47 62 93 82 96 7 86 14 72 48 78 71 90 39 49 35 23 6 1 14 88 52 45 1 71 59 26 46 10 55 75 75 49 45 17 21 2 39 48 1 8 51 45 10 59 7 18 88 19 96 56 20 11 88 19 79 31 28 92 34 7 29
70 96 65 75 83 7 59 21 40 61 84 96 96 34 59 43 54 28 44 55 9 9 68 59 30 77 2 73 64 78 23 94 51 70 98 61 73 77 23 79 55 90 63 82 92 44 36 20 6 67 55 29 40 79 70 1 51 31 96 88 13 13 75 32 28 44 57 49 94 48 10 15 86 18 96 96 1 97 29 50 43 13 48 17 40 99 40 57 93 16 33 20 57 56 73 4 20 78 65 32 13 72 67 73 60 14 30 86 23 11 51 57 59 25 15 37 17 37 46 72 22 73 69 52 13 64 13 43 55 64 96 3 95 18 90 25 20 21 76 46 63 67 82 32 70 16 94 26 36 59 23 12 81 34 32 10 85 54 82 38 61 31 98 1 19 16 30 69 1 49 6 60 97 74 46 67 48 44 81 99 14 53 29 32 4 49 19 94 91 11 98 3 17 68 88 61 43 77 25 55
83 46 22 71 81 53 90 56 55 87 61 9 65 6 45 66 38 98 14 67 11 57 41 65 31 1 91 65 66 18 85 21 75 78 31 19 69 77 48 88 2 78 94 93 56 5 13 18 3 36 67 82 68 33 41 86 25 39 37 28 82 69 93 54 38 65 84 56 48 33 20 52 75 79 79 67 58 69 57 11 56 38 42 75 44 1 71 71 32 21 25 19 55 19 83 69 72 54 5 37 12 79 27 23 57 1 41 87 62 22 24 8 59 96 68 36 6 56 64 67 7 71 52 71 74 50 48 89 55 16 40 48 86 92 89 62 92 54 11 49 98 82 46 83 12 60 48 70 39 36 39 36 56 57 69 70 16 64 8 39 81 17 5 72 14 36 2 60 93 27 63 75 7 85 18 38 1 80 57 81 94 5 23 83 36 67 93 36 19 28 49 38 26 43 30 58 42 97 2 67
34 36 92 86 35 19 34 42 29 77 24 58 99 13 50 54 3 72 14 55 38 10 68 80 51 61 27 93 98 62 83 17 69 44 38 56 59 54 37 10 17 85 15 35 4 42 82 60 53 52 52 35 72 72 30 67 96 70 82 68 74 79 37 95 73 87 45 46 89 23 17 5 31 95 18 94 25 81 47 57 30 33 85 19 98 91 64 29 56 7 82 9 12 46 80 6 20 4 47 91 82 10 33 87 12 19 71 94 27 96 24 43 60 71 45 31 84 23 92 85 57 78 12 95 45 80 18 8 57 79 7 46 8 62 57 43 74 32 69 4 28 44 13 17 66 94 78 12 59 15 2 18 46 4 89 32 40 64 94 48 51 3 47 28 42 8 74 64 2 86 70 70 71 71 60 98 10 28 25 20 29 82 29 17 28 68 61 84 3 78 52 30 69 70 1 21 41 18 5 55
38 93 28 2 69 84 57 69 3 9 36 25 91 32 69 74 26 86 59 11 78 83 68 86 98 86 93 94 56 91 28 15 82 52 89 53 48 99 81 70 10 39 11 99 4 44 43 67 93 60 2 4 82 1 30 34 82 33 83 6 53 94 44 76 43 25 74 40 63 14 63 53 57 21 94 45 34 9 29 55 93 37 24 89 68 21 51 78 83 27 89 83 58 29 12 71 83 28 47 82 63 36 53 97 6 15 69 11 48 44 98 47 23 30 96 49 63 85 64 76 43 50 25 13 43 2 7 78 17 72 90 97 86 62 68 37 34 16 74 60 36 43 87 32 12 38 3 24 36 2 12 73 45 81 65 47 3 78 13 13 26 56 80 24 48 39 49 39 88 27 14 4 50 11 6 71 67 75 20 43 94 27 47 32 45 44 23 99 66 15 59 77 31 50 32 47 95 48 26 11
27 45 24 1 15 71 60 49 78 59 17 16 20 97 39 44 32 90 71 59 3 99 66 77 98 47 67 94 76 75 39 59 66 99 94 26 93 67 72 12 71 91 60 84 55 39 60 57 25 78 62 39 81 90 43 59 9 54 92 41 30 47 43 64 74 43 62 63 70 41 86 55 85 72 88 39 84 57 73 58 54 14 67 58 8 68 28 74 52 88 79 15 2 91 63 80 39 90 30 30 99 47 68 67 90 48 83 8 45 23 92 60 66 39 88 75 50 76 18 6 31 11 92 52 30 61 21 32 3 8 1 12 90 53 74 18 79 34 66 96 52 65 13 21 23 75 24 52 89 10 91 59 55 13 87 59 12 19 50 59 25 62 36 76 42 67 14 37 51 22 95 81 9 18 95 91 10 67 95 10 91 51 10 21 54 51 1 43 40 91 46 19 41 9 8 38 40 85 9 59
75 45 31 48 69 45 20 92 47 68 26 46 68 80 36 11 36 27 69 98 26 14 25 64 81 83 23 97 3 64 99 1 8 24 46 10 47 66 29 83 40 52 9 37 90 92 4 63 70 96 89 80 1 5 58 96 3 24 54 4 39 90 68 33 16 68 89 59 76 74 55 81 10 83 99 20 86 28 46 53 65 79 74 8 12 28 23 35 39 22 51 30 42 13 47 87 61 40 24 94 52 7 24 67 13 43 32 43 93 85 25 36 1 88 13 87 46 68 72 4 5 19 72 37 32 28 78 4 49 45 35 29 13 65 77 73 35 18 21 13 67 44 65 4 44 81 29 97 20 51 72 57 11 71 94 35 47 64 99 24 50 76 31 90 49 97 95 16 47 47 33 69 47 48 6 69 62 92 23 40 10 26 53 4 19 78 92 22 48 45 15 21 44 51 46 21 59 85 38 98
95 67 80 91 36 69 50 62 77 64 24 42 48 21 57 88 68 62 47 16 67 4 11 89 2 37 49 99 27 55 26 29 86 53 19 52 25 84 26 6 87 97 8 82 97 73 71 99 81 90 91 20 14 71 60 25 19 44 34 71 89 15 65 69 6 62 52 91 23 16 54 47 53 18 39 16 76 9 83 15 41 78 1 60 70 66 60 79 37 79 55 50 70 61 6 38 49 19 94 51 19 51 50 55 1 69 7 60 76 87 14 86 9 11 69 23 33 60 77 80 22 83 60 90 63 34 44 7 35 1 44 85 48 56 11 27 4 7 58 6 67 51 52 58 69 81 42 8 32 29 31 38 25 79 24 66 47 33 17 95 82 23 10 53 89 80 27 39 53 28 28 72 1 13 96 7 68 22 61 64 40 10 67 58 21 10 51 8 77 71 15 60 23 84 19 62 5 33 30 16
