20 200 13038 24.93
79 27 37 82 49 2 71 71 51 5 68 41 55 15 63 53 41 99 58 93 75 23 95 24 55 28 5 2 51 45 96 78 99 43 18 27 20 92 55 15 50 29 64 80 57 17 95 25 10 32 75 69 75 24 90 28 51 34 58 13 85 53 79 82 91 60 28 28 69 43 91 28 55 37 99 46 83 19 79 53 79 72 45 89 77 39 43 82 48 92 48 38 67 68 60 91 54 81 94 44 98 41 93 33 71 20 54 44 31 27 43 76 45 70 70 14 33 79 71 96 9 62 94 13 13 68 7 50 14 87 24 48 85 91 3 76 60 67 28 41 9 88 17 9 73 59 69 40 42 40 65 4 18 7 50 70 3 21 78 86 71 11 39 29 2 96 4 52 60 82 85 73 78 68 19 17 55 54 42 40 64 16 40 59 36 88 3 98 15 39 2 75 29 19 75 48 62 43 32 93
28 44 81 48 94 73 3 95 39 42 65 65 70 20 94 83 25 21 33 77 67 95 14 60 2 4 63 98 64 76 21 94 58 5 79 12 70 11 97 67 98 76 79 20 49 74 27 94 60 78 41 27 29 81 69 31 37 77 33 48 34 60 68 93 31 28 75 92 93 13 42 68 73 70 94 85 50 39 86 3 72 68 3 75 93 23 64 53 90 52 54 75 25 28 33 46 22 28 72 22 38 91 28 87 11 42 81 77 52 7 9 35 76 53 81 52 43 12 50 60 33 3 52 83 75 6 61 95 12 26 83 91 15 22 84 20 55 88 3 33 2 9 93 60 16 45 77 15 88 50 31 69 4 65 25 73 40 87 41 56 17 92 19 3 13 39 3 1 11 91 29 23 17 7 88 30 59 50 54 99 86 23 17 91 33 67 52 96 55 93 74 47 37 84 84 21 46 64 48 77
84 74 98 84 52 18 52 21 69 74 30 36 34 9 71 72 82 67 37 64 94 43 45 46 31 13 69 58 23 73 97 57 67 4 5 10 17 8 81 15 41 8 91 48 93 10 53 43 11 71 94 19 19 85 94 54 78 35 20 85 84 24 3 3 41 45 73 31 36 13 46 5 42 42 21 8 30 77 15 18 74 58 24 30 9 3 20 76 49 24 46 9 11 30 60 30 53 38 4 59 77 33 74 62 41 94 84 13 14 35 89 49 52 52 9 26 76 89 95 61 4 45 24 23 10 77 34 70 36 53 29 20 90 26 95 58 54 65 55 92 34 16 34 70 40 79 76 1 3 32 48 8 63 88 79 96 26 32 97 42 11 72 66 13 61 15 5 18 43 33 30 61 94 66 93 51 81 44 42 73 63 79 39 47 19 92 11 86 91 72 38 18 66 1 99 42 79 20 29 64
54 81 91 65 79 71 10 28 57 95 74 7 21 56 1 47 81 22 93 63 3 87 57 71 78 61 69 92 68 17 33 70 30 85 16 76 27 61 35 45 95 25 5 10 23 23 56 10 96 78 71 44 41 15 74 7 67 38 1 65 71 91 93 60 85 74 81 63 47 29 5 72 52 19 85 76 85 1 80 43 74 98 99 45 28 95 23 2 71 7 22 75 71 74 81 57 11 26 72 89 44 17 59 91 43 1 69 74 98 29 36 36 36 21 61 98 41 79 3 84 63 7 50 11 75 64 26 34 65 15 75 81 60 10 62 37 91 83 92 24 1 65 38 86 6 46 72 71 31 84 42 32 10 1 28 25 19 20 3 21 12 36 43 80 30 29 4 77 67 24 50 63 48 95 50 29 88 56 26 46 71 66 8 15 2 3 76 89 21 16 63 70 97 36 98 26 63 23 4 63
15 70 54 91 78 63 40 45 80 71 29 18 55 74 40 70 85 22 89 79 5 90 58 29 55 83 28 72 12 43 35 26 59 47 31 92 78 41 75 7 21 69 69 71 41 33 94 16 57 4 17 16 34 61 79 75 80 83 70 17 85 56 61 99 87 59 10 3 34 36 22 55 84 77 18 58 21 40 48 78 22 84 26 50 59 9 85 94 19 81 39 31 51 8 72 42 51 50 64 67 39 5 2 85 48 14 6 30 34 4 78 94 49 28 59 18 92 86 89 76 14 44 17 10 75 29 27 10 14 62 16 44 3 96 27 27 29 64 99 80 96 17 43 91 48 45 45 7 34 54 95 8 18 25 9 51 6 2 29 27 73 29 89 88 3 93 39 24 43 78 51 49 96 12 35 36 86 19 4 19 64 10 71 6 2 90 6 15 90 25 45 87 7 54 72 31 68 85 69 79
85 47 91 35 35 87 63 59 49 32 44 73 94 57 27 13 52 4 45 26 51 66 88 91 5 32 79 59 2 92 67 86 93 26 76 19 58 16 5 23 96 88 48 63 44 88 33 75 69 4 69 1 23 30 17 9 54 47 74 7 56 80 66 19 90 65 99 87 32 28 15 63 3 42 43 82 8 53 18 31 10 77 3 96 72 40 16 28 24 34 35 78 31 87 86 14 11 92 15 39 29 79 49 56 42 45 45 45 70 21 1 21 86 98 20 57 71 92 99 72 35 36 22 36 8 1 40 53 97 46 70 42 22 67 47 81 22 33 98 72 13 69 37 52 36 55 63 56 30 22 37 12 20 97 51 73 39 88 18 83 97 8 84 44 58 76 27 26 60 20 52 97 6 38 59 21 38 81 1 81 88 93 61 18 21 87 88 96 13 40 73 69 71 98 51 89 22 16 20 26
88 97 23 46 65 34 42 44 99 69 9 66 6 75 48 41 87 84 78 93 77 52 22 24 91 10 85 37 44 61 87 46 51 51 21 29 42 8 96 77 71 34 95 49 82 91 32 75 37 93 94 81 22 13 42 39 24 84 84 89 88 79 61 96 90 79 57 50 16 12 39 49 29 22 87 29 27 26 21 85 53 3 41 6 3 28 55 26 69 88 14 82 50 49 54 11 71 16 73 49 83 41 13 42 21 78 94 28 43 40 14 25 71 25 11 4 68 82 75 74 15 33 70 3 54 93 20 11 75 99 11 45 61 64 41 59 21 42 41 36 48 25 28 94 29 24 83 44 55 7 33 79 21 88 33 9 2 37 49 28 41 28 50 61 29 97 62 70 33 46 53 8 36 29 40 41 20 22 37 53 6 51 84 35 56 85 37 72 45 65 19 39 72 4 19 43 14 55 55 93
98 44 31 18 17 38 76 30 46 2 57 51 94 98 13 53 58 22 86 12 6 35 33 16 59 46 95 28 73 73 9 40 64 61 9 61 26 96 13 35 59 25 29 87 30 74 27 34 35 44 58 3 97 93 86 11 26 38 63 11 69 89 42 95 26 17 67 34 54 77 76 40 51 66 21 97 26 3 58 7 72 16 22 36 11 97 17 88 16 25 59 77 7 23 77 58 4 53 57 6 59 47 3 21 38 92 41 94 69 6 1 31 64 57 83 38 91 48 92 80 8 25 33 54 16 39 11 71 74 1 41 95 54 54 26 9 21 43 45 21 83 83 4 22 13 84 5 61 15 18 56 18 54 60 82 86 86 98 28 52 25 16 77 47 30 78 72 36 73 32 6 57 54 36 2 16 64 88 26 87 78 16 59 4 7 75 60 21 7 17 32 14 19 59 92 36 82 17 13 12
47 67 12 62 49 72 61 82 75 15 86 53 99 86 91 66 58 23 36 75 80 78 58 2 34 62 59 95 51 73 19 19 76 94 33 56 72 63 47 84 69 67 16 41 49 97 23 47 97 41 82 9 73 6 36 81 16 74 59 90 29 45 48 39 17 97 69 50 85 36 35 77 38 73 45 3 6 19 63 3 11 92 44 95 94 92 9 14 80 24 7 17 5 87 6 71 96 10 13 58 1 50 22 33 26 54 72 22 94 90 83 98 35 44 83 16 47 32 30 23 60 35 34 32 1 49 51 35 35 39 44 59 5 41 4 85 14 87 12 51 44 75 17 35 29 11 44 74 43 77 69 84 45 50 73 13 46 86 51 95 33 3 25 95 4 70 25 32 54 99 41 63 68 78 21 14 16 78 24 48 57 12 28 82 99 16 52 69 86 94 56 28 69 93 32 64 20 9 71 75
63 28 32 49 56 52 35 53 72 59 69 31 15 86 64 56 47 72 96 92 95 18 64 44 69 43 84 76 47 9 42 71 71 13 36 28 32 70 77 68 85 29 19 93 79 41 97 51 36 23 11 22 73 1 10 6 67 58 70 88 63 64 49 43 85 57 72 50 44 85 61 52 31 32 28 87 95 16 82 73 50 10 92 35 92 2 27 70 70 85 86 69 5 37 50 42 11 20 99 93 66 21 92 98 75 23 22 2 26 48 15 57 42 8 69 82 69 68 21 24 82 12 78 33 8 98 72 87 86 39 12 19 83 10 13 58 3 4 91 96 10 59 89 22 91 15 4 45 90 61 80 34 23 58 21 10 60 22 45 31 9 84 18 49 10 22 86 63 61 68 46 42 1 67 77 13 83 77 37 16 3 99 1 15 82 31 24 1 70 48 34 75 41 45 75 12 58 27 81 92
68 84 53 95 55 50 99 54 51 23 96 11 25 78 91 65 27 93 7 87 66 38 66 47 40 39 99 44 18 70 86 45 62 76 93 32 46 58 27 88 67 40 54 95 52 37 79 75 10 99 27 87 42 69 13 50 65 71 85 47 39 55 46 35 17 67 30 67 95 29 36 4 98 98 49 15 49 32 46 70 25 22 75 19 15 47 29 82 42 76 52 26 99 12 43 29 26 99 86 42 39 34 49 5 81 95 35 79 27 66 12 35 16 88 36 46 14 70 76 66 11 69 79 80 62 56 64 5 69 23 15 27 20 36 95 36 98 14 99 19 57 96 52 73 19 91 55 62 60 18 76 45 46 84 13 87 21 86 50 33 34 50 89 1 42 35 5 49 87 14 99 69 39 32 21 54 11 5 57 93 46 72 24 86 53 97 46 62 93 98 75 41 70 28 2 92 81 29 78 87
47 26 3 89 80 69 78 21 74 87 56 82 27 25 54 40 80 21 18 97 83 10 3 50 77 3 46 79 83 57 3 44 41 64 67 49 72 65 65 25 45 11 19 48 56 42 89 23 67 64 45 99 94 17 8 2 34 85 24 77 21 60 46 64 47 47 25 10 6 81 85 47 31 19 80 63 80 2 98 3 33 92 94 37 84 58 96 97 61 13 13 29 28 75 73 50 82 80 56 15 17 68 91 41 2 61 89 15 36 44 73 43 74 79 28 74 60 41 64 25 32 10 25 16 79 62 53 52 29 27 10 38 30 60 54 18 18 7 29 1 50 1 29 16 95 27 1 36 98 96 9 44 58 39 22 20 96 1 90 49 85 37 87 3 49 49 41 47 78 14 86 25 6 96 71 17 70 83 9 26 39 14 24 22 13 7 35 44 24 31 15 16 37 32 73 43 32 96 74 97
23 69 67 29 99 91 69 90 8 14 85 30 16 9 65 23 22 23 25 21 52 39 2 37 10 45 11 34 72 51 63 61 31 58 55 18 99 94 59 52 12 30 59 12 23 61 99 85 59 37 29 42 4 80 37 7 33 92 52 56 72 51 11 1 66 39 54 32 63 75 81 49 69 2 79 70 92 87 3 96 85 88 61 88 44 91 42 26 65 27 7 25 6 27 59 73 78 42 23 83 72 6 53 5 63 15 60 19 29 24 10 51 74 7 60 88 7 35 87 65 73 67 22 24 3 75 25 48 8 6 72 1 54 92 90 21 88 13 81 17 4 33 7 49 79 64 33 72 85 39 55 40 97 87 77 51 20 99 35 82 40 3 42 33 3 75 26 7 67 87 44 46 50 73 82 7 6 20 21 53 1 74 49 59 84 3 61 42 72 28 23 29 93 92 51 57 13 42 4 21
27 48 64 32 93 91 65 29 34 75 67 56 63 59 3 21 24 1 81 30 11 64 35 97 99 4 34 6 15 49 81 34 2 3 52 99 39 88 86 55 25 90 71 82 41 20 23 24 68 35 4 94 52 95 93 30 82 38 50 39 63 20 10 6 94 6 43 34 48 80 53 63 68 40 32 34 27 8 62 94 65 2 41 94 97 9 38 60 52 1 1 27 79 15 48 74 71 63 58 75 22 96 71 61 37 71 69 14 37 33 19 66 44 67 52 47 63 33 7 43 40 17 41 83 78 38 67 72 7 36 17 59 92 89 18 13 77 29 47 64 26 83 54 16 90 35 91 50 36 65 7 74 40 81 21 13 84 13 3 77 56 18 28 76 57 33 34 75 33 76 7 64 26 32 14 78 57 27 16 92 31 22 29 28 6 85 25 66 96 6 88 46 41 28 81 69 96 38 52 30
90 93 94 61 58 50 41 37 82 69 97 88 52 65 83 14 78 52 83 11 34 84 79 53 28 2 79 87 68 47 54 56 98 9 47 42 76 67 38 20 20 73 45 23 26 33 33 73 35 75 96 8 97 11 31 47 31 8 16 21 60 6 69 19 11 80 11 55 91 56 87 79 91 67 20 6 17 96 48 58 95 32 44 86 40 50 25 76 2 56 79 58 69 94 2 28 20 10 96 92 50 16 24 95 89 4 9 80 16 49 88 97 24 73 26 53 70 81 3 15 92 8 11 89 1 92 48 70 18 69 32 96 58 55 93 17 31 74 36 60 52 9 57 73 22 12 4 52 98 4 55 72 18 89 47 49 46 12 88 80 51 73 9 54 40 21 8 11 77 89 57 2 8 89 12 43 8 92 46 96 19 67 52 86 72 20 94 37 26 55 27 70 73 42 58 18 76 25 19 11
41 63 95 43 39 31 78 97 27 97 44 35 22 9 5 43 51 46 98 94 20 36 69 55 70 21 60 64 82 11 80 34 33 84 98 32 82 23 35 20 72 48 54 6 86 89 34 87 50 84 94 42 46 53 54 17 57 62 76 41 41 46 2 82 70 62 80 82 75 45 30 23 77 79 34 40 15 73 58 28 77 43 16 55 48 94 11 77 58 85 6 16 39 18 91 66 57 66 48 15 91 55 38 45 83 40 42 90 28 50 86 17 57 19 45 41 61 28 1 55 63 78 48 74 36 45 28 30 5 26 86 79 19 59 46 32 5 7 10 89 54 85 16 16 93 5 39 54 40 91 12 71 50 50 12 28 60 86 19 93 79 11 26 17 54 68 45 64 38 44 36 77 8 50 10 98 17 39 94 42 48 98 1 37 46 54 92 17 33 96 78 43 61 60 36 74 77 11 21 94
46 91 89 8 17 82 21 43 6 56 88 53 64 4 87 75 59 33 4 28 13 18 18 70 91 80 71 96 79 15 12 19 46 25 2 84 88 72 68 90 61 82 21 53 44 54 30 32 75 55 18 66 50 54 70 83 43 4 2 12 23 52 23 9 98 6 66 45 75 25 84 89 94 45 28 99 90 29 59 33 43 94 60 73 31 67 45 97 85 81 77 54 99 53 14 73 27 28 54 35 27 23 88 73 83 70 14 4 11 26 60 43 50 25 50 6 21 67 87 34 82 58 23 25 67 75 77 94 86 51 27 92 33 18 80 18 81 10 12 83 90 26 23 46 33 21 88 26 41 98 51 41 29 51 61 24 34 80 26 15 14 54 89 24 3 61 47 83 44 88 41 24 78 43 96 26 51 40 20 49 93 65 83 9 40 72 73 5 68 88 34 72 73 5 2 91 28 45 26 28
50 98 79 77 85 39 82 7 15 23 13 73 54 94 96 4 15 38 52 17 31 94 18 68 67 61 78 32 55 83 62 38 85 10 83 84 37 1 92 66 15 30 44 97 7 4 52 41 52 95 8 42 87 5 62 77 31 33 24 46 77 96 83 11 88 10 95 42 70 26 77 65 27 98 21 14 99 70 10 16 41 75 80 6 5 26 76 17 60 31 68 20 24 20 9 20 64 85 21 10 36 88 24 27 52 59 61 34 40 90 7 17 45 69 53 64 38 74 9 63 65 93 3 87 83 27 12 98 78 36 66 32 14 3 35 58 67 67 84 35 51 24 45 45 79 77 46 28 54 32 74 31 21 24 60 13 8 81 67 87 2 56 41 75 94 21 73 92 69 72 98 58 3 58 83 92 25 37 38 26 51 85 20 48 92 36 5 68 63 59 65 16 53 33 43 29 70 76 92 17
48 22 94 68 96 92 73 35 27 32 52 73 69 87 94 79 75 29 85 42 5 47 26 93 77 64 57 90 82 16 1 96 85 64 98 18 41 94 73 27 32 78 42 17 78 76 91 95 80 54 58 85 90 49 41 73 87 62 84 62 13 67 92 9 9 16 27 16 14 70 5 27 49 32 97 20 82 62 42 92 9 94 83 99 56 33 14 55 44 66 52 51 90 53 47 20 71 54 22 47 58 54 5 93 57 70 8 69 56 97 27 73 46 58 40 97 34 79 15 81 2 48 14 43 11 29 65 39 20 63 24 93 54 94 45 82 30 80 3 78 11 40 76 51 95 10 87 21 98 76 66 34 22 77 4 77 27 81 33 16 4 12 43 41 13 84 3 62 22 22 73 35 67 75 82 39 36 24 54 73 76 69 31 31 15 21 65 42 98 8 77 62 9 32 89 16 77 14 64 42
95 95 27 64 9 52 97 6 65 92 10 41 88 66 93 64 79 94 5 11 70 59 97 87 33 75 34 45 47 28 20 55 50 99 91 90 86 54 81 94 77 52 70 58 1 33 80 84 7 61 14 9 22 46 75 23 16 90 4 86 55 58 58 17 47 12 15 34 8 18 3 88 28 73 1 65 64 22 94 33 44 5 71 78 20 60 70 87 8 11 2 37 92 1 53 19 79 22 67 75 72 47 18 87 46 88 31 63 52 54 38 54 24 58 8 41 46 9 57 59 50 36 59 73 72 54 16 28 87 64 62 38 31 38 67 67 50 44 23 99 38 60 77 37 93 95 12 88 66 8 20 91 50 5 73 62 96 85 87 27 31 30 30 75 54 41 9 31 73 54 82 2 21 13 6 65 73 60 93 64 45 49 78 52 41 45 20 30 64 23 29 23 69 2 99 12 78 70 43 11
