20 200 13078 24.74
74 55 82 97 72 14 20 94 1 91 31 24 57 34 1 39 95 98 34 40 33 49 77 43 78 58 86 52 29 24 33 80 89 60 52 50 33 88 24 67 18 15 48 79 16 73 24 95 42 47 5 3 36 40 90 69 76 12 94 92 13 65 91 7 27 24 52 24 99 63 65 66 50 34 94 78 94 88 55 87 50 55 18 69 99 69 77 31 47 37 81 58 91 77 54 20 47 17 44 19 38 2 62 27 35 38 2 53 90 22 10 85 72 42 42 83 87 45 45 1 80 11 85 89 76 20 27 33 83 9 69 80 1 58 85 2 97 66 91 12 78 96 48 89 96 97 75 47 73 87 98 25 91 20 24 57 31 48 18 51 17 14 8 6 1 79 51 78 50 27 55 97 82 17 46 98 77 89 47 58 55 48 3 61 49 43 13 13 35 71 65 13 6 27 25 81 95 6 96 40
17 89 87 39 56 31 17 42 11 17 67 44 14 69 94 9 53 45 13 83 39 99 53 73 15 72 92 86 44 3 55 9 29 12 77 79 53 54 60 98 43 62 88 37 77 56 70 54 50 86 9 11 5 46 79 67 25 86 19 83 62 64 79 93 19 73 33 40 59 14 5 64 37 65 73 92 81 42 37 62 61 24 62 77 26 53 33 87 86 71 86 59 86 75 4 60 29 43 66 76 94 9 1 20 76 41 71 70 51 1 2 28 19 71 21 12 67 32 23 72 7 21 98 26 92 43 34 87 12 21 49 4 79 79 46 6 39 32 29 2 61 69 44 79 11 22 81 51 27 14 22 59 50 23 17 11 58 62 90 89 54 62 96 81 71 21 52 56 86 89 53 94 53 49 57 75 92 35 14 9 93 36 59 8 56 95 68 2 50 74 24 21 73 48 58 80 54 74 95 83
74 69 70 34 37 26 39 84 34 8 27 11 42 78 45 65 12 21 98 76 47 87 16 5 99 8 2 69 27 68 18 93 77 61 12 37 9 74 24 24 8 18 93 82 40 98 57 75 48 27 2 4 94 90 64 72 11 86 1 14 29 29 28 89 70 18 88 30 40 83 64 85 26 10 21 67 61 34 93 45 87 99 5 90 17 80 61 38 82 95 86 77 28 90 35 60 87 25 51 14 99 64 35 18 93 88 40 30 98 7 73 60 48 69 51 45 46 24 30 6 50 41 7 64 28 41 25 6 96 53 89 87 8 75 24 15 52 15 89 99 89 37 71 21 22 38 84 30 36 22 33 46 22 76 16 63 48 9 28 7 97 45 62 6 58 56 34 49 53 75 52 73 97 67 87 32 57 90 86 45 87 53 23 37 53 98 37 24 65 69 46 7 1 28 49 88 75 69 1 76
45 64 76 19 90 3 3 54 3 40 72 18 98 23 57 17 67 72 76 77 8 7 64 41 76 82 33 47 85 45 32 47 52 62 93 11 52 56 65 99 80 45 90 17 60 93 55 5 52 47 81 40 72 65 81 27 35 44 91 96 13 30 25 99 88 2 95 35 93 25 91 95 2 39 55 68 64 79 84 78 73 89 43 52 6 99 4 67 83 98 10 83 93 10 51 98 95 62 22 99 2 74 24 12 13 74 36 19 19 89 9 17 63 24 37 96 79 21 82 4 97 22 56 27 84 93 16 62 94 66 75 48 82 54 56 35 96 92 72 6 26 95 78 54 25 30 76 2 74 29 29 59 36 28 2 74 2 63 99 90 56 88 82 84 49 30 64 90 24 48 62 70 18 25 65 76 11 15 28 11 34 53 35 7 3 77 17 72 26 61 36 1 1 62 37 22 5 32 22 77
37 42 36 64 34 9 79 76 35 40 90 65 31 89 39 6 80 58 63 96 9 56 53 73 53 10 54 99 64 33 61 3 86 58 89 50 43 72 65 15 2 86 3 94 10 65 60 34 37 98 22 93 68 40 21 5 5 37 92 9 39 82 34 68 94 35 83 9 20 38 77 63 50 10 26 99 42 74 88 20 83 59 90 95 98 86 77 20 90 47 94 67 39 98 36 38 98 61 55 12 52 50 17 29 55 74 25 14 74 67 88 76 53 54 37 20 15 54 91 74 50 61 37 92 5 92 56 6 47 21 56 96 2 74 25 37 51 97 50 58 8 89 36 14 84 91 26 48 26 48 62 53 84 60 4 56 38 76 74 5 59 9 51 80 70 73 90 34 12 92 29 85 87 4 13 91 59 49 6 4 18 13 40 2 70 58 71 91 27 64 89 8 2 63 76 99 34 11 78 96
91 36 11 66 17 21 17 70 48 77 40 32 19 69 40 74 46 74 77 71 40 28 79 74 42 26 18 13 52 15 6 25 79 73 21 10 49 82 62 8 87 22 78 81 4 97 23 48 76 24 62 2 24 41 94 98 52 30 77 20 82 62 62 34 93 2 28 43 32 76 89 26 45 76 75 53 34 86 2 48 74 89 39 89 32 77 96 86 26 61 17 77 72 67 22 86 41 65 90 41 14 46 64 67 45 24 10 64 73 95 39 41 51 24 30 64 42 46 76 65 20 85 15 68 27 38 56 36 73 23 81 32 64 64 10 54 59 15 35 98 1 93 60 65 51 78 25 8 91 67 12 86 58 12 30 70 1 41 37 34 69 28 29 15 71 62 14 27 76 89 29 7 44 69 86 43 47 88 80 82 31 8 74 22 76 12 17 19 55 48 54 77 55 89 21 19 48 57 63 71
68 81 5 93 35 66 46 60 87 27 12 4 29 41 71 15 78 47 75 37 2 85 25 83 56 20 62 86 70 9 93 97 77 10 1 98 51 41 58 57 84 77 47 42 66 23 86 59 41 38 35 77 72 93 1 8 94 73 94 46 11 60 18 44 91 36 52 25 18 72 65 30 12 70 16 25 80 83 19 97 20 10 92 5 77 87 13 24 92 33 3 22 16 43 27 21 37 21 15 73 66 25 71 8 47 75 69 25 39 31 95 47 42 80 85 48 4 25 2 45 73 26 43 59 77 77 54 17 59 36 83 17 6 91 18 8 33 5 61 8 75 76 75 27 63 7 9 67 19 34 4 1 68 75 28 50 47 86 30 85 26 63 54 69 10 5 68 30 78 73 47 36 51 24 5 81 19 34 82 88 2 24 80 67 55 11 25 34 51 12 72 6 3 65 69 77 59 98 76 37
99 55 64 96 67 3 1 99 41 90 55 96 26 13 10 25 14 3 95 62 62 56 97 46 12 63 80 51 57 38 59 65 97 31 15 62 81 42 98 78 46 39 11 23 52 70 89 51 61 28 9 41 5 94 77 63 95 70 44 19 75 79 1 21 57 14 43 26 74 51 74 35 95 19 87 88 24 75 3 7 8 67 62 4 85 27 56 80 57 71 60 66 10 84 99 40 88 48 49 60 11 63 78 76 33 64 33 76 6 1 21 47 94 93 24 98 38 87 20 53 34 43 30 8 85 98 62 31 56 90 55 2 5 52 95 36 55 87 7 81 77 30 29 72 14 20 65 1 1 91 21 31 68 34 47 28 55 79 83 87 61 71 97 47 93 74 28 25 51 53 67 17 23 40 39 23 59 50 12 39 26 84 78 59 2 60 52 45 14 93 43 1 54 13 32 5 51 80 74 62
55 80 40 92 73 65 69 42 13 50 93 33 44 73 29 65 18 79 53 31 20 59 46 43 46 66 11 42 33 63 86 96 34 25 76 88 70 40 57 80 34 83 29 44 77 27 93 25 99 19 72 4 34 70 33 28 76 29 32 67 84 10 27 77 22 61 93 63 94 63 1 93 81 80 13 48 79 43 88 31 83 8 55 63 36 6 52 92 43 10 49 76 71 35 5 71 63 28 84 11 54 12 65 25 37 78 53 13 12 28 95 16 98 88 82 77 87 39 8 10 80 85 8 53 80 18 40 61 43 39 3 74 7 53 25 28 83 57 57 19 95 49 18 63 33 86 48 53 59 20 65 49 36 32 35 3 60 21 73 16 37 28 72 23 54 75 42 34 14 66 32 47 30 84 71 59 85 33 73 47 40 64 86 20 34 13 37 37 99 64 60 72 54 30 22 16 25 11 14 31
47 34 96 58 43 81 83 83 96 83 16 23 68 99 93 54 58 57 56 87 6 27 30 85 51 22 42 18 10 43 11 37 83 82 70 8 84 56 56 92 23 11 58 84 65 98 12 27 94 70 73 17 4 11 17 66 77 53 59 12 74 30 70 85 64 82 67 55 20 57 33 3 63 68 25 33 96 85 51 85 61 50 77 40 77 52 81 77 92 7 89 36 86 73 66 57 77 44 64 39 19 90 67 46 31 27 87 74 32 18 16 71 40 1 20 83 98 52 59 35 32 58 25 45 19 77 42 41 49 84 84 61 3 41 45 99 51 56 27 61 48 96 14 18 50 54 75 40 20 19 75 62 44 10 99 12 26 10 43 45 27 96 74 20 46 53 69 37 25 63 35 33 6 52 13 58 95 5 16 61 15 23 25 75 51 78 47 90 2 12 60 39 56 40 63 94 27 81 48 87
11 66 86 97 28 67 68 44 76 62 43 62 51 85 61 32 93 34 91 98 19 22 45 98 29 76 64 22 79 5 96 58 37 20 16 67 96 59 12 68 8 52 74 6 6 1 33 43 87 49 31 29 42 78 69 39 40 17 12 13 72 96 58 53 39 53 33 39 4 49 15 78 56 11 35 66 13 51 31 35 30 25 24 63 69 27 63 85 49 34 4 29 47 1 50 44 12 19 26 10 74 10 51 44 95 70 2 62 41 5 35 30 90 59 30 21 7 82 6 90 84 33 43 15 85 10 76 45 53 38 46 26 10 68 19 9 61 23 66 73 36 41 2 98 20 65 12 19 80 54 27 11 13 91 3 97 54 87 19 62 3 8 70 49 21 3 99 3 68 12 17 59 35 54 1 11 65 8 15 13 35 20 28 53 92 19 7 66 19 74 4 46 29 27 72 67 43 92 39 98
88 83 45 78 77 37 80 41 6 2 98 59 63 7 88 17 26 87 3 2 47 44 37 75 41 4 57 87 40 81 78 14 97 93 62 63 99 19 17 99 19 71 44 71 13 26 27 61 58 84 63 90 72 77 68 36 97 31 50 44 8 70 25 15 59 28 42 29 80 56 49 65 29 2 85 74 80 38 38 84 95 54 27 10 51 30 61 9 35 38 38 58 18 88 58 91 67 9 98 34 74 39 51 1 33 28 38 76 75 79 11 31 92 60 58 72 34 82 47 40 96 21 2 78 80 13 3 62 3 85 57 82 35 58 54 16 70 38 4 47 10 37 46 39 82 78 24 12 52 84 90 34 43 57 49 38 42 16 39 97 34 89 5 72 42 82 81 48 2 74 1 64 5 8 91 97 10 3 26 15 6 53 91 93 93 30 96 38 39 73 15 47 38 54 80 16 61 70 23 2
23 75 68 33 88 33 34 91 16 25 69 97 21 87 83 22 53 30 20 50 98 69 35 96 61 31 60 95 93 13 75 49 50 83 3 77 84 23 78 43 18 67 65 19 75 51 80 40 40 45 8 10 63 51 30 78 59 26 59 65 79 81 43 16 90 14 44 90 40 55 83 68 91 97 98 71 41 11 43 88 27 76 1 3 82 53 13 58 20 45 83 7 72 22 72 3 82 78 16 74 75 23 20 36 5 53 87 13 26 7 5 58 22 97 80 31 67 32 18 99 63 48 75 33 88 30 61 13 9 98 6 7 4 34 32 67 22 25 71 45 83 99 50 38 22 85 36 47 31 19 50 60 80 23 61 66 92 50 86 42 99 58 38 29 50 51 11 4 57 81 25 31 38 66 39 70 46 15 56 79 39 22 87 73 33 37 71 78 28 9 76 20 10 21 36 52 40 47 22 50
96 90 82 26 93 98 28 57 44 17 28 96 25 47 58 91 33 47 52 78 90 69 80 81 52 33 84 73 9 91 9 17 8 15 18 9 41 33 72 21 85 40 66 30 39 68 89 6 54 99 63 88 95 65 74 3 57 95 34 99 54 97 39 93 34 66 99 57 66 71 78 26 66 22 29 11 64 57 77 19 41 93 3 58 59 78 86 20 27 94 39 80 89 38 34 91 79 88 80 57 48 68 65 61 16 6 27 1 11 22 98 46 98 81 12 13 27 94 15 73 78 42 26 34 96 3 78 35 89 35 25 57 97 53 10 26 72 42 16 56 27 13 90 28 81 62 59 76 76 25 28 16 73 5 72 90 76 32 22 36 25 60 62 38 33 85 10 2 19 76 51 59 93 29 82 61 97 25 67 18 63 63 47 30 94 14 93 68 8 81 10 97 11 11 97 41 6 97 45 78
59 23 29 27 65 76 94 47 89 18 35 51 87 74 51 68 9 54 14 26 66 30 75 35 43 92 12 87 43 26 90 22 41 82 56 49 82 28 62 49 27 27 39 79 64 15 69 57 59 39 88 80 34 76 35 79 1 97 14 5 63 22 23 69 28 52 48 77 92 47 66 5 46 50 22 22 98 92 48 71 85 54 71 65 90 61 86 53 18 12 80 17 21 78 9 93 23 85 93 50 35 40 9 15 77 53 86 15 16 60 87 88 7 99 69 38 12 52 7 55 99 70 8 68 25 25 58 26 83 46 75 1 11 35 94 60 44 65 7 31 37 11 32 67 32 62 66 24 70 70 39 61 38 80 84 15 16 37 65 80 64 24 11 97 8 61 80 38 80 21 81 26 59 38 52 27 67 60 41 77 28 34 35 80 61 13 10 37 58 45 34 87 94 83 65 51 57 19 66 26
68 33 8 19 58 52 93 79 48 33 7 83 23 52 92 96 58 27 20 48 10 77 71 55 71 24 93 15 54 29 78 89 91 46 42 92 85 39 97 82 64 35 46 2 39 60 14 19 79 62 16 46 32 9 78 12 88 84 65 38 21 77 39 62 55 90 95 96 95 31 59 27 75 74 49 68 78 4 68 30 44 54 26 71 18 52 21 20 62 83 50 22 25 15 52 31 28 88 61 6 9 55 92 94 77 72 15 1 1 95 83 74 23 12 98 92 4 56 4 86 43 81 66 82 1 71 10 58 25 85 70 43 30 3 5 95 63 56 8 84 34 55 13 74 22 58 81 57 39 84 66 68 28 10 82 85 97 33 4 25 80 86 24 97 11 53 56 6 78 19 30 99 87 78 75 24 9 4 67 43 17 78 71 54 4 73 16 39 38 98 82 3 14 42 63 15 19 16 81 48
97 86 37 83 15 90 40 86 38 50 20 20 23 58 58 36 73 17 27 63 12 81 90 56 65 79 4 62 7 37 66 9 25 99 82 59 18 36 76 99 82 57 40 28 66 69 99 51 98 47 53 37 56 63 95 78 47 55 8 87 40 59 17 45 92 88 26 85 99 50 53 33 99 62 4 25 47 35 48 40 49 42 35 11 31 57 47 64 58 83 39 78 5 12 7 22 89 23 67 56 65 9 99 6 38 36 74 51 51 29 57 42 50 10 88 36 53 77 59 53 86 50 83 17 85 79 93 58 49 6 43 5 70 37 15 23 89 26 45 26 12 81 24 56 62 82 91 65 4 37 28 72 21 21 62 6 99 42 20 37 48 30 31 6 97 92 95 80 49 96 72 82 59 56 16 70 67 38 27 14 13 51 99 56 32 15 44 42 91 8 2 46 69 93 25 36 51 48 13 63
21 42 58 56 21 44 45 64 82 41 30 80 86 79 59 64 82 82 32 34 23 11 56 15 71 32 32 35 59 64 26 81 65 84 69 46 35 96 30 46 27 96 67 48 80 35 33 50 56 52 88 24 44 90 78 17 77 84 23 97 77 99 18 44 15 41 32 72 90 72 88 65 36 28 24 42 90 93 16 45 89 71 77 10 76 16 45 42 25 15 99 81 76 1 50 32 37 66 45 42 78 4 94 42 82 45 45 19 57 31 1 76 38 93 35 90 13 79 37 60 27 99 87 54 77 59 98 78 15 38 57 13 79 12 87 22 72 40 22 20 43 11 77 6 96 25 65 40 7 21 24 26 19 6 51 12 94 7 55 90 4 31 60 89 13 47 90 14 13 7 35 36 4 77 29 26 3 8 17 59 38 93 64 50 26 73 9 38 14 82 62 30 91 47 42 4 50 50 3 34
86 73 99 99 75 14 13 48 3 53 45 49 82 24 32 17 43 29 20 22 83 22 55 76 3 87 36 82 43 92 39 57 22 59 69 64 92 78 96 98 96 17 68 35 71 60 43 4 27 37 90 68 25 54 9 92 72 86 2 79 78 22 42 39 12 38 82 45 28 24 23 56 50 88 64 88 69 45 70 28 66 72 86 9 79 68 18 14 23 10 99 34 35 64 1 53 61 97 74 45 9 94 64 58 22 95 71 64 34 56 73 23 44 36 88 66 7 22 62 10 83 53 80 34 20 42 7 19 22 48 55 77 39 27 19 5 89 76 33 62 44 6 5 90 2 32 89 86 7 77 74 29 51 89 70 11 4 44 70 72 95 55 33 64 59 76 59 46 63 22 32 8 37 6 69 15 5 35 80 34 95 17 59 22 43 18 59 54 7 32 71 17 63 15 48 14 4 90 84 22
96 34 60 5 49 74 47 23 84 37 36 85 13 64 95 2 24 15 89 24 61 84 31 41 72 53 62 21 81 1 40 49 43 47 89 23 84 8 52 96 64 99 45 42 98 21 38 17 33 11 41 34 55 33 24 88 24 90 80 34 5 97 9 4 16 92 15 62 91 26 52 80 63 45 65 98 77 26 73 27 42 27 62 48 17 11 14 68 29 50 46 76 72 20 51 95 25 95 65 68 58 74 85 76 55 46 68 3 29 70 54 94 17 89 62 97 69 72 2 57 81 47 31 78 85 26 58 94 2 8 39 17 29 12 65 52 13 27 81 20 36 49 81 96 69 44 64 52 2 7 45 95 59 7 17 40 60 89 86 33 90 33 42 31 7 16 84 95 21 9 55 41 16 16 52 90 84 77 35 24 96 26 5 21 33 58 35 49 96 21 54 4 30 70 17 82 17 40 44 24
