20 200 13182 24.72
36 18 76 54 90 35 10 94 2 67 99 89 7 44 47 90 7 68 6 30 88 80 79 93 9 45 12 96 98 48 91 44 46 49 59 82 83 84 61 97 76 48 76 56 98 77 76 9 57 41 73 42 10 73 42 30 1 85 91 17 38 69 88 83 86 86 63 68 26 89 38 26 83 84 81 21 98 95 35 74 46 62 77 40 94 66 1 6 59 57 50 79 31 55 78 59 90 56 75 26 43 12 48 38 13 66 50 90 35 9 77 20 34 53 93 60 16 6 25 69 73 91 10 41 37 69 77 34 43 55 69 68 11 83 63 34 85 10 67 47 57 91 70 28 2 59 13 18 18 80 83 42 28 6 33 2 25 72 14 89 30 98 20 61 82 63 17 47 76 31 59 65 21 87 86 65 60 26 16 69 85 25 76 88 57 94 71 3 37 55 47 16 73 28 13 27 40 6 38 30
43 85 4 80 15 94 99 24 59 21 20 46 18 85 17 11 60 69 20 16 26 94 65 66 52 92 87 95 45 15 97 14 53 87 19 83 22 36 86 14 95 78 69 30 56 71 46 32 98 46 94 33 2 45 51 81 56 26 1 24 1 4 1 8 33 47 80 23 17 62 3 15 47 18 97 78 81 59 4 33 55 34 93 5 90 89 65 41 28 87 39 39 63 10 73 53 77 27 87 66 18 9 61 99 77 92 54 42 37 3 14 84 15 54 38 42 72 27 88 12 96 34 48 32 58 61 30 84 93 40 32 41 19 97 9 19 37 74 86 31 4 92 32 29 71 28 80 38 82 7 78 20 95 13 85 61 87 15 65 79 32 64 84 17 61 21 32 26 16 14 27 16 26 80 84 90 67 89 31 7 79 18 57 40 76 65 79 37 93 5 19 3 20 56 85 57 81 68 58 16
46 73 43 49 86 37 15 73 58 36 50 92 30 61 67 24 46 52 37 94 91 85 19 37 54 65 51 27 58 68 36 4 52 30 72 60 5 62 4 6 69 4 66 87 90 98 13 73 7 86 61 24 97 51 97 93 79 10 56 47 40 63 25 40 1 12 37 18 11 39 54 73 79 1 60 47 86 85 43 14 25 7 18 62 73 89 45 16 66 96 61 51 78 58 62 87 78 45 78 52 25 65 50 34 5 49 87 87 4 42 97 1 27 15 41 21 80 93 40 10 32 99 10 27 15 91 15 87 78 16 41 26 38 53 78 47 60 3 10 76 88 67 38 13 90 75 85 72 14 18 79 36 63 1 61 38 83 22 76 67 68 79 1 77 5 85 16 68 18 68 54 70 38 37 99 69 50 28 11 44 4 29 23 90 72 36 91 22 36 99 90 37 1 16 65 94 77 51 57 94
77 2 87 97 86 77 5 96 86 10 72 86 62 85 92 13 80 6 69 32 68 44 54 70 73 43 22 75 88 87 57 34 19 19 7 62 18 18 8 15 90 87 36 59 43 11 67 94 65 81 37 65 73 5 9 71 4 40 53 17 59 13 25 12 28 99 13 17 94 42 8 21 60 87 46 92 76 21 77 87 45 31 80 54 14 25 14 24 74 41 31 40 50 60 63 55 13 45 30 8 42 53 6 98 33 30 22 26 48 46 26 21 81 58 49 76 49 4 21 7 49 51 76 31 4 49 48 86 33 5 21 40 77 14 45 8 41 41 79 96 85 4 68 79 5 12 6 1 94 8 1 11 51 24 86 70 61 35 11 44 66 39 21 81 9 31 60 28 56 60 12 12 70 61 40 20 34 7 22 16 80 13 6 19 28 9 24 8 19 60 70 45 41 7 29 12 12 13 79 32
74 50 65 81 80 52 16 14 29 59 36 85 29 15 15 65 88 67 10 28 89 3 60 22 60 47 80 22 2 88 92 68 19 5 79 93 88 42 23 67 40 78 51 50 70 99 20 39 33 32 61 75 98 49 25 8 35 29 49 11 24 17 60 60 24 17 16 24 40 19 34 35 96 24 54 57 38 24 31 51 96 78 32 57 24 12 99 62 18 69 26 57 15 75 72 25 91 61 34 34 11 60 69 45 92 33 67 42 79 9 30 42 81 57 45 69 60 30 16 78 37 67 78 44 87 51 3 21 98 26 99 10 11 11 65 4 84 75 45 64 83 60 72 37 40 6 27 11 11 36 24 53 93 93 68 42 90 98 7 33 20 37 42 20 92 39 88 55 5 6 86 46 41 48 75 58 62 86 56 15 36 84 87 9 71 33 74 13 4 47 78 35 13 23 4 41 14 53 85 28
39 98 74 60 93 87 79 42 67 88 74 78 98 34 53 68 97 96 46 55 3 48 31 88 5 16 11 94 28 90 33 44 81 6 6 56 61 2 88 69 39 4 65 86 42 7 96 34 65 98 68 49 98 58 23 91 3 44 66 40 64 38 68 64 63 76 1 64 33 55 37 72 51 97 76 92 56 46 99 78 3 19 62 64 73 2 43 69 6 10 11 17 14 84 4 52 17 76 26 20 8 8 28 4 65 8 99 83 77 46 3 59 10 26 70 20 72 18 6 47 93 35 97 45 30 60 7 35 75 83 25 48 23 62 74 59 61 52 71 73 64 79 1 92 81 32 21 9 63 38 6 34 56 71 96 18 62 47 3 99 23 52 59 69 89 95 83 64 20 17 17 55 41 7 37 52 60 37 18 89 91 42 45 64 79 98 36 19 46 7 22 48 53 71 41 45 67 39 84 55
30 38 26 3 95 59 69 37 73 88 38 89 71 68 1 82 99 40 77 66 64 21 3 56 14 96 65 8 80 1 41 21 42 51 83 63 40 37 77 36 49 13 86 15 88 55 68 46 42 1 40 90 1 99 30 3 12 85 32 13 49 56 19 67 14 54 64 39 36 98 16 4 7 81 87 13 69 18 74 50 57 5 97 38 91 64 39 28 33 91 23 81 68 20 30 73 39 61 96 70 21 76 80 11 25 19 86 37 18 4 24 58 24 98 56 58 16 92 13 93 30 1 42 38 56 38 70 2 94 48 90 78 34 21 78 69 42 32 98 46 16 46 72 39 16 7 69 62 44 52 71 32 67 63 93 22 22 88 40 70 52 62 58 65 54 16 76 83 99 79 70 84 47 73 76 3 15 74 36 61 95 93 77 56 79 78 32 35 73 77 83 77 90 21 93 93 90 78 86 66
70 64 34 61 53 25 39 36 84 56 68 60 46 93 53 98 44 89 88 85 70 87 36 12 45 93 97 96 7 27 46 38 92 87 97 72 13 32 93 51 9 78 23 45 77 58 25 58 79 38 72 88 56 82 27 54 48 47 11 8 88 69 64 80 55 65 27 85 88 26 94 38 22 99 41 52 60 5 85 98 10 44 51 43 65 49 19 93 91 70 86 24 63 98 41 76 91 26 42 47 26 21 16 74 74 50 8 35 57 62 69 7 49 29 71 61 29 66 49 11 10 17 20 23 24 66 76 39 34 31 97 21 32 90 71 39 20 4 65 1 31 55 26 35 16 4 31 29 4 27 54 30 56 20 51 28 23 50 11 30 59 47 7 57 89 48 27 17 44 8 52 18 37 24 10 64 10 46 47 16 94 85 57 80 21 18 67 11 1 8 23 66 8 58 51 56 8 4 94 85
8 26 14 42 33 45 93 49 70 66 92 62 33 60 79 82 10 59 73 92 73 9 57 85 41 67 19 57 46 53 51 42 93 41 85 38 14 90 41 56 55 88 58 14 97 58 47 81 42 17 84 39 37 22 99 89 28 42 96 66 96 54 32 31 51 88 73 88 22 74 54 27 53 84 23 53 78 31 27 6 52 72 59 96 16 91 96 72 60 20 25 95 67 74 51 17 52 19 7 68 31 71 58 85 37 39 6 53 95 20 33 49 79 10 24 55 11 47 46 77 60 15 25 47 96 72 12 6 23 56 50 94 80 71 92 65 4 53 58 5 64 96 82 29 37 56 68 25 55 17 5 31 31 51 48 34 1 10 9 85 54 33 49 43 66 93 29 71 15 20 50 84 13 28 70 4 78 51 47 69 75 65 71 1 28 83 78 7 24 18 7 41 3 7 77 93 95 21 14 92
92 98 44 86 34 76 13 78 49 90 5 80 68 65 56 62 16 52 51 81 75 21 60 68 86 21 57 18 29 53 87 73 95 25 75 51 40 77 91 14 85 74 6 67 45 26 20 33 58 10 17 55 65 55 91 10 43 11 93 28 79 80 49 38 88 69 91 87 45 63 25 20 14 19 30 98 46 94 37 63 1 23 35 9 99 98 78 79 83 32 11 13 54 77 12 37 45 74 42 58 91 46 87 58 33 70 5 92 6 46 71 23 80 20 92 47 11 51 22 77 67 65 91 84 12 20 85 30 11 94 27 73 44 57 6 11 89 54 58 18 3 14 14 23 88 75 86 67 41 26 86 85 36 52 60 1 77 94 8 9 48 77 23 30 30 73 23 29 39 90 5 5 49 21 85 96 91 80 40 43 78 32 91 80 37 30 25 21 1 31 66 98 73 43 80 20 50 61 3 81
20 95 28 48 12 79 18 70 90 83 31 14 88 70 77 42 29 39 12 41 61 86 69 25 67 27 38 6 58 76 40 76 89 25 8 18 34 25 77 53 53 66 75 61 7 96 50 38 46 49 20 46 25 66 87 43 77 83 65 93 92 97 64 45 48 27 55 2 45 37 51 81 43 65 2 57 46 75 12 13 48 58 51 50 56 73 58 6 47 59 49 24 10 8 66 95 49 26 44 78 16 11 88 88 55 31 41 78 22 58 89 52 78 20 82 84 36 57 38 35 81 20 37 87 14 78 77 31 15 72 75 75 58 71 71 29 65 41 37 22 9 92 44 92 21 25 89 65 92 83 68 97 94 5 53 13 29 30 74 7 45 46 52 39 2 86 89 43 39 15 2 75 92 4 92 90 60 21 82 91 45 19 22 90 85 95 63 14 72 69 87 57 21 85 56 81 99 88 15 41
16 99 56 91 28 43 89 24 55 52 98 12 18 77 60 57 44 30 97 40 70 46 78 80 28 79 97 78 72 23 95 13 88 79 3 53 57 72 42 47 91 58 90 74 52 86 83 47 8 28 4 57 62 28 28 3 32 27 28 51 64 73 48 62 83 48 15 64 31 9 44 67 23 10 37 12 24 23 55 47 71 18 53 20 64 59 20 36 87 22 76 85 86 85 88 32 89 81 11 80 43 81 43 91 88 54 33 50 29 52 92 31 51 57 14 79 16 30 37 67 14 56 63 82 83 67 65 94 27 82 86 92 74 60 49 91 65 6 8 94 48 76 54 24 75 71 82 32 83 34 26 26 10 29 50 91 97 41 4 17 29 58 31 31 6 58 32 59 99 78 87 65 14 34 94 96 90 75 97 18 56 69 81 32 2 80 97 18 21 56 29 84 64 81 67 35 72 83 75 40
72 58 20 92 95 18 69 95 90 5 92 84 83 30 50 40 66 42 87 4 43 44 77 63 53 88 72 23 40 59 79 91 85 91 91 34 87 57 7 91 49 56 84 56 27 76 9 80 77 33 69 56 71 41 48 81 98 94 43 84 49 91 7 19 79 46 95 20 57 33 40 19 88 84 80 40 75 68 1 42 52 45 43 75 21 87 48 81 39 78 75 49 74 9 53 19 94 69 40 94 19 84 28 26 16 5 94 3 35 29 58 66 25 20 3 55 86 42 45 23 80 43 78 23 4 10 34 90 6 39 31 19 73 30 23 42 62 5 87 32 98 93 76 56 51 49 66 40 87 74 13 69 78 40 14 25 61 48 84 32 5 53 66 24 1 82 43 48 58 52 14 3 14 29 34 36 88 34 50 7 40 60 84 53 22 53 70 7 57 92 37 11 75 40 56 19 83 54 2 4
46 57 29 85 4 99 48 62 15 7 96 5 12 88 91 84 46 3 98 87 9 28 97 21 76 15 89 12 66 6 4 22 2 93 89 35 23 18 80 10 78 64 88 81 67 82 50 19 75 57 78 26 85 4 31 86 57 35 76 83 17 93 62 14 60 95 92 88 43 49 88 92 8 80 37 69 57 10 39 75 15 3 85 39 59 56 47 72 24 26 18 96 76 76 20 55 34 86 16 50 79 59 15 76 20 76 13 9 59 46 86 20 13 88 23 51 89 94 55 11 86 25 49 93 75 12 18 34 24 70 39 85 27 54 35 64 8 21 90 69 94 56 85 30 77 41 18 85 10 34 42 76 36 32 87 24 15 8 88 27 68 41 20 34 10 33 60 75 11 33 24 54 19 29 5 1 32 81 92 35 6 33 84 35 86 21 65 99 60 11 87 21 5 8 86 83 61 79 19 87
49 23 64 16 92 44 84 43 10 64 91 25 50 50 5 83 34 74 98 41 14 79 39 94 93 14 29 95 5 5 12 77 40 36 56 90 39 77 97 69 62 21 14 41 75 20 91 22 10 91 91 57 25 65 1 3 56 75 18 25 39 65 45 23 92 39 67 10 72 41 64 7 81 51 72 51 80 22 53 25 26 44 27 96 93 65 7 68 92 55 50 25 62 48 64 1 47 60 40 91 26 63 15 23 23 16 97 80 93 62 81 71 14 23 9 27 67 62 44 4 59 6 17 47 56 94 1 90 5 17 85 73 11 36 69 36 94 71 95 28 55 13 45 19 33 78 68 50 61 21 50 25 92 70 51 54 3 16 66 21 20 84 71 63 63 70 32 35 7 29 84 53 85 52 54 86 9 36 3 55 46 42 51 82 46 13 86 36 45 1 62 82 61 17 18 31 10 37 2 41
60 90 98 37 60 47 86 58 49 38 57 37 16 79 14 27 69 59 12 3 71 60 15 60 74 89 81 61 64 9 86 64 78 15 93 71 23 90 76 97 90 83 3 41 49 86 78 88 64 71 53 14 93 73 60 92 87 3 27 38 66 88 63 30 60 8 14 63 56 29 37 57 93 99 60 74 64 78 80 62 9 90 66 91 41 38 66 61 36 37 55 58 52 38 67 62 16 47 88 46 44 45 57 53 98 42 14 7 29 5 20 53 17 91 6 54 59 3 7 12 69 88 76 94 83 46 39 14 85 25 9 98 34 42 20 35 22 58 25 10 46 18 53 63 52 4 23 74 24 31 62 35 21 10 44 3 93 96 85 52 69 61 53 44 31 55 22 6 27 28 86 21 19 3 15 95 31 28 56 32 82 14 13 47 65 4 49 50 10 44 1 78 7 33 13 14 80 37 54 3
63 29 9 80 51 75 93 69 44 53 65 53 54 79 53 6 94 37 62 38 73 5 15 88 25 80 38 38 99 93 91 63 43 2 95 35 83 23 58 54 98 99 86 2 17 96 64 96 48 73 43 62 95 90 42 41 77 46 51 76 37 75 59 60 39 18 17 94 77 80 15 3 17 35 84 33 5 81 56 26 20 66 64 88 44 31 74 28 73 88 65 4 32 41 60 60 48 26 49 29 48 51 40 20 25 41 90 26 14 76 94 19 69 68 64 58 78 69 45 80 96 35 10 70 10 48 71 89 59 58 62 81 16 99 4 92 21 58 67 66 42 13 14 95 94 19 21 56 89 28 65 12 37 22 15 35 2 4 2 20 26 34 19 22 80 77 7 49 40 50 27 75 61 6 84 50 20 64 86 1 56 52 41 9 93 42 55 13 73 21 28 22 30 14 4 14 65 14 27 38
76 45 54 96 32 66 1 49 77 82 57 88 99 6 82 96 61 24 32 67 52 62 4 37 16 82 84 97 4 96 38 21 43 51 55 69 99 29 45 66 44 9 62 68 5 52 67 96 38 87 24 65 84 82 34 81 88 99 97 83 6 72 49 18 25 27 26 80 96 89 42 9 91 67 71 99 57 66 27 63 92 52 45 62 57 49 67 88 85 52 18 72 48 66 85 78 25 3 8 24 58 84 90 67 57 18 35 39 38 31 29 98 60 56 25 72 34 27 68 30 17 71 89 89 64 53 39 11 92 66 40 38 92 5 40 89 10 37 22 1 97 34 93 34 44 76 89 12 21 47 78 58 11 35 58 48 10 24 46 28 31 62 98 98 9 52 2 9 59 5 11 33 85 31 93 89 35 46 68 26 81 33 54 51 69 93 55 25 54 3 26 81 56 56 22 56 35 45 48 67
90 81 55 91 90 28 48 59 94 83 79 66 23 87 59 48 34 64 49 63 55 71 53 18 19 55 51 16 4 68 86 72 30 95 81 17 96 69 40 9 34 91 37 91 13 67 50 18 89 54 19 4 42 44 80 46 69 58 26 33 71 68 81 82 93 57 35 45 22 34 52 97 92 99 19 11 74 76 64 25 54 27 70 88 48 45 95 14 91 38 84 39 49 94 3 59 10 63 53 33 68 10 10 96 1 62 65 27 41 64 79 11 65 78 77 56 16 88 23 30 6 28 29 17 86 67 8 29 78 80 64 1 87 52 89 12 38 36 46 40 47 85 6 52 3 51 77 88 87 28 42 82 49 40 37 2 68 92 40 38 87 34 11 6 37 74 73 97 17 45 35 27 53 9 66 22 34 60 57 5 57 34 80 83 41 65 42 28 25 19 18 17 99 9 48 22 25 53 15 63
33 89 34 15 48 66 7 91 8 82 52 98 21 92 75 73 89 75 80 3 84 47 93 77 87 65 79 70 1 81 32 60 16 63 48 12 93 97 46 90 47 90 11 46 63 80 32 81 91 14 83 68 88 44 38 43 55 87 69 92 23 35 43 84 9 57 72 60 39 11 96 78 93 37 65 31 27 34 53 56 68 65 28 81 81 84 6 83 15 54 12 64 34 20 52 29 97 8 50 21 13 32 64 49 44 92 81 93 66 59 28 44 85 29 86 11 22 45 33 50 58 11 61 46 99 82 76 69 63 13 48 71 90 42 57 30 69 65 26 26 15 12 22 93 74 36 42 49 77 24 35 6 56 41 67 91 6 75 59 25 2 8 44 58 68 69 55 63 35 97 48 24 32 12 28 24 70 22 32 17 82 84 53 34 70 51 2 98 30 45 38 73 3 53 42 35 29 39 19 3
