20 200 13098 24.81
26 39 74 43 89 66 77 65 64 27 92 87 17 81 20 20 53 56 33 67 29 86 22 87 34 23 72 44 39 49 9 21 80 72 75 27 43 5 91 30 51 98 64 13 16 65 95 64 92 28 37 80 47 73 84 65 24 97 71 44 90 97 86 36 95 51 48 75 79 66 77 13 72 6 9 42 6 17 4 77 45 47 17 91 89 30 8 46 52 30 60 66 72 10 63 88 90 9 88 6 76 67 76 20 55 28 16 43 59 54 51 8 94 12 32 92 36 38 97 44 91 54 70 80 44 10 18 68 28 62 33 56 76 36 35 87 23 63 40 10 25 52 30 68 17 5 6 56 82 30 9 11 80 50 97 59 37 3 56 86 85 94 84 74 61 75 59 87 78 90 52 72 73 85 25 4 16 26 77 5 3 48 29 19 82 32 4 48 98 8 76 81 37 60 75 77 47 99 71 67
94 85 81 83 79 8 4 27 69 56 26 17 89 55 54 18 90 78 93 16 89 62 17 42 91 33 57 69 95 74 83 33 67 23 16 61 59 59 70 32 80 44 7 28 45 88 30 61 51 39 79 35 93 14 27 4 99 16 37 43 51 11 77 78 1 85 7 38 10 80 68 14 26 83 49 97 28 17 74 73 12 82 10 84 58 91 19 13 90 90 11 9 57 87 53 35 48 43 69 79 12 11 44 85 38 70 25 43 25 39 7 37 4 1 93 95 52 41 55 11 62 67 58 67 36 10 68 82 99 75 67 57 29 17 41 23 51 66 68 94 75 64 31 73 50 60 38 64 84 86 41 93 35 89 42 60 90 89 45 47 65 51 87 41 19 5 38 23 46 30 60 11 96 63 10 2 38 94 17 30 6 46 18 77 17 53 53 37 47 36 98 88 19 23 14 30 98 22 7 16
89 81 75 84 70 57 67 3 23 84 45 7 47 18 67 94 33 47 43 32 78 90 71 42 81 73 70 6 32 79 41 94 79 42 68 80 70 19 77 83 75 41 6 69 33 22 1 97 73 46 5 69 41 83 1 31 23 93 24 22 93 85 90 8 92 10 52 84 15 34 44 49 62 91 11 8 33 69 82 67 54 94 60 40 12 86 61 71 38 32 3 48 67 58 48 90 99 32 30 2 19 34 1 71 24 8 83 72 42 42 67 7 60 99 44 54 84 23 72 74 79 57 74 89 42 53 24 49 41 53 40 70 57 56 1 84 9 92 93 14 27 19 38 90 48 66 20 51 6 75 49 75 18 63 81 97 33 55 85 33 68 71 71 97 82 22 69 84 79 17 42 92 28 13 79 41 92 22 26 3 14 57 43 62 81 55 91 60 78 17 67 79 5 15 80 25 73 33 41 32
69 65 75 62 45 58 95 79 2 25 93 71 47 75 82 77 78 54 49 54 41 77 21 47 58 5 60 16 8 2 95 81 61 52 3 66 28 78 88 75 67 77 33 35 16 94 44 14 53 8 65 33 38 54 6 62 55 70 19 92 1 74 8 23 10 1 1 24 73 76 5 52 36 57 59 28 55 87 56 27 88 9 5 66 80 56 24 28 73 39 8 94 97 38 2 54 7 40 47 30 16 45 62 49 84 45 84 59 10 36 4 1 79 83 30 64 29 65 14 97 59 82 60 87 28 59 1 99 28 15 90 22 7 25 93 94 55 65 59 20 77 31 6 16 39 96 55 8 56 34 50 69 53 84 19 29 11 7 97 33 96 73 81 75 71 5 16 94 86 17 50 51 60 85 61 33 63 42 62 70 47 9 5 60 36 42 60 92 32 75 43 72 5 3 40 26 3 1 98 54
57 95 95 51 95 76 37 34 71 20 18 7 57 74 82 90 37 90 85 73 41 89 27 37 82 77 63 98 80 29 10 53 96 91 52 44 96 77 24 14 19 46 3 41 2 64 88 48 38 54 36 34 44 47 14 54 26 72 86 46 36 97 9 57 84 3 8 51 45 25 33 28 55 81 2 44 80 65 3 29 66 20 55 17 61 38 69 9 44 9 73 23 13 52 9 83 26 31 85 24 79 12 31 29 43 3 34 43 51 94 84 12 26 42 62 59 82 74 87 45 68 27 18 1 26 55 64 29 77 60 63 65 64 69 23 25 5 59 92 27 7 62 49 43 75 37 56 86 90 28 51 88 30 75 20 39 86 78 74 10 83 20 99 65 21 94 79 25 92 84 99 33 67 51 29 29 67 61 46 26 17 3 18 48 51 7 28 62 3 88 78 26 6 75 88 71 16 20 24 73
48 60 8 92 36 39 78 92 27 89 68 56 78 94 4 8 2 29 62 51 66 11 25 98 48 37 59 86 87 39 76 57 58 45 17 64 5 62 44 60 16 34 88 41 95 12 63 9 20 39 91 70 38 8 18 68 22 20 35 29 74 10 69 88 80 72 23 88 75 76 25 11 15 28 44 59 38 15 9 13 66 61 30 45 98 70 81 14 25 94 40 11 74 86 13 96 24 77 59 8 77 90 72 17 8 69 4 16 16 54 69 65 7 2 64 49 20 89 84 23 54 10 18 16 91 59 27 89 72 32 37 29 93 5 95 31 58 95 48 65 67 31 76 12 84 5 75 19 78 84 93 90 39 29 8 97 89 2 9 42 97 69 32 50 23 41 63 31 93 43 99 64 66 11 48 35 36 77 18 55 60 97 50 5 65 64 21 44 6 90 97 3 53 29 97 1 21 91 81 51
81 54 4 69 80 39 97 18 82 99 79 67 78 56 9 53 94 67 50 56 22 27 98 83 77 74 43 96 4 51 45 7 50 15 72 8 68 21 16 56 1 69 80 77 83 71 43 65 6 82 57 78 53 30 59 54 87 66 72 85 90 54 51 37 46 38 77 48 66 1 55 37 24 79 27 49 14 53 19 82 42 27 88 49 57 41 96 92 35 3 21 39 79 40 40 69 96 44 65 14 52 94 92 15 24 67 17 98 87 83 35 34 7 37 39 24 8 12 60 16 62 93 99 87 29 41 27 65 80 16 11 73 88 61 75 66 60 11 81 25 13 94 22 80 58 5 91 54 3 85 13 30 82 5 63 66 26 17 81 16 48 71 32 29 3 50 88 66 74 16 79 17 8 52 53 15 40 40 11 28 50 40 12 80 23 69 93 37 85 23 1 5 50 39 40 56 9 61 77 56
26 83 74 25 85 34 98 27 95 77 90 75 85 29 69 77 97 22 16 97 28 32 66 18 2 52 13 26 82 5 85 2 13 2 63 5 29 45 9 69 5 41 15 33 88 19 9 26 45 6 72 2 61 38 85 30 69 44 37 19 70 65 8 41 95 53 69 41 14 89 11 6 73 62 77 8 65 39 1 15 6 12 1 6 29 37 87 24 10 88 95 12 37 62 43 15 17 9 5 63 49 3 45 99 14 30 16 26 84 80 7 71 73 42 31 75 8 51 37 6 79 5 23 82 76 59 46 93 5 46 90 95 66 59 80 66 44 90 27 87 81 76 22 35 11 83 19 14 38 24 90 32 28 52 57 45 62 30 14 9 79 28 1 14 59 33 99 66 93 90 34 30 32 81 12 72 79 76 91 52 46 59 80 30 87 2 32 2 88 2 67 85 20 44 76 89 21 33 73 97
90 3 80 93 15 59 34 78 79 95 78 60 95 75 47 39 83 45 42 77 68 68 85 37 38 52 10 34 17 33 14 43 22 1 11 42 3 61 66 24 64 98 78 92 70 74 12 86 30 78 97 15 27 81 67 23 72 13 71 85 1 56 68 67 92 1 63 12 42 75 64 12 65 18 47 77 1 61 75 43 49 74 50 41 12 53 71 2 93 47 86 15 42 53 32 54 13 79 19 84 68 20 39 99 92 76 39 97 38 35 37 24 6 50 46 84 66 70 10 89 1 61 41 21 53 48 74 21 5 44 43 6 58 58 56 15 86 76 51 22 67 10 32 47 53 97 18 24 25 35 18 66 98 5 57 28 11 61 15 75 29 94 85 67 83 78 5 15 74 14 5 85 62 25 90 83 43 32 60 68 23 65 48 43 97 42 36 9 53 40 30 55 13 72 13 17 22 29 5 77
80 84 52 79 87 79 12 88 90 1 38 26 62 76 70 15 59 82 74 34 59 42 92 20 74 75 84 49 37 52 41 53 88 99 88 63 69 16 38 81 44 9 83 20 68 97 38 88 63 78 5 88 49 71 95 2 66 90 56 21 31 67 27 90 90 87 94 10 98 28 85 97 41 40 49 81 83 28 70 63 54 13 3 25 7 64 30 96 87 73 48 68 8 45 76 25 29 45 11 75 1 41 38 18 35 37 90 47 46 45 5 50 60 11 32 72 88 60 47 58 30 19 60 40 34 48 54 65 23 75 15 34 22 33 31 23 10 62 10 80 10 48 93 36 5 35 64 73 91 34 98 22 56 44 25 45 56 60 38 55 8 70 78 64 22 29 54 23 93 52 24 4 64 11 64 70 51 34 12 95 51 94 51 22 1 80 47 19 70 20 24 45 74 43 90 44 64 24 23 34
94 82 19 78 36 55 89 90 93 47 80 46 54 79 53 41 54 40 98 68 83 88 93 64 85 92 5 29 33 24 76 15 43 62 49 78 92 81 80 56 90 32 97 29 61 78 56 49 18 61 5 72 58 44 21 92 92 21 39 64 75 27 30 74 94 18 69 84 37 16 34 76 48 63 74 32 7 84 39 52 91 37 60 34 35 50 77 84 21 45 9 4 2 51 51 22 65 70 50 3 26 6 8 64 19 63 49 91 17 54 56 93 17 27 94 34 32 44 8 73 77 86 5 57 41 85 71 45 7 74 94 70 7 60 54 45 61 71 39 5 38 66 8 55 22 94 38 89 77 7 61 82 59 88 31 59 43 63 5 16 28 82 53 7 76 86 59 45 91 85 7 5 45 43 27 17 70 59 31 94 79 96 1 69 66 93 60 73 20 82 53 85 99 64 14 63 7 22 5 68
58 52 36 89 39 84 40 33 70 98 18 92 92 79 42 83 76 92 97 92 75 85 42 56 62 97 54 87 25 63 48 11 14 72 15 79 69 85 53 92 30 36 68 76 1 91 17 95 63 98 54 23 72 63 70 1 30 37 84 72 29 42 13 67 18 43 55 37 11 85 38 51 81 50 71 80 7 20 8 52 36 74 43 55 58 52 49 63 31 77 11 59 6 19 74 89 18 80 97 28 13 9 84 26 79 88 14 59 13 60 18 9 40 27 63 88 76 17 4 59 76 65 62 23 24 33 63 67 82 82 89 57 81 6 32 11 98 66 17 74 70 5 77 89 30 88 54 21 26 16 39 77 74 14 41 35 53 96 70 26 11 58 3 71 66 95 27 11 95 31 96 23 85 8 12 41 44 85 40 82 19 72 7 66 33 34 58 35 46 90 67 56 27 41 16 79 51 46 87 92
87 45 70 17 81 87 56 8 18 28 22 98 69 28 56 83 4 46 32 70 96 91 33 28 19 72 12 37 88 86 65 94 22 20 62 9 71 63 20 16 72 27 11 18 37 59 43 61 75 67 40 37 1 5 28 34 55 17 51 69 17 93 72 41 85 10 74 60 58 56 23 68 3 84 19 33 46 42 89 1 45 79 3 83 70 91 67 33 43 15 82 76 37 29 21 31 82 24 41 80 53 21 15 22 57 75 16 16 53 55 96 10 41 82 48 34 60 85 28 1 85 2 85 90 51 70 75 72 35 54 78 1 30 51 59 36 75 12 56 88 15 3 98 53 28 84 88 63 3 17 71 32 89 16 11 85 90 83 43 36 3 83 90 52 38 21 20 36 5 89 25 63 49 29 66 16 12 77 69 12 94 54 60 43 83 84 91 28 59 51 25 31 82 22 40 69 42 97 28 70
94 27 93 81 43 48 51 82 96 81 57 96 59 26 94 89 25 9 83 47 47 64 88 34 15 40 28 63 59 69 43 83 39 4 23 67 69 98 19 25 36 46 84 32 77 24 73 36 67 5 28 87 33 5 77 21 62 6 50 81 67 31 67 1 35 48 26 18 87 11 41 63 65 35 20 32 57 58 65 51 53 67 37 85 39 42 67 25 4 20 69 53 44 98 36 66 64 5 21 18 66 39 60 27 23 49 19 74 96 14 78 32 75 11 88 51 61 53 7 2 9 24 13 83 29 87 25 75 24 7 51 83 64 65 9 25 2 89 17 31 90 83 74 25 22 56 11 45 92 71 53 13 59 56 40 38 15 20 25 28 37 9 93 57 29 32 77 25 29 80 38 91 50 96 68 46 70 92 76 21 66 76 54 59 94 58 44 30 19 17 7 6 56 13 66 86 62 19 72 47
84 63 82 65 65 90 40 85 32 49 89 50 27 6 50 92 68 80 1 75 85 39 67 99 26 15 21 13 29 91 95 75 38 31 88 13 51 53 6 13 85 89 68 55 8 86 33 43 72 36 45 57 21 5 15 14 33 49 63 28 69 29 35 4 27 74 3 20 45 38 98 55 96 32 47 41 78 20 25 20 19 60 82 68 35 75 41 71 71 24 7 36 34 23 94 8 76 58 77 22 41 13 53 14 31 12 18 69 39 91 28 87 32 75 55 4 30 63 54 50 1 28 47 52 77 62 94 84 86 36 83 17 21 96 4 19 18 47 13 96 51 83 71 21 15 51 56 36 23 80 45 16 79 15 5 2 19 68 13 8 57 50 54 56 6 59 63 19 10 79 33 56 64 42 23 24 33 11 41 67 90 45 20 26 71 8 76 60 53 11 16 1 88 1 12 96 98 62 65 75
71 78 53 39 83 95 86 34 50 89 32 48 41 66 76 69 62 11 37 18 34 17 60 54 71 4 77 12 48 78 12 41 48 26 57 50 35 33 73 71 34 67 22 34 25 20 61 69 94 55 78 96 10 86 57 64 27 6 10 80 55 73 15 7 44 67 66 50 24 2 45 40 20 36 78 3 88 38 95 67 42 82 84 9 22 37 79 47 82 23 80 41 46 78 8 24 53 27 47 63 30 57 52 59 43 82 21 44 54 50 92 69 73 57 50 87 98 14 18 45 14 13 30 39 58 63 45 71 67 71 82 40 55 12 67 2 73 13 77 38 14 43 73 32 35 62 33 61 65 11 74 46 87 45 35 23 75 82 75 84 84 44 14 82 85 66 81 2 92 22 91 60 72 43 88 36 40 30 27 33 8 71 85 46 67 43 35 28 74 80 97 97 48 62 81 66 45 16 89 18
72 40 24 15 11 71 41 6 31 45 94 48 87 73 79 31 58 73 82 75 4 20 83 57 41 69 93 71 74 97 74 91 31 78 91 28 7 76 79 30 38 71 63 84 58 91 81 73 40 68 25 86 72 9 94 19 95 98 16 25 22 7 25 67 49 68 40 42 52 6 63 50 8 21 40 56 98 54 99 34 52 27 22 47 67 40 20 46 97 9 10 57 20 72 65 8 97 83 56 1 40 39 15 55 41 42 50 9 32 41 5 62 52 69 87 78 44 32 61 54 62 14 99 30 29 33 5 59 96 61 21 91 94 25 82 53 16 87 60 66 74 88 1 17 97 48 82 67 73 27 75 10 34 57 46 15 49 86 78 7 36 3 86 54 23 50 2 53 41 19 41 73 30 7 63 40 88 15 96 31 54 32 15 59 29 80 13 32 21 22 3 11 42 72 50 44 92 47 83 75
8 53 84 92 23 91 56 96 7 51 70 67 37 74 83 37 64 54 40 93 20 39 58 32 96 21 98 66 57 66 80 43 66 73 17 61 20 83 15 58 79 30 30 85 65 93 74 64 69 32 89 80 31 70 73 85 58 24 92 76 94 59 52 12 45 80 46 69 75 38 81 82 46 75 7 43 98 67 90 78 44 51 95 26 76 99 1 20 13 3 55 72 29 22 62 82 20 99 78 5 48 17 21 93 79 45 22 4 52 99 71 89 80 46 69 22 1 34 33 58 90 81 85 70 27 85 69 42 15 84 22 6 3 26 84 98 79 1 41 19 65 2 8 14 74 63 55 16 26 16 79 19 75 70 83 58 43 2 2 35 4 96 41 10 55 64 4 98 41 73 51 86 94 49 16 12 87 34 19 39 21 52 8 22 30 10 15 37 93 89 42 93 79 72 51 64 61 69 45 93
45 59 77 87 68 53 95 66 76 48 64 47 34 49 95 68 27 70 52 10 59 86 34 8 8 96 54 66 98 11 83 43 57 89 50 93 22 62 58 49 51 14 46 38 28 48 16 89 5 17 23 1 93 41 8 80 38 87 82 52 52 64 88 66 61 43 32 34 87 37 49 38 20 25 21 16 5 58 38 33 93 46 34 19 17 43 71 34 85 72 47 60 2 1 32 88 93 28 71 97 14 21 72 20 99 32 13 7 40 20 51 35 44 20 50 42 71 8 23 68 54 46 80 93 43 37 3 33 4 92 49 41 33 38 50 28 82 6 43 95 60 38 71 66 85 1 54 61 65 64 65 13 47 92 56 26 35 13 7 73 59 50 22 37 37 12 30 28 77 1 77 20 84 19 54 28 69 81 91 58 31 14 48 33 36 40 63 1 63 59 25 15 56 16 65 21 33 32 22 10
52 82 81 14 84 6 58 85 36 50 8 24 13 76 7 81 12 30 46 32 83 26 27 97 25 75 92 68 58 13 26 88 64 54 47 42 88 61 77 85 32 27 91 96 57 11 77 47 47 36 33 74 97 90 83 90 14 43 27 84 7 9 36 57 7 77 41 4 43 41 10 86 33 84 80 66 11 4 60 70 30 54 22 99 5 12 92 92 39 53 47 66 70 37 48 63 64 36 45 45 27 62 97 87 47 54 73 53 75 10 36 62 51 42 42 74 48 16 24 31 66 11 9 44 88 45 56 3 13 35 45 29 14 28 78 20 20 25 98 47 24 96 15 86 75 8 56 7 53 22 18 33 45 11 38 82 58 51 79 78 95 67 79 22 45 19 67 20 1 20 73 98 24 53 20 45 45 11 90 15 25 72 46 67 48 7 34 97 84 5 79 36 29 61 54 34 4 54 56 32
