20 200 13049 24.77
13 18 60 48 45 99 45 74 34 91 9 65 34 54 54 67 49 81 25 62 16 7 18 45 1 81 78 4 41 54 97 75 57 17 28 78 94 88 66 15 36 29 87 73 6 54 91 71 11 39 88 92 6 53 55 26 38 10 95 84 60 99 89 59 87 96 74 40 52 2 38 9 69 8 54 39 19 83 59 68 59 42 65 30 40 98 72 46 46 26 61 55 39 20 57 11 79 81 79 53 43 97 88 28 55 17 41 55 83 74 59 18 86 53 10 96 65 70 16 61 22 82 47 91 5 79 19 70 4 14 9 96 34 92 37 25 68 57 65 33 84 61 29 90 3 79 18 88 25 96 81 59 64 12 84 73 46 26 3 32 92 43 71 10 41 95 38 11 53 11 16 45 10 56 16 91 27 97 46 1 20 7 75 76 95 95 76 21 65 88 51 27 96 50 90 54 64 54 17 62
35 79 52 10 91 53 11 16 55 88 33 73 37 58 49 88 73 3 73 87 13 91 80 39 89 86 38 41 72 59 66 29 47 17 88 72 83 10 75 20 1 43 41 68 57 94 33 80 76 92 2 71 67 11 18 31 21 5 88 31 36 27 65 57 45 89 25 69 39 91 26 28 14 4 84 11 41 34 48 90 30 83 54 55 13 20 58 58 44 61 2 46 61 6 11 53 46 39 53 26 10 15 32 62 76 80 54 51 59 45 56 24 53 38 93 44 80 44 14 8 89 34 52 53 45 21 87 22 41 78 87 38 57 36 1 56 95 18 53 75 7 82 8 49 80 47 73 92 77 52 3 51 71 60 52 1 92 93 15 31 5 78 79 30 98 85 5 46 41 71 5 34 17 27 66 6 57 41 85 71 33 31 28 19 33 54 35 75 71 76 75 57 32 39 53 74 29 52 47 87
11 83 65 66 21 19 45 81 67 39 49 9 75 43 80 81 59 49 35 5 6 83 20 86 36 96 90 12 93 53 26 20 76 81 47 93 90 80 49 76 20 77 49 31 68 89 22 18 47 81 1 7 21 94 32 13 10 27 87 41 76 35 16 39 94 55 60 15 47 64 93 48 40 44 25 71 74 62 73 77 67 32 22 71 97 66 34 96 7 38 34 5 10 49 55 27 12 35 81 76 71 49 77 18 18 16 95 20 63 4 54 88 82 24 16 82 13 89 18 64 56 33 13 24 34 87 37 46 12 29 58 57 62 15 73 29 94 91 70 33 70 94 31 28 69 93 28 3 89 98 22 5 20 32 48 33 35 91 22 12 66 54 3 58 1 22 87 68 78 90 10 8 85 14 1 69 26 7 84 89 56 35 33 7 91 55 99 7 47 89 22 15 85 61 62 51 74 20 22 5
78 80 62 69 45 44 62 26 27 98 80 47 88 29 2 97 72 99 39 48 59 93 25 73 61 49 87 29 52 92 87 73 34 35 9 12 92 57 37 76 4 97 87 54 93 50 17 88 11 91 81 98 26 88 68 88 78 39 11 68 58 16 17 43 85 31 6 38 77 49 48 60 64 24 28 37 71 27 86 68 73 45 85 46 10 33 62 33 6 41 92 15 56 64 97 7 84 38 64 8 94 50 12 80 23 79 78 80 40 16 26 70 68 77 61 20 89 8 69 57 32 4 24 99 77 12 40 66 29 98 29 86 86 51 39 54 57 72 69 4 29 61 19 97 25 87 35 2 19 95 36 76 31 41 76 13 27 10 35 97 69 42 51 44 24 14 5 71 27 95 64 37 15 26 60 10 4 48 46 61 78 25 49 16 52 83 97 83 91 62 10 96 37 71 1 18 50 7 60 48
92 91 75 76 93 58 36 96 79 3 94 72 36 78 66 64 82 12 43 57 91 68 30 45 21 66 17 52 51 83 34 13 56 92 20 28 51 75 96 43 77 14 52 55 39 63 74 53 57 39 45 32 9 2 87 89 11 49 36 67 22 68 40 3 25 78 96 37 75 24 51 88 17 80 2 56 98 23 20 48 35 87 98 87 58 2 79 72 2 74 61 4 28 48 49 74 24 22 92 36 49 60 7 47 11 90 93 66 88 95 13 89 36 6 69 91 65 76 67 28 74 1 86 93 43 24 81 78 52 96 97 51 80 83 19 55 50 18 7 44 89 23 1 4 39 14 61 31 23 68 32 28 51 7 12 18 78 31 4 67 15 91 25 34 82 89 99 94 39 18 67 38 2 6 23 4 62 11 65 54 70 34 51 54 46 34 76 67 37 89 46 41 50 56 18 47 53 80 46 57
16 22 36 14 27 98 62 93 74 6 52 88 28 74 70 91 13 72 62 79 91 59 88 17 7 92 92 40 51 88 84 29 87 11 44 45 98 48 70 14 22 21 66 24 96 51 80 27 30 47 10 76 97 77 53 36 33 54 31 90 54 62 39 26 27 99 20 93 82 1 14 94 22 87 28 78 85 59 72 78 53 37 24 70 88 31 36 16 52 52 43 51 2 4 33 9 19 2 73 76 33 59 25 72 11 32 84 63 66 15 17 31 17 57 91 79 10 66 5 3 42 27 85 92 97 55 76 57 40 30 92 74 87 22 60 88 38 11 80 1 68 15 15 6 90 84 90 15 59 81 38 50 39 29 27 73 62 20 55 54 49 20 60 98 93 59 8 2 58 50 34 4 19 19 40 46 6 48 46 66 60 52 14 9 65 37 83 64 34 54 86 98 56 67 14 31 8 63 36 79
77 83 73 30 63 90 56 33 36 62 17 36 94 68 49 46 49 88 62 74 78 45 57 46 3 17 67 84 59 86 30 82 19 57 64 27 45 87 65 4 99 35 4 7 31 33 59 29 73 15 84 49 73 70 29 17 62 55 65 41 48 10 68 11 67 76 49 19 99 86 42 35 20 88 30 44 36 91 88 21 12 32 24 53 17 76 86 58 13 94 86 72 68 86 48 13 16 56 31 68 41 41 17 83 26 49 64 49 70 19 97 63 74 6 45 12 71 19 81 63 57 30 82 55 3 33 43 25 84 26 46 68 83 48 14 36 8 57 48 29 24 19 15 9 68 8 4 64 5 75 35 73 50 35 6 15 68 65 19 1 28 98 26 24 23 69 42 31 28 7 23 60 3 54 2 86 12 46 89 70 38 21 66 14 91 54 32 29 74 91 83 17 25 77 38 80 45 13 19 74
97 48 56 52 21 88 9 69 66 85 49 28 88 74 75 51 37 92 86 83 15 8 73 74 93 20 32 21 29 53 90 43 40 55 15 51 81 56 78 77 99 41 98 70 57 35 36 47 66 78 20 65 80 96 63 8 49 80 20 49 24 49 73 1 74 53 96 24 75 98 78 21 95 45 36 70 83 47 53 12 32 65 83 6 36 64 41 51 85 10 47 63 20 14 87 16 48 7 44 52 36 53 71 81 43 95 14 96 69 55 33 84 79 95 75 25 24 4 54 21 76 16 28 24 88 76 57 21 21 38 40 88 46 3 43 27 50 74 60 3 7 25 43 44 78 14 25 15 12 10 21 19 26 78 8 48 57 70 52 91 93 25 70 2 38 32 26 85 10 40 13 87 85 22 31 84 33 6 21 18 60 25 4 89 67 37 86 79 25 87 29 61 39 58 23 99 9 91 86 83
62 66 66 36 39 81 91 73 28 59 63 75 91 74 44 1 31 94 45 8 17 82 68 12 61 48 98 36 34 67 27 72 8 69 39 73 97 85 51 61 50 36 68 30 84 1 42 12 40 80 50 31 54 35 24 30 63 98 43 80 90 46 2 31 57 40 59 47 54 72 21 97 86 4 94 31 39 66 24 84 70 67 22 83 46 15 69 75 50 35 8 53 80 54 98 21 78 26 33 61 91 87 72 45 20 34 43 33 58 43 12 78 11 45 79 88 13 46 17 92 76 68 11 51 11 55 8 2 36 42 1 55 56 49 65 60 50 38 33 62 13 62 5 54 58 6 74 32 11 95 74 56 19 82 10 36 65 86 89 11 2 64 34 57 11 73 82 77 58 35 54 58 99 5 67 9 35 85 82 34 4 2 33 75 98 98 87 42 46 66 68 26 72 30 56 51 23 22 90 8
86 3 40 71 84 58 18 60 79 34 40 39 70 29 46 32 56 20 87 79 80 30 12 10 17 42 83 44 24 34 68 22 76 63 98 68 28 44 74 86 44 44 68 32 47 99 6 74 81 39 64 77 14 91 56 11 35 46 24 44 85 88 82 80 63 36 54 70 34 44 22 34 94 95 82 42 5 27 69 39 50 64 47 58 53 3 67 86 30 56 38 6 13 62 25 71 5 30 40 16 67 69 68 33 30 32 18 79 26 29 59 40 58 66 30 1 40 64 2 50 88 50 88 90 7 69 96 40 44 47 52 2 22 2 27 54 73 84 22 93 78 27 34 54 21 35 28 42 25 20 35 47 93 5 54 13 84 97 81 52 9 21 2 97 63 40 28 30 80 91 41 71 47 52 68 30 51 91 17 15 20 17 12 73 35 1 62 77 68 7 5 93 22 80 89 13 13 72 8 79
53 59 21 88 81 52 70 10 63 77 76 90 1 64 6 66 51 54 68 65 74 88 81 43 74 36 53 95 35 7 47 98 4 44 78 94 22 38 48 57 51 62 31 35 17 16 68 61 45 80 69 68 94 38 58 83 54 96 96 26 64 37 32 94 48 39 30 13 7 71 29 28 66 5 30 37 11 42 40 68 94 81 23 63 77 66 42 99 64 79 32 4 58 58 84 70 17 89 88 28 83 4 74 97 79 55 70 29 38 83 19 60 74 37 49 95 1 99 13 88 2 76 25 68 16 78 84 5 95 25 19 6 48 53 34 47 1 53 66 76 36 2 15 9 13 87 38 52 83 46 93 69 2 86 23 55 47 43 16 8 75 98 96 26 52 28 3 59 88 56 56 15 34 82 51 29 98 98 18 39 2 25 36 51 61 86 36 74 91 47 76 9 67 12 19 78 2 62 91 65
74 58 99 94 68 90 78 55 5 78 75 39 8 37 39 36 39 53 68 22 58 74 64 13 47 88 47 67 48 45 8 70 89 8 88 48 56 30 85 64 47 61 36 66 55 25 35 17 8 99 63 1 80 59 90 82 98 92 97 76 36 37 19 75 85 6 81 87 48 31 87 49 26 94 55 79 9 42 91 15 24 60 97 10 32 36 52 33 77 10 78 34 62 34 76 48 39 74 84 25 44 22 72 12 54 94 5 20 4 83 48 51 15 89 2 82 17 54 69 76 50 53 26 57 10 41 15 79 67 75 24 75 29 30 98 14 49 22 10 62 38 37 34 32 96 44 13 98 18 2 65 81 22 24 77 44 83 5 47 58 13 13 66 15 36 4 34 39 23 98 22 42 69 44 15 32 79 54 91 18 32 54 11 3 76 51 63 86 40 23 12 46 16 32 98 78 71 40 79 22
36 83 65 98 59 78 75 96 23 7 62 57 45 49 88 5 54 28 85 31 93 58 23 22 98 65 26 50 99 82 52 62 13 91 72 86 61 25 11 40 86 26 60 12 35 73 46 22 53 14 56 8 65 10 3 29 6 62 36 34 71 59 20 64 15 95 33 87 56 50 86 78 32 22 56 46 98 48 59 94 15 57 90 44 48 30 4 94 11 37 20 37 83 92 95 25 48 45 14 68 13 40 74 93 23 6 13 22 28 40 48 51 94 3 39 81 80 47 56 66 33 98 1 44 35 97 61 12 50 8 51 16 55 71 67 30 60 99 89 44 42 51 82 63 68 55 28 68 88 40 56 43 11 91 12 42 11 2 49 23 92 70 29 29 72 62 17 29 21 83 92 82 84 49 35 9 16 32 90 2 55 47 56 96 45 74 25 95 33 14 41 19 26 82 80 58 24 60 57 31
58 49 36 62 98 11 27 58 75 92 45 80 33 50 44 63 26 85 45 93 87 57 69 63 59 79 29 50 20 97 13 81 1 72 82 61 13 21 66 16 5 15 48 55 1 58 81 70 51 90 43 45 9 65 42 83 24 90 76 43 52 98 39 26 60 60 78 97 79 80 75 65 14 89 21 90 75 65 25 65 64 55 92 66 34 82 95 73 47 16 78 28 64 21 82 43 47 31 10 96 33 4 32 43 26 71 79 59 38 65 74 24 62 47 73 39 9 36 22 22 23 62 71 35 25 94 95 50 50 2 95 10 83 73 98 58 45 62 3 9 99 64 7 46 68 4 95 7 63 65 78 11 28 38 42 21 11 37 7 93 69 33 30 53 32 18 97 26 88 35 82 1 49 35 65 5 25 23 66 96 96 82 40 32 64 68 64 47 92 1 80 18 64 53 11 48 26 88 18 93
83 85 87 5 20 29 8 80 48 45 33 43 37 43 98 42 89 2 73 4 71 16 13 64 42 40 51 3 28 93 60 68 66 22 18 92 95 75 63 63 57 32 66 12 12 80 96 4 23 35 99 79 18 32 69 84 66 3 79 91 96 80 4 83 27 83 57 97 7 51 75 66 71 70 17 11 88 8 54 76 51 75 18 33 76 46 65 50 86 25 45 60 18 28 83 70 8 11 76 35 73 47 96 58 16 79 52 95 98 13 12 47 30 84 47 98 84 66 2 20 7 87 2 35 6 3 33 56 3 68 41 95 41 84 36 1 34 36 83 70 86 8 37 98 58 84 36 71 28 8 24 82 95 62 44 52 94 44 6 42 81 13 59 39 18 46 23 71 74 68 85 89 61 65 12 8 27 39 27 43 11 30 75 22 86 19 19 25 65 7 70 33 71 32 12 82 21 73 36 4
76 61 14 63 95 82 77 23 43 7 86 17 28 72 59 58 91 46 23 97 85 36 47 32 11 40 93 34 37 58 99 87 27 79 57 20 73 19 58 9 63 95 94 52 72 39 40 19 22 34 46 57 8 55 93 64 34 87 50 94 72 44 52 96 58 88 43 82 56 42 18 18 93 71 55 87 45 9 16 58 81 84 87 11 46 41 66 73 47 25 96 99 80 40 13 1 6 27 9 41 5 16 7 91 43 22 84 27 94 39 7 28 69 76 59 34 77 46 81 7 53 97 34 47 7 15 34 75 34 39 16 39 19 48 72 43 35 29 36 8 97 51 92 83 95 45 48 33 8 25 46 92 75 88 4 14 66 20 25 23 78 72 95 9 66 31 13 54 83 60 28 98 34 14 69 31 31 14 27 13 80 91 36 75 16 89 2 13 48 51 81 49 14 53 58 69 46 68 36 97
60 11 38 13 3 49 94 69 69 17 95 43 96 28 89 95 2 85 41 24 99 55 56 76 88 55 57 14 46 54 45 63 96 84 55 98 14 24 81 37 35 60 26 46 44 33 24 57 13 51 26 93 29 68 17 11 62 53 4 56 71 19 55 82 66 16 28 99 28 48 29 39 42 83 72 83 64 24 30 42 73 25 50 58 48 84 28 98 33 66 33 35 89 68 51 5 4 71 80 67 5 28 22 90 58 47 35 82 75 60 29 2 35 88 53 94 18 42 80 17 86 72 69 54 78 28 16 96 14 85 21 68 57 40 10 10 17 33 35 55 90 95 8 14 45 31 19 80 71 42 11 23 28 20 54 81 5 15 12 1 79 59 15 38 69 26 38 19 73 21 50 50 23 60 50 70 4 81 62 84 13 37 58 57 12 75 53 70 78 16 2 61 93 46 7 75 55 1 38 24
19 87 2 56 98 50 40 90 60 23 53 17 88 68 62 81 20 79 87 97 7 50 59 48 44 81 23 68 34 55 63 27 21 40 28 53 21 54 26 78 58 76 47 64 68 75 58 45 26 16 40 94 52 86 55 96 23 74 37 79 86 42 52 11 1 61 12 68 93 39 24 16 95 9 62 84 61 69 3 73 78 31 1 17 39 99 24 13 66 12 8 29 25 57 88 29 91 63 77 62 32 45 17 35 75 51 86 80 15 17 12 62 68 98 56 20 72 54 4 37 32 88 16 60 3 12 31 63 68 85 19 10 65 88 25 81 97 66 39 83 77 25 37 19 31 50 7 73 63 41 35 21 58 9 76 13 93 41 18 12 38 55 49 66 52 2 29 25 81 42 20 48 90 23 91 76 36 29 78 89 12 41 70 9 16 8 25 80 41 90 72 15 85 22 97 8 99 38 12 97
19 37 1 24 76 20 87 50 72 91 82 92 78 95 32 63 38 83 76 90 37 71 52 57 56 61 72 49 7 28 14 84 86 35 23 36 68 24 32 55 42 77 79 67 77 79 49 37 54 87 26 42 16 25 85 45 48 55 99 71 69 7 16 92 32 48 13 21 16 84 72 35 34 22 96 30 11 53 14 98 20 42 20 71 69 60 91 80 6 81 40 43 86 80 78 94 40 46 88 66 78 52 1 66 43 20 70 43 98 82 46 70 62 52 44 20 50 24 61 78 45 27 66 73 95 80 13 87 49 26 40 78 79 1 81 70 15 65 58 94 27 91 97 31 54 44 54 93 36 56 84 72 77 1 17 8 6 8 56 54 29 59 78 49 44 28 25 68 82 47 19 22 29 68 67 70 67 90 96 13 2 20 92 22 17 3 17 64 84 54 46 28 32 90 25 11 17 15 5 90
73 47 60 5 17 93 98 86 31 56 40 11 71 31 29 72 56 70 67 1 97 43 31 69 67 28 31 11 35 84 8 81 42 86 16 49 71 79 56 39 49 26 25 44 41 87 73 75 26 34 22 8 3 84 23 39 33 56 70 36 11 93 1 85 31 84 80 15 69 72 84 65 92 39 55 22 38 53 92 86 51 14 82 26 84 91 78 25 89 95 55 43 20 23 19 56 38 26 2 12 66 10 50 83 27 85 35 15 28 17 54 65 79 96 22 82 13 38 34 13 55 44 18 14 52 23 98 23 11 46 98 85 58 60 41 87 34 79 77 7 41 60 1 32 70 79 90 24 89 63 50 40 53 52 30 40 58 4 43 60 47 68 21 59 8 40 56 31 66 47 48 83 85 6 52 19 31 74 69 57 5 53 52 70 83 59 5 5 92 52 53 19 5 64 7 92 11 2 9 1
