10 20 1777 0.60
21 21 66 58 4 22 28 94 99 44 94 21 61 97 37 83 6 31 74 44
34 34 42 27 61 15 76 76 49 41 43 3 98 70 88 72 79 54 28 41
7 7 26 56 13 34 32 23 36 87 36 52 60 7 7 48 85 46 89 87
76 76 77 26 58 10 98 19 85 48 78 88 26 95 24 55 90 79 60 48
70 70 30 12 57 39 82 23 58 11 58 66 41 68 5 31 5 16 54 11
57 57 40 54 97 74 53 53 24 19 86 11 36 54 79 3 56 51 92 19
27 27 60 88 72 91 22 93 84 96 13 8 82 43 37 67 11 49 9 96
95 95 75 25 28 28 51 69 4 61 5 18 90 57 38 80 4 6 4 61
56 56 74 91 49 48 10 58 96 83 64 15 99 84 18 86 14 76 25 83
95 95 67 8 30 4 79 42 71 66 91 84 26 70 98 62 3 76 15 66
