20 200 13101 24.80
7 78 56 32 91 92 61 98 59 83 13 60 1 76 18 40 45 39 52 68 11 6 73 6 48 14 16 18 96 94 63 42 31 14 43 70 60 67 16 49 51 11 30 32 86 73 59 64 5 71 74 24 38 35 23 16 89 56 57 9 14 6 77 16 94 49 71 43 42 7 20 54 89 9 75 57 97 39 34 96 91 85 13 63 54 95 93 29 63 22 32 46 2 79 70 35 25 25 4 42 65 20 91 70 47 11 86 48 31 69 40 57 10 46 67 79 73 35 97 65 17 66 40 46 65 18 35 68 56 18 38 90 8 56 5 7 82 15 3 14 37 75 27 3 46 13 90 38 18 59 9 7 67 91 71 78 69 54 53 40 97 95 5 20 28 64 70 90 23 36 75 85 31 93 24 8 49 4 12 70 90 42 91 55 51 86 69 90 1 39 23 34 90 86 94 68 82 94 73 68
58 45 76 81 95 64 23 33 46 70 82 51 76 32 90 14 60 68 91 10 73 29 27 30 59 94 64 39 42 3 79 44 67 94 96 72 49 43 86 83 47 32 25 17 58 15 63 33 37 57 97 41 67 23 87 2 3 83 43 91 66 80 22 93 29 60 38 70 94 20 45 40 86 95 30 51 17 26 10 77 14 50 24 20 82 7 71 69 11 87 86 18 42 52 68 91 97 57 84 72 5 3 8 60 76 36 7 91 60 10 10 22 93 62 63 82 24 47 56 92 78 68 47 26 98 6 9 18 34 70 16 30 84 61 59 61 90 89 83 73 79 96 57 89 47 25 19 74 2 65 9 25 26 67 15 27 7 21 71 5 74 63 26 48 66 36 68 18 23 16 45 12 5 79 14 55 66 89 93 1 50 32 98 66 74 41 98 86 34 67 66 95 36 45 80 60 73 84 17 10
75 65 59 90 79 68 66 5 99 33 96 21 21 32 48 88 30 51 46 97 3 87 24 65 10 37 97 36 83 63 36 25 84 16 50 53 5 61 75 45 76 45 73 61 40 86 26 34 47 3 8 34 34 52 35 50 14 32 26 24 89 52 61 37 57 14 89 33 38 22 26 91 28 43 66 55 85 55 55 24 82 25 65 65 4 26 12 45 93 4 38 24 58 83 8 93 74 56 96 70 9 89 71 93 75 8 56 54 14 17 81 12 16 64 91 26 67 97 9 45 70 55 50 46 51 47 22 49 90 43 17 30 56 63 75 73 99 29 48 17 57 54 20 76 66 76 83 39 85 32 39 93 86 86 66 75 74 97 91 65 51 26 79 35 2 16 8 74 65 99 34 69 58 25 52 5 66 91 34 2 12 89 23 67 5 10 22 86 9 96 19 13 59 64 98 49 95 97 59 97
71 53 99 89 85 86 70 92 23 17 76 85 1 22 46 7 39 99 27 96 68 60 25 76 96 10 97 71 57 55 62 31 38 45 37 64 49 91 44 63 77 52 56 20 55 41 20 5 21 1 91 88 63 44 21 75 96 69 93 89 59 58 51 90 68 41 35 94 63 72 10 84 99 4 76 21 87 91 12 74 34 91 62 51 8 40 58 21 90 72 3 75 11 15 65 66 48 95 98 84 55 64 64 38 51 27 31 63 71 44 12 38 87 36 5 69 73 8 68 27 38 74 9 16 55 10 66 57 31 25 59 84 25 26 77 85 22 31 85 16 77 29 55 6 90 58 73 71 84 84 67 38 35 82 83 63 21 2 17 58 56 71 41 94 5 71 65 12 45 28 37 79 63 80 26 21 77 62 46 70 16 9 4 67 64 64 79 93 72 5 61 4 48 47 19 69 60 28 26 96
50 89 78 54 33 80 33 65 51 18 93 95 79 79 7 58 60 83 37 46 95 74 52 57 66 75 7 55 50 41 70 69 24 6 75 86 87 15 21 96 28 75 21 53 15 58 57 70 83 97 11 59 6 24 6 40 89 99 27 39 12 62 4 72 23 2 64 44 4 9 67 20 88 4 68 60 83 60 22 15 24 95 24 73 10 98 81 4 51 86 47 15 89 84 9 67 38 6 68 58 92 14 59 28 5 86 53 40 19 57 11 52 59 93 3 98 50 68 52 23 27 94 27 9 90 94 60 67 33 21 19 21 10 87 1 6 32 56 37 90 49 42 94 66 77 24 8 85 69 93 25 12 49 73 8 39 64 69 36 74 19 81 29 53 46 95 9 63 7 69 9 10 25 30 53 14 3 94 2 89 9 20 23 50 54 64 60 49 5 64 9 3 61 30 87 64 4 69 10 46
97 57 40 99 25 47 50 21 83 55 19 63 29 89 30 27 40 87 44 77 62 60 20 63 78 77 24 11 55 58 37 99 45 80 49 20 69 85 18 3 27 91 35 91 14 92 63 35 37 52 28 55 46 62 3 62 87 21 15 14 9 39 25 81 63 42 70 8 32 41 49 36 47 35 75 58 60 82 77 71 67 19 56 89 60 1 12 96 2 54 21 79 48 18 44 6 59 27 19 89 38 23 50 97 37 46 5 15 3 44 99 52 9 36 42 88 91 26 56 61 9 47 47 53 43 2 89 71 38 21 12 10 17 8 72 7 90 40 90 98 64 90 76 93 41 45 5 22 33 59 36 71 10 7 43 94 32 11 66 58 17 60 80 46 3 52 44 56 94 8 56 45 87 77 7 57 19 54 5 68 80 39 14 3 53 86 6 98 48 67 73 58 87 95 52 40 18 10 10 77
73 91 9 97 14 91 20 45 79 26 16 13 97 30 20 72 70 4 90 20 92 34 32 13 77 91 74 70 68 43 12 60 69 80 46 38 50 61 74 23 83 10 56 99 59 15 94 84 87 33 60 53 75 94 80 6 59 28 33 99 77 87 15 63 59 40 66 63 41 45 7 62 52 24 96 95 66 64 55 46 90 45 82 31 74 79 17 11 5 14 73 6 70 34 51 22 31 53 58 48 10 8 32 27 17 46 59 99 35 21 29 20 34 34 5 31 33 41 46 27 97 87 7 64 92 30 48 44 42 2 16 53 98 89 54 63 18 73 7 58 66 96 7 49 27 16 62 43 16 85 60 97 39 49 44 88 81 17 19 40 33 57 64 14 35 23 51 10 27 32 69 76 74 24 94 69 8 92 19 47 65 94 48 86 82 4 64 51 19 15 44 34 60 82 72 43 46 35 79 20
97 91 77 43 59 69 81 34 52 32 2 77 98 34 94 25 30 43 30 26 97 81 87 6 59 91 36 82 80 62 37 80 98 39 24 39 56 92 82 22 25 44 61 50 39 60 65 31 61 41 53 53 83 28 91 48 95 56 52 70 43 82 50 94 57 51 78 15 55 31 50 17 33 82 98 16 17 90 73 90 36 15 70 15 83 19 58 34 44 49 65 59 66 18 7 81 29 61 76 82 32 81 10 54 61 5 96 66 2 33 72 62 56 23 6 78 13 12 70 81 95 11 5 46 62 16 74 59 95 58 51 50 67 40 24 22 10 3 29 72 74 96 69 16 76 17 73 30 80 33 12 3 18 49 95 69 17 47 33 24 21 7 87 4 46 28 7 28 90 65 77 32 58 49 86 86 38 61 59 51 75 97 87 28 48 6 17 23 19 20 24 12 97 76 10 90 11 52 80 26
42 39 30 88 98 31 35 6 60 28 33 81 36 81 55 15 39 22 67 60 39 91 74 42 39 62 67 98 68 82 76 73 99 56 4 71 73 21 43 68 10 9 39 34 59 92 42 30 45 93 68 89 70 70 86 93 2 27 65 19 46 76 58 16 93 54 12 70 62 49 9 65 46 28 65 33 38 20 89 7 97 55 73 31 78 74 60 36 43 62 50 32 93 62 23 12 59 67 75 53 62 66 6 17 52 96 92 23 6 75 93 4 28 36 59 2 27 99 13 30 59 7 26 98 81 97 69 31 12 37 6 44 46 14 76 22 93 44 7 46 56 35 85 67 19 38 84 34 93 96 94 21 25 97 31 66 7 17 4 24 55 86 94 86 92 30 23 53 91 26 75 33 16 38 30 6 88 52 36 49 4 32 19 34 54 99 3 75 99 54 76 61 93 61 95 93 17 62 37 60
50 78 83 21 40 94 27 77 60 63 99 36 22 67 72 78 83 40 38 5 46 50 53 57 48 6 1 32 74 74 5 81 57 91 85 8 22 31 41 71 2 29 71 89 66 10 75 25 9 30 8 49 16 71 83 75 75 49 94 67 4 34 82 33 85 23 62 16 53 36 96 93 60 96 50 35 16 15 93 49 11 54 26 71 25 23 46 60 21 50 14 27 70 63 54 58 15 10 68 47 36 86 27 20 5 44 19 63 70 16 35 19 3 17 15 38 33 44 28 79 22 60 91 41 32 23 10 87 56 38 60 39 14 15 60 98 57 90 18 97 7 31 56 88 95 33 50 91 38 95 30 32 73 33 8 81 42 22 52 91 96 79 62 57 97 1 54 86 18 9 42 4 25 98 79 98 73 75 47 18 81 24 80 13 50 26 94 92 24 5 31 36 71 5 52 9 33 30 9 5
7 87 84 66 32 56 35 43 69 75 17 92 89 47 90 93 43 46 26 33 26 81 94 96 39 24 8 69 45 44 90 89 22 32 44 6 2 51 3 9 7 62 30 71 65 47 35 50 54 45 37 25 26 55 18 30 66 38 51 25 22 71 50 91 2 94 13 63 53 13 29 48 18 80 49 85 22 45 45 3 62 66 27 59 38 90 35 29 79 60 79 20 59 13 42 9 5 29 15 36 80 48 1 80 28 95 27 99 29 68 10 59 46 41 58 85 20 60 55 14 31 47 56 10 89 37 33 51 88 21 47 4 1 35 40 96 87 94 82 48 54 65 26 62 83 36 62 32 18 3 49 58 92 29 26 35 65 73 28 98 74 85 82 27 32 12 42 36 10 75 91 60 72 71 9 52 54 9 67 14 18 63 67 4 71 13 52 65 39 38 77 63 51 93 81 78 62 95 37 33
28 62 4 20 88 21 81 66 13 92 46 33 81 65 94 19 70 27 47 34 67 10 48 95 95 32 78 18 23 80 98 59 86 84 2 86 19 7 78 92 80 6 23 16 41 12 86 15 62 57 21 89 37 49 11 82 91 62 62 22 85 24 38 39 54 14 13 63 77 64 57 63 53 89 55 83 60 1 38 35 70 62 28 67 47 76 12 19 90 35 43 70 85 98 2 1 72 24 76 69 93 31 71 63 95 94 1 53 3 62 71 18 19 54 25 52 16 98 28 38 44 77 64 74 66 8 52 18 81 59 58 63 5 54 8 55 74 76 33 95 49 64 97 79 3 72 32 27 29 70 30 42 44 10 94 45 61 81 7 44 75 85 53 97 96 71 2 87 32 46 49 87 52 38 16 63 35 9 55 18 15 50 69 4 9 42 74 39 76 33 15 69 13 23 19 73 54 56 89 34
93 54 82 86 84 52 84 75 6 40 88 55 34 33 61 95 7 77 66 38 33 26 36 24 75 99 20 93 25 82 3 45 4 39 32 78 44 48 10 95 65 50 30 41 32 33 5 57 44 67 63 27 89 45 20 26 76 35 92 20 37 18 30 85 56 56 21 37 19 97 60 25 59 46 20 34 16 8 7 26 68 48 37 4 73 11 56 47 33 29 75 35 52 55 59 31 27 23 45 15 46 71 69 19 28 43 20 35 41 43 21 61 20 47 76 3 61 78 86 1 60 34 57 92 70 73 26 42 53 11 23 31 37 22 89 67 62 74 72 39 69 57 65 23 85 87 24 63 36 75 22 9 1 97 24 93 40 64 9 66 85 27 40 67 24 88 59 5 52 67 74 26 64 17 47 35 28 88 43 38 52 3 96 24 60 84 70 63 58 65 27 76 30 40 54 75 15 51 38 38
47 42 8 11 17 29 57 97 30 71 65 43 89 59 70 92 65 9 10 43 57 31 26 28 8 13 92 17 56 45 98 69 37 22 8 15 27 83 46 27 88 79 93 41 69 11 28 51 67 69 33 68 1 16 82 7 80 43 35 11 13 83 94 47 51 68 99 98 86 79 94 13 20 85 40 78 1 13 83 48 43 76 47 63 30 86 21 66 27 72 5 75 32 86 46 95 66 52 30 23 86 96 11 14 23 45 33 20 30 45 85 39 62 15 34 62 40 84 21 41 50 94 68 41 95 73 45 66 61 27 86 57 9 69 71 49 14 34 9 51 71 50 80 91 43 21 81 90 26 51 3 63 93 71 55 37 49 87 40 1 41 53 3 4 29 47 46 17 82 35 46 86 47 63 99 8 9 38 71 34 81 71 62 36 52 90 21 35 33 45 76 2 33 75 34 89 51 20 96 43
98 17 80 71 99 5 86 99 66 39 11 20 78 36 14 66 99 71 20 83 52 72 98 29 50 95 43 90 18 40 58 80 49 78 88 52 57 44 95 78 95 80 27 57 41 82 10 99 19 34 94 2 99 27 27 50 33 23 26 45 73 28 3 26 99 51 24 98 41 95 46 37 96 24 39 2 45 1 78 93 55 56 51 29 35 77 57 15 13 23 23 28 49 86 64 14 21 23 53 64 73 31 62 90 37 46 75 63 9 72 15 14 17 16 45 64 81 83 55 85 73 3 70 11 86 81 67 57 91 36 23 35 32 9 82 92 7 68 82 8 34 88 31 35 77 56 47 67 37 2 73 95 26 75 26 41 94 58 78 48 55 72 46 59 67 62 64 64 61 8 41 14 19 93 81 84 73 41 24 20 35 60 65 45 67 86 52 77 95 54 11 92 41 62 50 47 59 77 10 83
91 76 85 39 42 61 29 59 94 71 1 27 12 90 98 76 94 98 98 89 66 94 42 90 50 51 79 80 92 40 70 2 58 45 58 82 71 79 59 9 4 6 78 43 44 87 39 27 76 35 51 21 11 59 70 56 30 86 50 97 68 7 90 70 41 40 40 87 81 51 79 88 87 38 26 83 52 60 6 73 43 8 26 87 26 78 2 6 93 9 85 38 66 81 44 33 34 69 23 34 41 11 82 2 89 52 93 62 77 86 7 34 56 20 73 51 35 31 53 9 94 33 63 14 33 91 70 64 5 57 77 74 12 75 30 60 57 31 70 82 20 19 34 38 47 29 24 29 12 63 41 73 47 16 68 80 74 87 73 64 35 76 21 13 40 84 44 16 40 89 4 53 69 55 10 68 72 40 51 54 65 61 22 51 72 35 63 16 52 70 17 79 22 13 52 78 31 46 84 89
28 70 60 68 82 62 99 89 78 30 89 12 50 97 84 32 82 98 66 6 6 1 93 96 56 82 85 36 3 49 44 4 8 27 94 53 83 15 11 30 43 15 76 62 71 9 62 29 20 42 39 5 14 55 23 54 51 26 54 37 39 66 12 11 25 23 57 16 81 28 77 8 14 13 1 12 53 59 36 60 24 42 40 47 35 23 87 13 39 5 54 14 56 72 92 42 14 77 43 43 29 82 58 70 42 38 9 7 46 62 79 34 24 5 1 53 70 42 69 97 39 61 7 20 35 39 97 38 22 85 16 58 57 56 48 92 93 43 2 80 19 91 45 62 41 9 55 43 16 74 86 42 68 18 97 93 93 17 81 8 59 45 66 20 70 20 92 53 6 19 52 81 20 52 85 7 41 17 38 41 79 62 59 90 71 7 2 70 33 35 50 34 4 26 55 39 70 43 98 6
68 91 56 53 88 99 4 54 41 16 41 94 79 73 2 66 38 16 50 90 41 65 23 24 91 26 40 60 22 13 16 50 34 85 51 33 94 49 58 62 36 94 84 42 42 88 38 80 42 5 43 57 8 54 37 65 45 80 19 5 10 42 49 84 22 11 61 10 63 24 56 11 42 57 65 22 24 8 32 95 84 90 44 5 26 1 85 58 12 56 14 5 83 10 26 30 53 90 87 83 87 33 22 94 47 7 47 19 95 16 10 78 60 2 96 41 15 35 3 48 95 1 44 7 47 88 88 94 29 25 44 50 25 29 20 43 98 16 38 46 19 16 85 73 33 76 32 18 3 65 59 17 54 99 64 42 71 24 73 9 68 14 44 63 22 73 26 82 72 99 81 89 38 98 30 59 18 34 18 33 82 38 1 7 14 90 15 46 52 13 42 84 71 49 86 26 10 61 50 90
99 71 53 83 20 36 17 44 84 87 64 18 46 10 93 83 85 12 72 9 68 63 37 22 30 91 45 25 20 26 40 59 70 76 88 60 84 11 78 82 65 76 53 58 89 28 63 35 98 88 76 22 41 36 27 93 65 40 17 57 76 74 98 29 51 65 6 37 62 50 4 75 57 61 41 76 54 57 5 88 19 45 14 23 87 36 50 65 52 53 46 91 98 3 19 39 37 37 8 34 80 7 36 42 79 71 70 3 51 2 77 40 46 98 32 89 82 29 13 37 80 56 60 2 78 44 72 42 55 79 33 82 49 87 66 25 94 51 64 35 84 80 81 21 94 70 7 5 69 13 39 31 45 30 56 43 23 18 62 3 64 31 94 65 17 96 19 7 93 57 71 90 51 33 64 40 70 13 20 8 7 58 26 87 35 29 94 93 39 39 44 78 3 37 38 49 30 56 42 9
37 10 46 47 53 54 93 37 85 34 63 42 37 47 14 82 34 76 97 84 9 72 84 11 9 19 18 64 42 89 45 98 14 49 46 57 37 70 10 5 95 52 45 41 43 60 10 96 99 80 44 62 51 81 44 69 21 65 65 18 18 74 9 79 30 26 40 34 64 91 17 34 49 31 52 3 34 90 27 59 38 16 81 92 13 24 28 99 63 51 56 12 52 5 36 32 43 35 64 29 1 40 13 38 11 62 50 20 32 36 57 68 80 45 28 70 81 91 97 94 86 71 6 94 36 24 98 80 86 66 86 32 24 51 13 16 82 29 33 69 71 24 30 78 59 15 65 63 54 77 33 86 30 28 12 16 67 4 50 6 48 93 58 13 74 68 36 45 20 13 53 81 98 95 91 31 16 78 23 84 90 42 57 47 78 4 32 47 1 6 59 14 80 64 13 85 98 47 48 84
