20 500 29185 140.37
73 69 91 66 63 46 72 90 48 28 51 68 32 45 7 87 92 64 96 70 29 97 30 12 67 12 72 48 68 81 24 98 89 85 43 60 50 83 80 31 20 36 94 90 99 54 17 63 80 80 84 97 8 37 11 30 22 28 34 9 76 14 79 45 42 25 53 94 3 15 4 53 53 64 51 38 30 97 66 40 23 59 37 47 55 33 75 70 99 94 1 53 21 27 8 54 24 70 96 77 18 38 66 75 20 83 29 19 43 28 35 35 68 85 16 70 85 83 23 45 77 5 20 52 69 38 33 11 4 35 68 75 4 99 96 80 80 15 53 31 49 36 33 22 3 35 59 59 87 2 41 21 90 15 76 41 24 33 49 12 72 67 84 25 33 33 27 2 52 48 8 43 19 24 63 83 75 26 29 63 56 9 92 45 35 67 47 53 27 8 99 92 17 4 98 18 34 52 52 33 43 69 82 66 95 20 85 16 80 79 29 37 41 99 31 98 44 85 71 12 48 34 43 6 70 67 57 64 76 26 67 14 50 4 49 35 4 57 63 20 55 80 4 26 47 23 10 2 86 58 10 78 76 45 66 24 12 10 99 34 24 67 70 92 35 88 81 76 67 94 65 64 27 11 70 69 63 62 74 37 48 93 61 51 93 67 71 20 14 80 85 96 19 96 93 44 76 19 54 67 68 79 9 29 77 82 80 19 81 24 88 4 83 42 45 17 21 23 80 72 45 20 4 80 19 25 1 23 69 47 52 28 77 87 94 66 8 64 57 26 6 35 73 89 24 97 28 56 72 16 5 38 6 42 15 95 13 38 82 2 84 34 25 50 21 19 9 19 78 79 73 78 77 42 41 4 11 16 91 14 95 99 8 18 31 65 47 18 70 69 99 12 37 13 11 52 17 62 42 91 72 20 76 48 67 36 92 66 33 94 5 96 46 5 82 53 58 99 87 74 79 46 67 1 24 19 17 20 83 4 37 91 68 73 2 33 19 2 39 23 55 84 52 81 4 63 66 33 94 51 39 19 85 97 7 95 63 87 73 11 19 75 22 22 30 3 44 58 24 9 7 15 26 67 15 37 78 95 51 47 69 93 88 31 87 15 53 77 56 5 4 86 55 71 79 98 18 59 72 70
83 74 13 96 84 32 91 89 41 42 70 11 31 84 44 64 51 94 50 36 32 80 33 90 61 41 5 27 79 73 83 45 3 1 45 77 76 26 84 85 12 4 63 91 93 99 66 67 10 86 98 93 57 98 74 78 94 19 67 31 76 42 72 69 1 64 35 3 13 63 56 47 24 42 5 35 84 41 15 81 9 82 34 13 97 15 50 5 13 47 82 80 19 48 33 10 38 10 62 8 37 9 84 52 7 88 67 12 84 56 45 75 89 90 63 58 75 20 40 2 47 16 89 43 50 76 86 7 26 85 58 56 81 2 51 49 75 46 48 87 57 66 35 80 67 3 12 52 39 32 19 46 32 26 90 30 93 61 13 50 78 64 53 26 71 23 83 8 50 44 6 37 63 93 37 68 51 8 50 54 39 7 82 99 19 94 7 19 38 3 65 16 1 63 87 11 42 71 84 82 80 91 46 48 31 14 87 22 33 3 37 94 63 2 54 57 51 29 10 91 34 94 5 86 2 16 30 26 47 99 4 81 41 24 5 5 57 14 33 66 52 70 25 16 71 79 53 21 80 36 39 33 99 89 98 46 65 90 66 93 31 43 77 17 81 96 79 75 24 74 7 63 95 46 17 81 71 9 26 20 48 39 68 41 43 40 28 51 82 56 2 53 22 10 71 59 30 69 26 67 44 26 37 75 12 65 15 64 95 55 57 63 18 83 47 26 16 74 82 36 26 39 53 57 17 58 94 45 10 35 41 8 84 33 71 32 45 27 83 16 21 38 37 62 37 90 79 3 65 99 92 56 61 29 29 70 3 44 21 59 86 59 43 2 68 7 61 46 44 14 4 83 8 56 32 50 81 96 70 63 12 91 72 76 83 66 68 87 33 36 98 8 64 57 23 7 41 19 56 76 24 63 58 35 11 39 72 27 19 86 51 51 2 55 74 33 46 73 7 52 49 42 78 85 20 94 82 72 24 28 44 81 44 69 24 51 7 21 46 22 42 62 75 81 20 72 43 99 73 46 45 38 87 30 33 35 75 38 74 90 76 71 20 67 59 27 54 44 86 66 29 63 34 78 34 7 59 46 68 34 10 11 2 61 50 92 91 49 80 74 58 62 48 47 12 34 29 33 72 36
32 43 20 58 94 59 94 57 24 88 69 76 87 27 18 33 90 19 93 73 99 51 69 78 18 48 57 17 54 90 89 81 28 84 46 96 31 84 46 8 82 25 7 70 62 56 50 77 70 75 31 35 89 23 99 38 65 16 34 80 88 93 3 85 71 14 12 6 46 51 85 92 31 95 46 38 35 43 99 75 18 87 75 92 68 65 65 9 99 84 54 70 7 99 20 57 15 18 33 64 63 29 4 26 73 68 58 51 12 7 46 98 58 41 13 37 19 4 61 73 26 58 40 65 74 42 69 29 71 75 73 19 56 28 58 11 63 30 17 71 16 83 11 95 30 49 72 26 36 36 1 54 4 81 58 51 60 96 20 53 19 35 14 41 25 23 82 40 20 58 74 62 43 57 54 42 94 21 93 16 90 52 12 10 30 15 39 2 28 27 32 66 75 72 91 80 15 20 3 58 3 68 91 30 52 40 29 13 44 18 32 73 68 81 94 77 27 80 7 41 58 31 95 3 37 18 9 62 98 99 86 23 26 58 15 7 75 49 1 56 73 13 96 62 24 17 30 67 73 34 13 38 61 23 43 74 54 68 64 78 32 63 52 67 8 49 65 65 83 86 89 79 60 16 67 78 64 78 5 92 38 74 49 94 84 73 1 34 18 55 18 3 75 16 36 63 10 58 63 74 2 3 1 61 39 45 75 83 46 30 72 56 30 74 32 42 1 49 92 37 81 3 92 11 21 47 23 55 39 35 66 97 76 37 84 18 54 63 12 82 25 94 73 49 41 34 3 35 25 76 55 41 91 53 27 37 37 87 47 65 86 22 95 3 93 8 99 66 59 82 93 36 7 44 91 16 74 1 51 51 5 47 5 10 30 66 89 34 24 60 22 69 77 72 30 29 99 79 36 45 9 52 94 83 34 50 71 22 90 13 94 8 13 36 30 76 96 1 94 81 47 39 71 44 78 65 43 77 93 31 60 93 98 92 53 13 4 67 84 9 8 28 35 68 92 27 19 5 76 67 4 44 41 5 66 30 71 67 25 98 85 75 7 24 81 22 83 12 49 55 2 33 66 77 88 43 26 99 31 18 72 55 1 53 95 67 61 57 7 10 40 23 20 63 84 53 97 54 46 73
82 84 40 99 59 83 92 37 87 43 37 79 79 34 91 29 38 78 77 60 76 53 82 68 86 54 76 55 26 64 49 57 14 90 72 95 33 63 57 35 93 68 34 2 94 39 83 64 38 37 40 52 63 8 12 75 25 95 75 54 9 63 95 18 20 45 62 1 73 28 43 31 72 85 53 84 42 91 51 81 16 5 27 15 21 73 27 41 99 17 38 79 75 16 74 73 42 63 70 37 17 71 49 14 26 54 17 82 26 66 65 43 98 55 9 61 75 71 54 10 81 71 1 25 5 98 48 5 32 97 57 26 4 58 51 69 51 72 61 4 8 11 95 74 33 25 68 64 98 86 48 64 33 38 92 66 50 34 16 91 48 65 31 9 48 97 24 78 67 10 50 10 97 73 75 77 52 3 2 41 18 55 55 27 52 29 65 76 20 81 80 30 36 2 25 89 53 15 15 65 93 81 98 50 98 24 48 82 2 30 56 97 81 40 49 44 58 66 37 12 27 48 71 78 59 12 32 58 19 40 89 15 92 83 42 4 45 47 56 39 81 7 25 95 49 16 20 26 8 88 21 47 43 58 81 59 33 99 69 40 12 89 48 35 59 86 85 90 17 8 76 43 39 14 87 90 11 54 69 54 35 74 30 41 12 30 43 66 64 26 99 90 8 17 14 61 73 70 10 55 23 15 77 88 60 16 62 69 16 34 70 45 85 69 82 71 54 94 42 98 85 22 3 52 83 81 51 41 87 26 7 3 32 41 1 72 90 22 40 33 45 79 40 50 37 90 59 82 82 56 23 88 51 83 83 20 74 26 13 6 86 84 15 91 93 41 19 36 1 48 24 34 89 29 4 1 33 46 47 9 20 4 13 85 71 92 6 52 57 12 13 36 47 81 41 34 91 71 98 90 69 83 23 10 80 42 19 20 42 73 81 64 59 84 44 15 14 33 96 46 63 37 33 58 17 87 26 83 84 66 35 79 99 26 94 66 92 26 63 94 1 70 54 62 40 88 15 13 52 32 21 88 55 11 44 77 18 61 52 1 29 78 92 93 61 31 70 58 80 43 44 84 11 30 18 92 46 20 45 49 2 23 14 8 29 3 65 18 85 16 7 65 58 9 98 45 60 65 98 60
86 10 66 8 74 63 59 84 83 94 60 78 38 39 76 46 30 87 7 96 25 65 90 92 52 84 59 80 57 89 95 38 77 93 86 76 36 41 65 31 99 60 69 74 53 40 82 17 91 25 28 62 62 60 35 81 11 70 85 61 24 44 58 84 43 2 91 49 37 79 66 11 75 20 78 43 58 98 52 51 76 24 86 99 42 21 18 44 2 16 56 92 14 49 97 9 32 46 11 64 78 38 66 83 82 39 30 26 87 2 3 1 55 37 39 47 39 54 51 72 59 30 63 31 69 24 49 16 45 9 90 85 88 37 58 31 82 26 27 21 7 32 53 4 29 45 88 58 28 65 80 34 33 46 47 56 91 85 94 27 55 56 21 97 29 63 57 93 34 62 27 40 78 20 37 45 53 79 91 44 85 23 82 92 5 1 44 15 50 54 85 54 96 31 97 54 20 54 5 94 72 54 1 42 75 99 34 93 57 51 33 4 55 22 41 64 12 18 24 46 79 34 98 45 66 68 17 48 22 76 43 88 70 81 41 91 3 75 49 9 8 91 34 15 69 51 28 57 92 19 20 74 92 23 79 68 66 42 67 61 5 7 71 67 39 42 56 56 24 48 23 34 91 24 19 19 94 26 99 80 93 74 28 59 89 36 21 22 54 14 3 4 96 12 68 1 47 92 21 64 28 10 76 26 6 54 65 77 79 71 46 22 76 80 98 34 4 69 28 79 77 17 36 71 92 54 17 48 2 16 7 45 97 30 17 64 16 71 80 37 46 42 48 2 52 99 51 9 24 63 16 26 96 51 87 24 42 65 96 20 12 82 37 24 23 28 29 19 51 73 68 56 34 75 12 89 21 76 76 41 43 77 42 54 68 24 12 35 97 43 92 99 26 73 75 30 67 46 39 22 40 89 34 18 29 30 67 57 94 59 92 27 96 40 54 28 25 40 46 72 9 87 34 32 96 31 75 90 75 59 15 84 58 1 21 5 14 57 25 24 47 27 30 25 24 1 50 93 79 31 32 81 7 73 54 23 95 73 72 87 37 99 66 73 41 71 83 65 65 3 20 58 91 56 22 16 4 31 93 37 64 50 85 4 91 38 54 60 5 99 28 34 67 69 26 63 26 6 24 96
97 94 74 24 75 87 57 58 92 68 92 99 33 89 95 10 13 18 96 94 62 67 54 64 96 58 23 77 55 83 17 37 73 22 8 8 22 82 1 68 45 12 39 58 52 34 71 77 4 26 43 36 58 48 83 49 52 17 91 71 3 49 38 68 16 60 43 71 19 88 55 76 28 12 26 57 93 55 98 50 57 53 29 73 81 75 68 75 87 46 72 53 46 54 26 31 6 25 55 61 12 63 12 67 94 10 16 71 94 39 57 87 49 34 83 67 6 42 16 88 10 18 91 30 39 38 45 70 45 28 33 24 1 94 11 44 8 80 11 19 53 96 28 44 4 84 56 65 6 21 25 33 49 12 66 11 34 87 40 58 26 18 54 98 41 38 99 86 51 19 84 27 10 95 29 63 22 68 69 51 15 2 42 18 73 6 30 43 16 38 64 20 90 64 33 67 29 12 79 23 38 7 89 36 96 52 14 96 8 40 27 18 48 77 31 85 94 16 66 80 11 43 10 92 27 64 55 81 90 38 72 21 10 19 7 25 50 50 82 58 69 88 43 71 81 55 40 19 46 52 9 72 19 36 77 64 75 28 99 6 42 23 10 57 45 56 67 50 23 53 10 13 55 91 47 4 74 99 96 24 72 69 72 33 20 12 9 73 31 48 88 74 90 55 42 38 72 11 97 49 25 11 23 82 46 3 97 88 37 3 50 47 78 66 28 79 37 76 49 20 1 22 22 34 32 45 77 27 3 26 13 50 2 33 31 24 33 68 40 86 54 48 13 39 59 41 15 37 95 8 34 55 51 9 97 6 30 68 51 10 56 50 81 63 11 7 60 84 27 15 8 98 85 14 64 43 96 2 28 25 97 31 63 40 3 7 54 4 91 70 94 43 39 61 64 17 38 60 69 54 91 30 64 9 77 39 5 3 31 66 13 98 9 20 43 43 55 69 89 82 68 19 1 96 97 54 9 85 34 40 3 13 62 99 34 52 40 19 99 38 60 72 82 80 92 21 16 5 27 12 91 85 93 7 30 9 1 52 2 15 94 99 2 7 40 5 80 28 63 77 26 17 39 66 13 85 33 74 36 21 62 25 39 19 11 6 86 75 83 80 45 58 3 28 33 70 80 1 89 94
95 34 84 51 36 59 64 72 44 14 24 32 96 33 27 83 81 98 15 3 66 76 56 66 37 21 81 42 64 33 68 98 5 53 43 94 74 40 29 85 61 86 98 85 7 98 74 2 68 91 68 5 40 36 32 79 99 38 91 98 62 21 65 64 37 51 94 61 79 15 18 81 13 38 81 11 84 26 55 53 79 7 42 48 35 32 14 53 36 66 81 21 76 35 79 35 82 13 9 74 90 43 35 42 82 65 96 8 88 9 77 19 35 88 38 19 56 42 15 60 50 42 81 63 10 95 32 27 42 55 4 21 98 63 12 80 62 72 61 38 89 11 92 24 43 87 78 84 59 58 32 94 99 91 22 41 52 24 20 66 7 6 17 70 25 49 90 54 35 83 59 17 58 4 61 26 36 93 62 47 35 71 86 8 16 14 73 16 66 38 54 29 79 12 16 72 43 47 3 78 7 8 66 55 30 98 14 54 13 14 29 35 19 20 86 43 62 74 10 50 91 1 53 83 75 23 24 24 39 30 32 82 45 21 73 24 10 29 69 62 74 22 24 71 65 66 1 31 1 31 31 18 68 88 97 12 42 7 69 46 1 49 42 64 93 31 91 68 49 72 47 69 36 7 21 52 94 3 92 83 56 69 10 54 92 35 13 4 15 77 73 57 98 57 29 11 82 62 45 97 78 86 2 32 98 18 32 24 96 38 38 35 32 6 46 60 2 70 6 47 98 81 87 34 38 56 37 98 81 65 82 50 12 58 97 32 82 19 76 88 22 92 84 71 88 79 81 4 65 7 84 69 20 33 20 69 64 77 55 33 71 11 78 89 9 42 75 8 22 47 92 54 21 65 25 57 98 9 20 41 96 15 62 88 64 71 13 81 39 76 81 15 90 19 45 87 61 86 80 13 71 10 36 71 5 38 61 2 50 74 23 11 97 41 1 96 84 21 99 7 65 57 95 97 64 67 64 5 8 73 84 38 12 14 50 30 97 31 34 69 66 55 26 15 56 98 21 35 11 52 20 73 58 42 18 9 80 33 49 44 3 3 42 50 21 99 98 96 78 40 73 23 17 46 33 58 61 80 81 44 70 74 85 58 51 45 67 34 34 59 80 52 88 31 73 30 33 25 27 3
97 39 98 85 83 96 18 86 93 98 40 91 87 67 43 74 99 70 56 95 12 26 46 13 94 55 89 42 20 84 73 47 53 56 51 71 30 65 76 61 80 87 80 2 87 2 23 49 41 4 82 54 74 94 91 19 45 79 25 56 30 60 19 51 86 85 62 63 83 66 28 12 47 87 25 75 31 99 68 64 77 91 56 13 78 98 5 28 78 79 69 12 25 43 28 22 93 97 66 16 75 71 91 39 76 89 69 30 47 21 24 72 46 9 43 72 76 36 90 29 70 62 13 82 45 47 39 77 55 66 13 2 94 61 86 69 30 79 11 23 44 20 90 66 79 32 34 29 45 91 52 67 83 67 42 35 37 73 84 44 33 10 92 77 1 65 83 14 21 50 54 63 65 18 93 76 28 42 46 90 28 74 77 41 18 30 47 86 71 17 27 38 32 57 6 64 3 94 91 23 13 14 62 39 62 53 66 72 95 68 79 3 36 54 26 93 90 10 56 70 17 81 85 89 25 57 91 19 42 58 39 57 23 38 56 37 35 97 67 11 38 37 25 86 11 35 45 35 76 49 54 27 49 32 99 45 33 75 69 48 57 41 59 35 87 16 55 43 67 47 39 1 41 78 24 45 68 88 83 96 52 15 86 44 72 89 1 36 4 72 21 14 1 11 34 16 93 87 26 34 44 41 72 67 91 11 58 94 9 23 42 30 3 99 89 4 10 67 53 50 9 55 3 54 15 22 93 48 19 33 25 45 57 41 58 90 25 61 69 14 41 53 85 14 44 49 81 63 77 86 58 22 59 10 71 13 17 35 55 37 32 52 9 61 27 7 23 85 82 68 68 55 74 8 93 77 5 22 23 1 96 10 32 56 27 99 83 81 92 27 4 94 7 21 11 1 68 98 70 95 80 20 50 84 57 11 25 28 77 28 3 79 37 33 47 24 53 46 16 99 67 43 29 29 54 76 19 17 22 71 76 16 11 22 87 95 43 35 14 63 30 78 65 16 81 15 87 30 41 3 74 62 5 8 73 86 52 2 36 79 38 99 9 7 99 18 72 13 90 59 76 75 43 46 12 42 98 46 5 28 74 96 50 46 27 27 65 1 97 13 65 35 51 22 34 37 47 76 84 95
99 38 48 81 71 80 79 16 57 53 59 12 72 52 16 39 67 11 98 7 44 36 34 89 73 3 84 72 53 39 86 22 16 41 28 78 70 79 9 8 83 84 85 42 36 31 91 97 50 82 24 22 61 70 16 21 41 93 66 56 15 7 46 78 99 79 71 84 70 59 36 98 3 75 42 30 89 1 48 12 30 26 86 10 71 77 75 18 79 59 89 13 95 20 74 8 29 62 59 43 63 87 4 77 12 6 80 38 28 7 73 8 71 7 48 29 43 33 73 67 65 88 42 75 60 37 53 85 99 57 19 17 65 35 13 53 25 81 61 87 13 47 41 56 50 41 55 15 7 65 38 64 33 32 91 9 82 33 93 41 74 46 36 23 9 44 7 60 38 3 16 43 4 67 49 25 90 34 59 39 10 54 92 82 8 58 19 92 71 85 76 43 33 40 56 31 8 87 96 2 13 83 92 53 28 11 58 60 7 42 90 54 79 66 51 93 72 20 59 66 32 24 73 25 21 13 38 27 48 89 9 11 76 60 65 63 50 32 17 69 76 27 66 58 52 77 29 2 77 58 9 26 65 70 92 31 71 83 58 63 45 32 25 68 7 97 43 89 59 84 92 19 71 27 25 42 36 21 94 82 28 78 49 84 9 19 70 96 12 83 55 5 20 51 50 47 75 7 28 41 1 83 17 81 35 96 93 72 10 68 40 47 96 19 60 72 23 14 22 85 84 12 87 32 50 45 28 85 97 30 12 48 38 77 13 79 46 95 63 17 87 39 85 39 24 6 5 90 50 81 64 17 63 60 84 43 19 37 10 3 50 31 60 58 32 64 17 40 54 48 60 6 92 67 47 39 71 60 23 9 7 19 78 14 61 13 70 86 33 31 43 40 31 92 61 59 15 53 61 20 78 74 38 95 4 37 78 23 23 48 69 31 96 80 72 85 21 45 35 6 49 51 74 40 52 67 39 30 46 40 22 32 11 18 86 8 62 2 29 9 17 61 10 47 25 49 19 67 18 8 77 95 97 36 16 25 26 29 94 96 43 69 57 11 95 45 21 70 16 25 52 22 71 20 12 96 40 61 78 65 49 14 37 13 6 31 56 57 9 40 85 71 87 57 27 76 70 19 96 7
11 80 76 90 38 95 44 45 97 49 30 53 57 86 85 94 99 74 40 76 32 98 23 33 35 47 26 82 51 42 2 22 42 51 91 60 7 89 73 96 71 36 20 2 27 76 81 26 73 56 94 66 52 53 14 12 65 69 43 27 41 49 99 81 86 56 50 81 54 79 51 40 67 69 99 1 30 42 54 98 74 32 65 29 3 87 83 37 26 24 15 51 54 49 8 55 66 35 30 85 54 98 35 97 62 20 34 5 54 23 90 9 40 5 53 32 95 50 23 80 40 3 72 47 31 42 73 57 64 1 32 99 23 85 49 71 22 53 23 74 81 89 64 41 64 20 68 29 54 32 35 77 28 1 64 45 63 65 40 55 29 38 70 88 11 41 63 83 33 69 75 19 40 89 16 27 25 98 99 36 45 7 89 56 63 26 21 62 50 24 34 32 63 14 85 84 86 70 71 97 93 9 82 47 6 96 88 35 85 33 62 10 39 26 67 91 14 74 68 52 30 29 15 97 53 46 6 85 69 44 94 35 61 7 50 81 54 27 45 91 59 96 50 10 86 11 24 5 22 78 87 86 94 11 85 19 21 56 82 40 81 40 2 15 56 41 21 26 63 81 90 73 42 70 71 96 77 38 48 26 8 15 47 53 12 34 43 22 9 7 6 15 57 51 59 38 92 49 20 96 57 13 70 13 2 84 42 34 69 30 97 4 33 59 50 25 52 17 64 85 48 12 2 91 40 42 36 69 47 34 15 59 29 93 6 79 70 45 68 38 93 7 44 28 23 32 58 73 8 29 17 47 33 14 85 69 64 25 16 16 93 88 45 33 58 35 68 82 42 21 25 7 2 77 3 29 34 58 2 10 3 31 31 34 10 83 62 83 11 47 8 76 48 69 2 38 7 84 95 26 64 80 78 97 87 88 63 11 67 43 98 16 3 67 34 39 97 27 76 19 39 31 62 6 53 5 38 99 91 96 78 35 59 15 44 91 3 5 24 12 99 66 16 93 98 94 54 92 65 7 15 16 44 42 92 47 96 58 13 87 99 18 17 82 68 1 70 69 13 88 58 26 87 89 29 44 25 62 57 73 70 9 22 74 54 51 86 78 69 23 28 24 26 18 96 32 91 50 97 76
1 94 97 72 77 56 13 48 76 98 70 58 28 99 21 89 94 50 15 79 14 67 63 75 70 59 68 83 40 64 32 56 70 56 1 10 98 7 46 82 38 92 76 71 74 25 97 9 93 29 52 12 88 89 40 51 72 70 8 66 15 76 85 27 56 28 11 81 77 98 5 15 56 92 77 76 97 97 49 34 77 99 58 89 31 14 53 48 45 71 62 92 78 79 44 24 53 51 44 56 53 36 54 46 35 32 54 20 77 82 67 36 14 98 84 13 38 55 44 89 10 87 50 80 67 63 5 33 5 28 66 99 46 65 46 10 52 24 35 23 63 88 3 80 62 48 37 78 35 67 88 65 42 41 20 49 49 83 75 65 1 20 99 84 45 3 81 7 76 9 77 67 3 36 82 51 29 92 32 17 15 80 90 61 54 35 18 33 92 23 72 34 24 35 22 40 13 11 61 40 38 21 94 26 14 24 44 16 51 39 22 74 17 49 71 86 39 49 55 22 26 55 45 46 94 77 81 59 53 55 52 67 46 49 45 59 50 71 24 18 6 46 96 62 7 63 86 43 65 80 47 43 11 53 4 76 51 41 11 94 55 50 22 70 80 41 5 10 66 74 92 5 48 7 21 32 95 43 75 43 62 43 25 71 60 9 77 46 96 17 14 11 92 38 59 14 45 20 18 62 18 27 39 61 25 90 68 72 65 91 47 18 1 71 29 36 48 59 84 42 62 66 46 3 26 66 86 54 5 75 90 81 49 63 8 65 37 52 17 89 23 71 12 22 87 34 4 40 89 61 94 57 13 60 1 36 59 1 12 29 67 15 2 51 4 32 94 48 39 1 38 91 7 11 96 38 50 64 98 66 81 75 13 23 75 70 87 43 28 7 54 79 27 16 45 75 82 82 35 1 57 91 49 67 96 2 5 27 29 63 57 36 24 86 73 91 97 65 46 23 42 2 99 21 86 42 91 94 96 79 38 55 78 83 55 80 9 43 15 33 20 54 84 11 91 53 53 19 62 4 44 41 33 30 91 55 67 39 20 18 80 89 91 15 69 12 8 66 30 65 48 57 97 4 4 50 98 27 96 5 44 84 6 81 49 84 41 86 7 74 57 15 41 22 46 75 20 32 60 79
96 83 98 47 23 99 56 95 71 66 61 93 72 99 95 7 13 97 54 27 73 6 81 81 57 67 68 44 38 33 71 52 3 65 75 79 74 77 82 32 27 67 67 1 60 83 57 95 10 56 70 55 36 88 61 58 71 79 42 3 60 75 81 17 42 10 8 80 58 83 96 71 96 66 72 96 20 66 12 10 98 24 63 61 13 33 47 37 58 21 58 35 77 80 79 18 21 71 50 76 23 33 88 9 55 93 31 55 71 91 21 24 68 51 37 75 99 50 93 39 8 56 65 58 89 77 31 21 45 24 48 49 66 11 65 80 68 85 7 68 62 12 39 64 21 29 94 9 18 59 3 32 82 18 92 46 60 8 94 53 61 84 95 45 40 77 42 18 39 42 90 58 42 31 58 17 22 70 97 20 4 54 67 16 89 98 65 50 65 54 15 47 52 22 31 43 55 61 19 23 36 22 26 53 42 13 3 26 13 74 36 61 55 50 37 41 37 16 21 29 33 8 89 5 27 58 55 75 29 34 62 58 34 41 40 56 27 38 55 65 72 18 50 20 61 38 78 80 99 12 45 28 76 59 55 61 89 16 2 38 42 81 34 47 86 48 85 32 4 42 88 56 75 29 42 43 76 60 15 51 15 68 2 81 12 93 46 37 63 58 93 7 19 15 44 88 17 17 90 29 56 16 89 44 53 87 33 72 21 55 84 26 23 35 41 50 45 19 81 1 42 80 87 17 42 23 62 76 50 45 83 99 81 13 3 85 57 96 99 19 39 38 68 12 82 58 86 19 6 52 71 49 68 64 25 57 71 50 65 54 58 40 59 57 67 54 91 81 36 52 99 12 8 21 49 6 23 1 54 49 15 2 15 58 57 57 36 39 99 74 40 23 8 14 15 5 5 36 92 11 68 31 65 51 41 97 74 96 79 18 87 31 20 25 22 29 51 14 25 25 36 45 60 52 12 22 56 80 90 1 9 19 73 26 37 47 5 80 71 28 69 78 11 52 32 16 41 52 25 93 78 27 4 42 43 82 24 30 22 68 1 8 45 46 75 66 98 78 51 44 44 83 78 23 20 96 1 64 17 9 94 81 20 86 25 63 15 78 38 97 88 2 4 66 60 30 31 94 66 27
59 91 40 84 68 32 78 18 71 18 51 45 14 90 34 99 89 26 93 69 91 99 55 32 79 79 58 29 24 23 11 96 99 49 68 53 23 10 98 40 60 23 90 39 23 63 35 83 13 93 5 52 87 45 75 18 77 98 95 29 86 86 3 83 74 43 67 87 33 43 48 34 79 30 30 92 91 38 89 1 28 60 52 58 97 86 9 86 73 49 23 28 46 63 78 76 20 38 45 13 58 95 70 21 67 10 55 72 13 50 37 62 34 29 12 91 74 7 98 56 34 72 66 34 62 91 23 15 49 73 95 13 78 7 67 33 49 17 43 49 97 64 3 74 25 28 80 56 60 41 82 92 34 88 78 48 20 21 54 12 86 43 18 7 86 76 65 64 40 95 6 7 14 34 34 16 82 26 12 20 43 88 92 17 40 60 36 70 13 21 39 71 86 79 16 7 33 39 49 38 39 82 82 71 64 65 66 97 66 28 18 48 49 94 15 5 12 66 95 12 57 87 82 21 38 41 79 11 97 58 24 57 82 18 87 81 62 69 65 13 79 56 67 89 54 79 35 2 28 36 99 2 30 18 39 4 57 91 19 91 31 94 5 22 41 79 90 49 53 69 72 30 5 38 8 22 28 59 77 4 33 78 36 21 94 98 12 59 75 33 57 4 37 45 93 21 81 85 34 56 53 63 28 96 62 62 96 10 22 85 69 2 21 41 37 21 80 36 61 29 12 93 75 70 1 23 18 85 15 31 15 46 32 2 95 57 88 41 31 7 93 74 11 63 6 74 89 3 97 18 16 57 9 99 9 97 24 40 16 76 56 53 53 56 37 4 41 96 29 92 38 87 7 29 24 3 24 4 43 95 61 80 17 80 41 87 93 6 37 40 62 13 70 90 29 96 16 87 51 54 56 23 48 65 63 30 10 60 48 3 24 94 60 29 51 45 27 72 96 63 47 80 52 12 69 92 5 15 26 76 10 62 15 21 1 42 1 2 74 79 99 46 72 19 31 17 2 59 58 35 21 40 89 12 66 51 39 38 8 75 23 20 83 86 70 96 2 1 27 91 80 86 39 43 13 60 76 91 9 51 23 26 18 18 89 7 89 89 79 28 58 96 21 37 45 90 80 52 17 69
77 43 95 83 65 52 7 83 96 20 39 54 89 45 93 99 47 56 77 86 78 56 62 81 41 99 78 89 67 75 35 47 98 51 99 63 93 60 5 89 76 37 98 90 45 35 6 71 15 8 53 37 53 37 76 91 59 41 7 94 81 22 41 9 62 80 47 9 88 79 18 92 77 66 94 9 68 89 93 23 79 37 99 37 5 45 56 13 15 54 6 93 51 55 20 93 66 31 48 78 95 35 66 91 60 66 60 83 40 38 87 96 95 71 38 62 16 20 95 76 31 34 17 28 93 55 53 34 6 13 82 96 11 58 13 33 27 16 40 43 17 58 29 21 83 79 23 18 55 7 57 16 97 66 34 70 12 27 48 37 90 16 31 65 1 27 40 96 61 28 12 86 54 80 70 72 73 17 64 23 39 70 64 24 7 12 12 30 26 11 12 64 43 6 79 4 22 33 62 95 67 79 30 31 12 38 74 12 49 26 57 77 83 29 26 39 69 36 97 20 37 88 92 20 67 83 52 64 49 24 56 50 27 78 64 11 48 96 91 10 63 71 86 80 18 85 37 8 41 20 13 77 60 45 43 21 14 88 74 28 62 33 63 30 46 8 1 76 57 68 51 5 36 33 5 68 66 84 24 48 95 22 16 31 80 80 72 69 8 7 14 60 35 73 81 18 70 42 15 7 26 98 21 56 99 91 8 43 82 78 9 85 14 46 49 67 1 61 39 80 52 94 57 93 28 49 98 46 40 8 33 20 65 53 1 49 86 13 69 91 55 95 97 76 7 74 81 66 29 25 53 96 15 24 19 39 42 6 51 2 42 18 28 15 8 28 23 8 22 48 77 97 99 17 37 71 20 46 28 62 4 77 9 14 97 17 92 87 26 10 62 10 16 53 71 91 23 43 11 16 89 17 6 82 74 8 85 28 72 18 84 35 85 13 71 10 55 32 3 92 26 79 15 6 54 25 62 19 6 21 6 67 90 21 25 50 56 8 29 39 16 36 11 9 90 86 49 11 76 16 99 94 23 14 82 1 78 27 55 2 22 18 58 34 43 18 92 65 77 8 29 53 27 44 47 35 40 69 62 13 37 37 89 17 63 61 50 34 5 63 63 41 49 75 92 77 57 20 89 86
98 76 54 93 16 16 85 9 4 21 99 65 16 2 92 18 68 24 14 4 42 75 41 12 40 67 87 72 91 83 84 16 63 37 71 18 64 12 82 94 29 61 20 67 88 70 29 88 91 31 15 47 61 34 7 75 61 35 88 38 7 31 29 38 94 98 44 68 61 44 88 82 21 79 17 82 53 35 36 60 47 82 97 15 27 17 83 92 42 48 67 50 99 91 2 82 54 70 34 42 91 69 85 93 39 52 3 13 50 91 35 22 4 59 46 95 10 77 81 17 63 51 16 34 25 72 58 86 40 57 27 14 17 92 63 40 73 42 36 97 53 67 21 53 42 77 52 77 12 47 74 25 13 62 46 33 93 20 77 73 12 41 72 96 94 88 62 35 15 88 90 68 65 42 63 21 67 12 50 60 43 97 95 16 83 49 86 64 52 18 52 11 54 28 63 2 21 12 87 13 62 16 93 20 56 42 1 86 15 68 34 30 16 95 39 96 87 20 75 23 12 13 28 60 49 26 43 13 55 89 36 16 76 69 94 9 81 96 4 20 62 34 96 90 23 58 28 81 32 6 71 65 66 56 4 60 97 41 89 31 34 76 9 20 4 88 75 7 85 17 31 44 62 45 71 11 5 61 5 14 77 10 61 59 71 59 10 33 40 16 49 57 31 45 91 91 92 6 39 23 32 60 55 85 77 94 48 22 54 91 67 38 64 31 70 48 23 3 4 9 78 19 98 24 97 73 3 34 77 7 43 74 35 14 82 81 48 80 22 56 16 21 59 89 43 10 69 75 77 32 21 31 12 51 3 46 98 97 87 79 69 23 18 27 51 9 8 31 80 84 41 65 80 2 9 31 94 77 94 2 13 97 23 22 64 81 21 47 93 9 58 6 33 70 29 11 80 42 6 59 57 50 10 58 25 18 83 47 5 30 35 82 92 4 64 33 18 34 36 36 95 34 44 73 16 19 65 5 89 29 86 42 81 74 94 89 49 81 36 62 75 46 79 45 2 60 8 13 88 2 46 86 21 81 1 26 10 82 51 55 19 71 14 22 13 11 31 68 5 14 40 14 85 56 80 76 20 19 7 90 67 15 49 91 57 3 96 47 17 79 22 42 41 97 84 61 82 86 85 4
76 96 23 62 39 51 80 50 38 88 74 68 57 40 13 72 9 42 76 45 72 26 82 91 34 74 7 87 79 74 83 9 81 23 28 19 74 98 99 54 72 96 34 21 12 98 71 1 48 16 85 36 53 14 73 60 97 34 13 11 52 62 36 5 96 69 57 12 17 22 95 6 26 63 38 14 39 93 1 58 25 69 91 88 1 63 67 78 35 55 17 49 4 4 44 36 5 40 63 19 8 74 33 55 35 38 90 72 41 93 6 88 16 39 76 11 12 76 14 1 89 24 99 47 33 51 11 45 79 10 70 36 11 38 12 14 43 14 61 93 67 4 2 50 13 72 88 53 23 72 47 73 33 65 62 81 78 59 61 36 35 9 13 83 32 4 34 29 38 84 74 16 40 47 29 77 34 47 93 18 59 17 40 66 62 39 64 33 28 98 37 62 55 32 27 44 79 64 71 62 80 68 54 57 39 97 41 55 28 25 67 3 11 61 80 44 3 82 68 32 62 63 28 38 83 17 57 54 52 43 4 9 42 61 36 37 31 54 79 59 59 82 75 81 63 57 24 53 31 75 34 95 80 62 84 25 27 28 76 44 81 71 44 3 41 94 58 15 66 40 98 27 80 24 53 32 78 20 8 25 26 68 70 76 52 87 25 16 78 19 36 59 46 53 78 85 42 21 7 69 64 15 69 8 89 95 18 59 83 40 84 17 23 60 79 63 94 62 13 40 47 32 18 81 92 17 98 43 88 17 43 65 84 44 71 55 7 78 8 28 45 5 11 60 92 30 18 63 32 67 62 25 47 61 31 32 65 91 17 42 75 83 2 85 92 4 84 10 61 79 15 85 42 38 67 93 19 45 68 18 76 48 41 17 24 76 1 53 87 11 52 11 26 83 1 49 85 42 93 99 40 55 3 64 18 56 30 95 78 67 2 90 61 33 41 76 72 44 5 76 65 13 12 48 89 50 69 92 66 33 47 65 69 31 98 31 4 53 81 2 9 72 40 8 35 66 47 34 27 99 14 73 74 75 72 25 94 50 7 44 75 34 13 87 73 22 35 92 87 51 93 90 10 63 33 15 33 71 17 8 21 52 11 66 19 79 29 8 29 46 10 54 66 74 98 26 58 59 98 45
18 85 53 77 92 40 68 76 83 49 70 54 75 69 87 86 14 24 52 62 74 13 63 34 66 64 65 84 62 69 81 36 67 30 39 70 60 34 66 79 2 46 50 32 51 66 15 97 87 35 52 84 34 73 43 70 80 11 39 7 45 95 70 67 92 75 19 95 77 69 83 2 81 20 28 63 66 9 75 43 73 44 31 41 84 92 78 64 45 75 97 67 32 44 84 64 66 62 6 61 86 28 63 12 98 37 18 64 54 69 75 8 82 31 93 1 37 96 3 96 13 68 29 81 33 60 68 95 19 10 89 62 82 51 16 67 43 26 54 8 52 38 78 57 88 86 67 37 21 95 94 5 88 3 30 54 3 9 21 19 7 48 43 88 45 96 81 72 94 41 38 83 3 40 3 78 94 6 10 69 46 88 43 61 13 61 42 29 48 79 88 30 64 55 47 12 85 19 50 56 56 95 50 36 55 93 8 21 57 15 38 47 98 34 61 36 92 43 63 77 7 5 29 72 94 61 80 96 29 34 45 62 82 16 72 30 93 95 72 75 95 29 81 56 43 80 31 93 38 90 6 14 26 1 7 23 61 50 30 30 3 1 27 44 93 2 7 89 10 39 78 82 38 90 15 46 58 90 84 41 14 49 41 3 33 32 59 6 75 80 3 17 80 81 41 27 98 56 46 10 50 29 96 75 90 66 93 50 6 49 3 9 87 30 58 93 31 28 46 10 55 74 63 83 98 34 57 46 53 27 36 64 2 80 35 18 49 99 2 31 84 34 32 36 34 2 9 50 48 27 33 14 22 32 1 34 53 76 44 79 92 36 89 29 29 24 10 64 23 64 46 41 27 76 64 59 52 41 31 12 63 79 41 55 4 26 25 84 36 47 89 26 74 72 85 10 92 65 73 5 26 65 32 65 25 41 31 37 46 44 75 68 36 77 16 46 15 40 76 91 44 59 8 79 23 82 2 70 56 2 87 83 16 41 51 60 8 93 58 47 87 73 33 48 40 68 22 28 42 2 7 54 91 90 77 81 87 71 64 47 77 42 54 22 49 12 78 31 15 47 74 15 57 24 2 23 23 53 34 16 72 15 85 3 67 62 16 90 55 50 30 83 35 83 82 17 71 43 26 62
5 81 13 80 80 98 67 24 26 82 92 6 57 56 98 28 83 77 70 79 49 91 32 62 6 33 40 75 1 35 46 64 96 41 62 20 61 82 35 87 61 69 23 78 66 40 95 85 85 52 95 62 51 46 87 33 60 78 71 66 86 17 14 50 48 90 45 1 19 57 30 78 55 27 79 5 31 55 23 90 12 38 93 87 34 29 98 88 7 80 15 10 97 38 22 48 91 87 59 38 33 41 14 7 28 40 38 89 32 52 35 67 66 3 24 38 35 58 32 21 66 23 9 36 26 9 17 94 40 70 90 98 54 33 43 3 52 99 80 10 90 95 91 82 77 64 55 90 72 32 34 66 14 88 71 33 79 17 3 41 58 72 1 97 31 12 41 94 98 66 56 80 37 16 3 40 20 91 26 31 12 38 39 51 37 75 73 5 11 87 65 9 91 33 36 72 68 5 73 9 58 86 36 59 63 69 68 80 79 42 75 34 55 87 28 62 77 77 28 41 64 76 55 20 93 68 32 26 54 30 38 11 88 40 43 48 87 49 32 23 54 73 48 4 93 90 37 48 45 73 32 99 83 19 24 3 29 43 61 14 45 94 94 28 66 82 6 57 56 78 17 13 69 77 13 35 1 40 97 62 90 22 27 90 92 19 46 63 68 98 30 16 78 72 63 12 66 4 4 47 48 10 83 64 22 13 27 86 94 1 64 32 73 84 32 60 25 32 25 96 42 7 96 55 42 66 78 75 87 61 58 41 24 70 76 92 52 74 50 14 16 52 26 93 56 47 9 44 82 26 62 51 42 98 2 98 50 28 84 13 58 63 90 12 26 65 92 58 27 99 90 27 34 43 33 7 3 88 96 93 51 38 52 37 99 20 41 14 91 52 45 6 10 21 4 71 56 51 90 86 47 12 83 95 9 52 72 20 99 91 31 42 14 70 71 55 10 31 87 15 12 28 89 45 80 3 9 79 14 51 78 39 93 38 74 36 24 48 13 80 48 27 48 53 8 8 66 10 22 84 61 99 3 90 80 6 8 88 45 35 44 45 59 33 44 6 67 25 1 61 42 48 97 71 55 2 90 3 43 38 69 80 79 67 54 18 31 21 57 96 29 44 7 47 24 65 22 41 71 79
83 73 63 89 11 28 61 78 52 64 16 76 20 66 4 59 8 79 45 55 98 89 55 6 83 78 6 66 95 29 55 62 93 90 39 25 65 63 27 67 8 90 94 92 56 55 14 50 62 97 38 42 31 79 47 96 85 39 25 65 23 36 26 62 14 20 73 56 79 92 42 31 27 44 29 98 41 7 11 58 93 3 20 28 70 82 98 57 77 17 33 12 9 72 74 52 19 11 95 65 73 65 79 4 1 43 73 31 29 42 19 5 3 71 84 35 93 21 10 8 1 43 14 94 93 6 89 69 62 91 89 76 46 26 32 79 31 7 98 38 18 24 44 35 34 25 34 10 96 93 96 44 47 62 31 52 61 47 50 6 92 70 33 35 69 59 15 78 59 15 7 93 92 13 83 17 41 80 35 13 75 84 54 56 72 39 29 50 85 67 6 95 48 81 96 4 50 41 62 88 32 25 5 3 58 47 26 41 1 84 31 61 76 11 32 52 94 7 12 35 70 4 40 13 53 70 98 94 8 89 85 21 80 3 56 18 68 36 25 89 23 8 94 71 1 81 17 70 62 53 82 61 9 13 36 54 93 17 8 71 36 31 62 6 95 79 71 12 92 46 74 22 45 35 6 74 13 10 77 90 10 10 57 58 72 71 52 21 61 21 30 15 58 4 33 24 35 14 14 80 7 12 50 26 43 58 9 9 86 49 86 77 56 82 53 75 59 26 17 68 67 8 47 23 31 75 85 94 60 29 95 27 56 85 62 84 3 86 25 55 56 7 4 52 91 45 36 58 49 92 28 1 54 1 84 74 4 88 69 21 48 29 33 46 50 60 34 11 74 6 8 24 17 77 6 90 4 8 76 75 33 25 11 75 75 18 99 82 88 63 34 95 78 27 22 50 88 99 42 26 64 12 43 81 85 12 56 9 69 1 99 10 98 43 8 53 56 81 8 89 81 27 3 32 76 28 12 16 78 28 39 53 31 47 32 95 70 70 52 7 72 61 44 55 8 14 65 50 79 94 96 6 18 57 79 92 33 14 93 20 52 7 89 18 52 82 1 80 2 65 86 37 31 56 48 83 9 9 62 5 34 23 7 56 92 35 20 25 77 15 49 9 52 52 79 39 15 23 9 55
88 3 82 5 83 59 52 93 13 23 48 54 15 76 66 95 34 95 34 24 89 9 62 86 11 47 31 25 70 9 52 94 90 74 61 4 89 6 47 11 27 83 37 29 12 14 54 36 92 61 20 99 61 94 91 64 43 56 98 53 91 61 77 39 42 66 66 90 19 21 43 23 50 61 13 20 36 63 81 71 90 88 35 54 63 58 8 57 79 4 60 52 32 31 86 70 20 56 55 14 14 83 86 48 47 91 39 95 38 73 51 95 5 32 26 64 40 20 95 59 90 68 36 60 2 46 40 41 65 67 87 57 65 63 81 50 38 53 62 79 50 1 37 77 6 17 87 77 79 72 24 38 5 3 10 79 60 88 9 88 83 75 72 18 83 29 89 6 21 72 69 64 16 39 51 12 10 10 27 89 73 57 29 42 3 3 57 66 31 17 14 39 90 31 48 87 6 1 79 90 63 88 95 74 54 94 45 22 62 67 44 50 99 48 79 25 63 96 71 3 4 14 23 31 51 26 42 33 67 75 51 17 4 58 87 86 25 22 59 26 77 90 6 15 15 69 93 11 65 21 58 98 27 94 62 33 1 11 98 59 38 15 1 58 7 52 44 49 28 49 56 40 58 22 9 39 14 11 34 84 22 26 73 48 16 67 41 12 30 26 65 57 72 60 22 21 92 83 59 62 80 9 31 22 21 36 23 67 75 75 37 90 82 38 11 75 88 73 61 74 44 71 67 8 21 2 57 86 18 35 2 38 90 96 46 68 94 89 77 13 90 99 42 74 34 72 62 26 25 59 45 57 95 22 90 56 47 64 81 55 77 61 36 1 94 7 28 33 19 10 19 16 59 42 23 22 29 68 96 31 25 92 42 86 65 26 26 12 38 98 27 26 43 19 27 98 26 42 36 49 70 52 24 68 67 8 26 50 1 22 20 81 82 85 73 37 79 72 17 36 17 97 13 92 46 72 96 53 7 14 54 17 14 65 75 72 65 11 32 54 75 14 63 18 67 16 77 42 35 98 33 69 1 26 37 35 23 8 70 14 27 21 18 12 67 1 12 47 8 14 76 13 79 66 12 27 66 44 44 27 12 45 31 25 45 92 64 48 17 23 71 18 33 6 26 9 46 45 2 24
