20 500 29708 141.08
59 86 85 17 86 90 85 22 82 26 53 27 20 68 79 86 8 18 97 13 96 77 78 57 13 85 6 81 88 26 12 43 53 28 3 4 36 67 5 84 56 59 77 82 74 79 43 45 67 10 47 67 15 95 29 47 62 99 29 21 61 24 19 97 6 44 94 70 6 55 48 54 96 64 81 40 62 96 12 96 55 81 6 89 89 90 40 29 69 62 69 8 8 92 64 95 13 79 68 16 41 36 73 32 57 32 54 25 8 95 36 61 9 29 55 27 41 99 48 4 66 22 43 5 72 93 93 28 40 74 35 29 56 97 13 16 38 72 15 56 92 97 99 18 12 50 94 92 72 33 35 61 46 45 79 71 37 77 59 35 22 46 42 13 96 98 57 93 92 61 32 19 47 72 25 9 21 14 5 95 3 58 7 4 23 71 20 52 75 92 42 71 95 92 67 60 73 8 25 66 34 97 27 86 1 24 91 20 66 18 7 89 96 44 39 80 71 15 70 27 7 19 50 98 88 21 62 56 16 51 83 28 92 96 58 52 18 58 97 63 57 61 98 3 59 31 14 5 72 34 46 2 17 47 13 94 12 46 70 91 76 57 16 22 81 99 63 64 52 20 29 6 31 73 46 88 27 41 51 44 92 19 17 55 63 46 65 81 61 61 36 59 99 73 36 80 49 68 42 45 48 66 58 50 62 59 92 22 50 76 27 34 80 22 84 96 25 81 7 42 46 43 72 54 36 35 59 86 9 36 46 4 85 88 27 22 43 58 58 6 72 99 97 91 92 22 94 12 83 41 9 55 63 97 1 56 46 56 26 88 14 67 99 12 49 26 91 99 26 68 31 67 82 87 93 36 34 55 74 63 74 70 30 79 84 59 92 82 12 79 48 50 37 59 9 4 20 49 29 51 31 12 51 74 88 33 85 45 55 42 56 78 56 61 32 8 57 51 63 59 8 33 94 7 53 33 24 35 68 12 26 95 73 32 77 19 89 29 62 17 72 10 20 44 64 69 47 87 77 42 78 93 80 19 6 48 15 81 77 38 60 56 12 14 60 99 56 30 39 93 75 84 58 93 63 67 12 60 64 7 58 97 57 41 69 77 75 12 13 58 24 52 19 75 9 21 5 4 39 13
75 28 69 96 70 32 94 81 61 95 69 70 93 33 57 57 55 56 24 85 97 68 23 45 36 16 1 6 65 71 41 20 36 8 28 87 77 52 32 83 75 37 32 65 83 77 62 58 63 62 87 94 50 47 99 99 72 91 58 5 80 87 48 84 70 59 91 16 95 24 63 15 74 40 35 80 31 90 55 72 75 16 99 32 13 73 62 69 73 20 33 65 92 4 46 6 91 52 95 69 84 18 23 74 69 36 24 3 99 51 88 45 53 25 48 87 52 23 19 14 28 45 25 30 69 8 14 98 31 43 37 16 92 81 74 74 65 97 15 82 38 81 85 28 98 32 45 97 4 62 74 53 79 25 51 28 65 92 66 80 43 89 79 31 15 43 31 5 89 39 16 47 13 97 95 13 39 34 20 97 11 25 47 4 18 85 40 59 58 55 64 81 55 17 22 19 16 63 71 9 9 45 65 39 68 62 87 90 2 69 77 72 39 42 49 21 54 30 61 63 98 34 9 5 83 89 7 67 84 1 61 2 74 40 75 44 41 18 49 86 99 76 6 45 3 74 24 65 51 43 40 28 40 60 75 38 69 72 66 59 88 9 91 88 43 63 96 17 44 66 7 30 56 42 37 3 8 99 23 14 57 60 55 10 38 66 10 22 30 27 39 77 76 59 96 52 74 92 13 48 16 43 11 24 27 10 61 7 11 42 47 5 17 11 7 97 30 66 74 67 16 88 17 16 34 32 45 98 12 66 89 80 53 73 3 62 84 75 47 99 64 97 70 35 31 15 90 34 68 12 69 76 79 91 60 13 76 95 90 62 77 23 85 92 83 76 44 57 98 73 17 95 77 19 50 79 91 23 31 15 30 14 65 14 84 80 13 37 69 56 43 23 45 79 64 56 51 59 30 84 42 20 22 62 90 34 42 52 12 5 67 44 58 21 42 65 7 7 37 88 96 89 96 37 78 2 40 39 76 91 58 57 76 99 19 58 1 81 29 82 70 69 53 20 7 37 59 53 74 75 60 23 48 18 74 73 5 92 7 27 50 1 62 20 63 44 67 73 58 81 48 86 62 14 55 81 97 63 97 6 10 61 68 56 63 22 81 62 34 5 42 29 60 90 55 9 92 69 30 85
62 64 1 52 72 41 76 80 58 58 57 43 32 92 12 80 66 91 45 78 70 96 57 94 29 74 31 20 13 8 56 85 58 34 76 45 81 65 29 47 89 49 19 92 82 36 8 68 80 63 14 36 77 69 26 10 89 66 52 97 10 83 3 24 42 94 86 72 52 22 42 67 53 62 11 79 78 97 69 68 82 79 6 36 80 2 63 30 14 57 4 81 85 39 40 20 73 38 98 86 42 94 20 12 4 95 32 31 40 28 2 88 19 78 53 85 1 29 1 66 30 19 65 79 36 23 94 62 41 6 60 37 6 50 42 25 19 38 47 51 66 65 68 47 24 3 49 58 49 2 3 84 82 93 83 24 16 73 49 30 85 40 8 46 68 63 40 52 5 9 10 41 32 7 6 86 28 34 68 81 99 83 87 41 52 15 85 66 31 50 47 80 14 8 70 83 15 60 57 69 73 68 8 42 55 91 76 26 96 13 35 34 7 27 51 40 20 60 59 90 14 79 31 21 32 12 23 71 69 27 63 61 93 76 56 15 51 47 86 24 25 82 61 51 68 89 31 77 86 65 81 22 19 20 99 10 9 34 31 8 21 35 28 35 91 5 63 52 15 68 96 8 18 39 21 81 65 13 26 47 46 30 81 97 2 1 49 52 91 25 36 47 85 93 48 63 2 11 42 48 80 10 47 30 3 2 33 1 39 3 75 4 30 37 37 12 27 16 22 21 42 1 79 30 58 35 33 56 8 99 62 68 27 31 69 24 83 10 56 32 66 95 50 91 89 69 62 55 56 17 57 25 90 95 97 28 46 99 21 45 38 27 1 1 52 25 29 94 58 89 86 80 84 27 60 21 14 17 92 72 79 54 30 10 86 26 57 5 47 94 55 57 51 78 39 97 28 65 22 21 92 59 75 62 65 88 11 44 32 88 1 96 97 67 83 78 31 8 64 64 45 67 7 35 27 90 47 59 99 89 32 57 44 11 52 69 15 72 9 89 98 30 75 28 68 88 73 53 79 14 82 23 64 23 50 78 46 45 14 15 3 2 66 29 68 81 44 82 45 76 2 12 59 85 25 39 76 70 20 60 91 82 9 7 68 42 99 73 58 51 57 88 88 7 73 85 53 39 22 78
98 76 95 81 64 51 98 86 78 60 36 81 76 62 81 73 68 20 21 59 19 84 78 44 87 37 44 61 73 48 62 56 74 47 96 81 20 73 71 19 67 71 44 67 25 56 89 94 65 27 82 82 96 81 94 75 15 39 94 36 74 39 15 81 95 95 16 90 18 39 57 35 26 31 38 78 75 93 61 85 36 10 30 69 51 77 20 98 77 99 51 63 53 83 29 71 63 33 82 66 14 48 44 27 41 16 54 50 92 5 53 28 74 5 82 29 91 48 48 65 28 48 20 94 54 84 60 8 3 83 33 13 13 94 64 92 14 67 37 70 27 25 20 13 79 45 9 81 23 91 76 55 71 66 6 19 20 47 67 19 75 56 1 5 97 27 39 41 88 86 32 26 55 67 96 52 4 97 29 21 97 50 35 22 10 79 48 45 71 35 64 77 94 29 23 99 67 61 13 20 30 51 4 42 93 1 9 27 18 9 34 5 8 33 51 95 21 92 70 99 83 79 33 47 35 24 29 96 5 88 84 30 33 91 18 24 88 14 61 31 92 9 40 35 60 92 2 35 50 88 85 47 71 5 51 35 36 84 76 4 1 82 26 39 42 69 2 56 24 84 87 42 26 80 68 54 84 12 85 61 84 9 92 26 82 11 50 30 67 29 5 4 5 87 42 81 78 38 10 73 67 12 37 71 64 13 1 65 18 35 32 51 65 13 10 41 81 10 19 33 31 44 73 16 40 97 23 25 31 14 3 89 22 22 12 82 7 79 68 74 43 11 91 70 2 73 66 23 8 86 49 59 90 91 17 43 27 94 24 14 5 1 27 5 58 7 26 51 45 60 7 44 8 34 18 39 83 26 27 65 14 84 19 16 42 12 80 29 14 85 51 50 51 93 36 95 85 97 37 71 89 26 16 23 96 78 37 66 79 96 67 42 40 22 26 56 92 54 49 91 63 86 17 91 64 6 84 63 31 43 99 4 89 93 82 59 52 3 14 48 37 63 31 45 10 86 96 46 43 19 53 98 84 66 79 44 18 89 43 7 24 49 70 68 86 44 92 34 74 49 27 5 69 61 53 85 53 5 43 47 92 81 25 85 13 3 58 88 40 30 86 40 61 93 18 43 40 17 37 59
90 96 98 94 92 68 53 93 52 63 27 59 74 72 97 83 29 65 68 91 72 64 47 78 93 98 99 53 67 77 94 62 28 60 70 50 25 37 26 10 40 42 36 3 76 50 32 92 13 63 99 86 74 52 16 98 7 57 94 11 46 37 97 25 53 70 52 35 95 84 56 60 64 65 49 76 72 11 22 94 46 62 71 86 28 54 62 95 98 50 95 34 20 58 37 6 24 8 11 15 79 70 75 63 92 56 2 59 31 48 67 65 48 54 4 4 23 20 56 31 95 80 86 16 97 30 58 12 82 22 99 31 29 17 21 10 54 40 98 26 12 48 77 80 28 58 10 40 39 29 27 64 86 50 43 6 92 34 33 62 30 33 60 94 97 53 96 87 49 72 62 29 44 84 55 4 56 7 10 34 37 93 65 79 27 55 80 26 66 10 44 10 98 55 64 40 39 44 74 67 12 53 61 59 34 81 73 2 61 44 51 29 70 34 10 25 20 73 51 95 73 9 6 37 56 98 94 33 47 27 16 48 9 19 91 20 82 10 99 93 34 39 46 49 83 54 62 50 96 72 80 25 78 49 73 26 91 40 99 40 39 52 13 40 59 35 25 34 20 21 54 34 49 15 32 37 83 50 3 74 91 64 44 11 50 86 62 85 69 17 33 24 70 77 72 51 16 51 38 43 81 12 53 35 54 59 86 76 6 55 23 19 17 37 34 60 17 94 77 3 22 26 46 71 12 21 12 82 28 32 69 23 41 90 39 53 7 73 51 69 85 21 14 48 67 54 19 63 61 35 55 32 54 58 29 72 20 64 88 2 91 19 64 47 48 9 96 79 97 63 70 36 85 4 54 94 87 18 44 82 8 37 78 44 89 67 53 91 45 37 18 49 1 98 50 30 98 40 88 15 45 72 72 62 96 33 86 23 1 31 73 23 27 61 58 31 44 58 98 39 25 73 89 54 5 24 10 23 27 13 45 60 1 46 1 22 33 41 40 84 72 6 75 16 32 13 73 4 27 3 74 40 89 91 78 42 62 79 49 39 63 86 58 87 18 93 95 25 83 47 15 6 75 92 38 80 36 42 34 12 30 65 54 59 94 24 85 15 79 24 22 51 46 55 23 96 15 13 76 91
70 88 58 44 20 12 33 98 76 85 82 63 57 29 95 46 61 94 31 82 22 24 93 71 39 58 84 65 4 28 32 57 96 26 28 88 76 69 32 38 9 95 50 56 45 73 16 92 91 93 3 82 10 14 63 95 51 55 97 93 56 47 99 48 41 29 9 57 35 49 26 56 48 9 39 10 23 1 58 49 78 31 17 72 96 69 88 17 17 25 43 63 83 78 46 31 9 2 69 40 92 90 4 79 3 47 39 33 76 24 80 36 95 72 72 87 82 52 88 78 79 78 2 47 52 60 24 73 77 44 59 20 67 61 36 32 30 86 6 67 2 51 1 60 77 25 59 35 85 77 7 21 30 96 9 85 59 3 55 60 46 15 15 36 90 45 8 50 72 36 2 83 63 87 20 84 56 70 27 10 7 56 64 95 31 18 27 19 68 34 79 48 8 32 81 3 96 36 99 46 83 16 21 8 96 39 25 36 11 83 93 30 81 80 95 29 82 38 24 58 96 62 50 21 25 19 12 7 71 17 36 86 34 33 13 88 4 81 7 33 43 94 27 56 94 58 81 34 35 11 15 36 73 81 8 45 25 10 94 57 16 37 12 76 77 40 83 92 88 88 38 85 69 89 49 7 70 28 18 28 24 99 82 80 38 75 56 52 37 71 55 78 70 13 63 7 29 22 24 34 44 87 80 56 24 69 45 7 72 9 89 43 65 81 6 53 25 36 37 28 89 82 2 62 93 34 79 24 31 59 25 17 78 62 89 4 47 6 5 72 26 21 32 19 13 78 73 88 40 45 68 26 35 53 70 33 94 40 6 11 74 91 19 53 45 46 76 46 99 87 59 34 98 83 2 97 26 85 33 10 42 98 32 27 98 80 66 32 96 64 30 28 56 44 12 17 65 24 53 75 11 57 8 22 45 13 41 57 70 99 4 56 17 65 8 68 61 62 95 90 31 87 36 13 52 35 10 84 2 58 32 66 11 85 3 89 79 14 35 60 32 2 21 80 3 98 1 59 41 4 72 14 61 75 75 54 78 64 21 79 80 15 89 5 15 30 21 44 85 49 92 43 23 48 10 1 48 61 19 56 16 61 89 51 61 61 64 29 25 56 81 8 76 62 71 86 28 21 33 82
95 46 26 57 62 97 6 94 43 89 63 18 48 99 35 89 91 46 30 46 85 54 93 88 43 84 80 84 51 16 92 17 75 79 51 92 39 9 13 84 42 72 75 11 94 83 19 20 77 24 45 6 20 54 77 56 21 63 68 59 28 72 80 80 66 34 72 61 39 86 29 43 61 48 80 89 71 60 72 1 15 77 65 97 92 13 7 50 79 49 92 67 15 64 4 74 94 48 32 7 17 84 61 26 32 28 77 17 66 32 55 82 61 25 71 5 75 28 65 10 37 67 34 18 65 88 47 18 44 36 76 19 42 98 88 56 10 37 19 11 83 23 11 35 33 67 76 2 94 38 99 76 99 56 54 21 60 19 26 97 54 79 87 39 51 98 4 35 58 29 49 44 78 27 75 40 95 55 2 72 10 15 6 43 56 38 98 10 76 25 64 49 3 83 42 43 77 84 10 7 46 90 84 99 62 7 4 66 38 74 35 5 34 87 33 50 23 8 4 18 97 16 58 23 1 98 57 63 91 20 74 37 11 4 67 46 29 42 73 70 48 98 21 57 59 85 10 92 31 11 70 26 29 79 31 89 62 5 14 52 94 38 4 17 14 22 99 78 46 43 68 96 5 56 64 11 62 65 3 59 51 10 71 44 65 44 99 3 42 8 18 36 1 52 80 5 20 81 14 62 61 32 15 67 4 86 48 33 12 70 91 44 61 6 6 66 90 65 32 12 85 1 90 69 46 81 67 7 70 70 45 61 80 38 12 22 15 7 77 3 84 43 6 18 97 88 80 50 7 4 39 18 85 61 33 64 60 84 80 80 30 87 15 52 47 10 81 16 54 62 67 96 28 62 47 43 17 56 65 37 34 44 81 37 89 21 14 38 30 58 37 56 90 75 79 96 73 40 12 73 69 76 83 26 78 19 93 7 81 75 87 77 90 57 43 44 45 24 39 66 13 86 78 75 59 37 74 91 89 79 2 69 57 28 44 34 21 33 73 61 40 72 78 17 27 91 74 59 8 4 51 87 35 52 43 34 3 8 21 53 78 3 58 37 53 45 75 69 3 47 92 95 70 7 49 89 6 86 60 12 24 5 79 28 72 31 89 81 49 43 45 84 27 38 55 33 98 48 71 46
77 25 57 91 60 8 60 72 68 73 37 18 94 41 95 93 83 95 41 58 50 63 45 50 85 87 70 38 74 95 97 60 97 93 66 97 45 62 53 84 84 7 97 40 58 97 29 33 15 79 48 67 94 66 22 36 56 92 4 7 78 43 83 36 45 54 56 43 13 59 38 41 75 72 63 93 50 22 87 71 11 23 74 39 23 62 35 5 32 26 76 59 4 21 18 55 87 46 41 38 52 76 36 86 27 62 55 82 86 37 96 62 51 44 8 29 20 41 94 58 64 19 92 92 86 80 4 49 88 3 8 93 32 90 75 79 93 11 37 9 74 20 39 3 69 63 3 40 77 64 88 91 36 48 40 96 35 68 56 80 74 82 49 48 85 19 24 90 4 32 67 43 45 6 10 66 79 95 59 4 19 51 20 83 75 29 53 74 39 40 24 52 70 22 5 92 40 72 20 45 2 1 4 63 95 26 96 44 12 38 48 37 98 41 80 93 8 23 61 31 33 83 89 37 32 53 7 81 14 90 79 78 50 6 72 44 51 97 25 51 57 23 74 2 42 51 68 66 75 22 17 90 11 58 15 67 37 9 87 36 13 40 8 6 85 36 43 47 44 17 71 36 26 11 93 59 49 50 63 90 68 94 7 73 50 87 60 85 66 25 92 6 9 79 26 93 29 69 47 18 61 4 54 59 61 86 46 72 24 14 71 31 20 53 19 67 21 21 16 83 22 19 42 36 31 57 81 62 28 25 29 1 9 8 15 41 22 80 4 37 87 39 13 8 44 2 4 34 11 50 36 2 45 65 55 43 65 12 99 68 44 35 54 8 21 38 56 34 41 14 27 59 95 76 86 30 84 46 29 70 74 72 35 76 24 17 61 89 6 19 10 87 21 71 82 25 24 91 16 95 20 44 30 97 28 66 52 92 58 8 1 56 94 36 48 68 96 46 97 60 55 72 66 4 5 94 45 59 49 23 7 1 35 48 12 79 62 54 63 51 36 43 24 87 59 93 70 75 60 58 35 51 20 12 46 94 53 36 51 4 54 38 76 61 94 97 54 84 66 49 14 51 44 49 80 76 9 73 48 38 74 11 68 48 36 9 31 33 71 1 96 56 90 53 48 52 60 83 21 58
95 70 78 98 69 46 53 45 55 27 71 57 89 14 60 18 71 86 77 93 72 56 70 32 31 31 89 88 15 16 58 60 57 14 46 88 54 27 96 84 35 5 75 95 54 12 98 72 12 70 30 64 83 82 72 16 82 73 46 90 20 34 98 4 59 66 72 27 49 73 69 10 1 81 29 27 84 8 45 48 62 72 66 29 18 54 68 72 67 33 40 37 89 87 22 78 63 7 89 68 39 22 19 55 52 45 39 92 48 40 55 49 66 80 43 52 17 23 87 86 76 34 91 82 69 45 39 72 40 73 60 99 50 45 19 22 8 5 12 49 85 12 17 60 37 82 28 77 42 80 67 92 97 33 79 91 85 88 67 58 99 16 12 45 2 59 22 79 94 29 22 80 19 48 56 56 37 37 94 91 17 12 64 9 46 75 9 83 28 42 56 15 20 2 32 39 56 33 50 45 91 84 82 21 78 70 90 61 59 39 47 55 8 66 24 44 22 10 15 51 17 61 1 41 90 34 35 81 1 39 97 14 23 86 56 9 70 53 14 31 44 18 6 29 28 31 58 15 98 47 80 87 26 99 24 64 10 5 80 69 86 36 42 34 31 53 33 79 9 84 39 90 91 35 41 64 50 9 4 8 4 50 75 24 38 58 3 61 49 20 56 17 79 47 66 36 55 14 30 36 9 49 10 36 18 42 9 10 14 16 61 69 19 84 67 78 13 86 20 20 26 5 79 60 65 98 25 48 90 13 44 83 99 33 80 43 81 33 68 34 58 72 10 23 57 1 18 42 19 3 13 42 54 96 92 65 71 48 45 97 95 63 61 97 20 84 24 8 4 57 6 26 67 3 76 80 48 11 27 8 12 99 70 76 94 6 26 57 29 97 42 27 90 3 29 59 88 52 33 94 86 86 16 2 57 5 40 52 62 53 66 45 46 48 68 44 4 42 8 91 37 63 14 29 19 84 71 11 8 69 11 25 50 98 74 38 74 9 57 98 26 61 78 25 34 54 42 60 39 75 75 68 49 86 84 20 56 64 57 14 87 99 1 53 1 96 54 35 5 63 70 37 65 17 8 86 37 55 36 1 61 46 55 53 41 76 7 55 19 20 33 62 19 36 76 21 97 71 13 93
61 87 91 57 28 80 82 79 27 20 19 91 37 58 69 10 68 77 96 80 70 73 66 52 40 23 67 67 21 81 38 95 11 67 18 57 4 64 85 35 65 63 37 9 54 40 29 59 48 88 89 73 66 67 81 67 19 77 15 39 93 29 8 8 91 78 81 82 75 89 64 18 13 91 83 4 42 95 41 19 55 97 10 13 30 20 70 74 86 93 41 34 32 14 42 72 27 63 13 91 1 18 13 21 5 38 34 86 79 80 30 14 73 90 15 33 67 45 56 51 61 12 84 39 13 70 20 6 85 84 27 64 43 11 78 40 19 58 41 3 71 98 63 29 89 72 69 90 56 16 79 22 77 38 73 43 83 33 63 33 20 12 64 52 54 9 70 85 15 18 50 65 56 47 19 57 18 40 43 9 69 75 76 37 69 92 73 11 88 69 2 73 10 46 78 41 44 30 37 98 89 25 65 66 31 50 12 67 6 5 88 76 30 83 83 55 99 37 8 15 46 77 88 7 50 91 69 46 21 81 35 3 52 99 84 51 7 60 50 26 56 63 74 53 22 97 52 31 11 28 84 44 85 97 26 7 96 42 90 21 29 10 3 15 62 8 77 77 51 91 85 40 51 63 38 7 92 64 30 4 16 76 39 22 80 19 86 48 1 66 89 18 28 2 60 65 25 80 65 43 15 39 12 94 33 66 61 30 86 67 32 1 38 41 86 72 72 47 82 12 87 76 75 50 79 38 76 51 36 60 29 49 76 15 97 65 15 1 7 10 44 66 58 80 94 22 61 75 60 42 21 24 79 14 40 53 49 27 36 5 21 14 46 38 49 10 95 29 67 59 62 75 17 28 6 33 86 50 82 66 63 37 90 97 76 6 18 42 72 18 6 63 99 4 58 50 98 34 16 17 76 11 28 15 8 91 66 91 57 16 36 70 38 11 95 85 6 89 66 36 26 65 4 4 16 94 97 47 63 23 54 18 78 34 61 76 54 85 93 32 61 66 81 19 71 28 58 3 81 41 88 63 50 11 43 49 23 31 58 75 48 66 2 98 68 17 63 85 51 99 72 95 74 52 75 29 31 61 22 24 78 65 82 81 56 53 85 27 70 60 8 71 7 49 64 65 76 84 47 80
35 78 86 50 73 89 67 83 86 80 58 83 80 35 22 87 55 59 97 50 51 96 77 60 80 39 30 19 95 12 99 32 39 91 93 80 83 87 67 94 59 99 63 43 77 57 64 75 97 8 93 83 87 32 38 99 77 58 88 44 11 8 65 82 40 16 17 98 63 6 49 48 22 74 61 97 14 33 94 92 67 79 9 91 58 78 47 66 76 7 36 77 60 84 37 80 44 60 98 81 76 75 63 64 36 20 12 70 81 66 87 12 44 27 97 25 16 42 13 95 36 53 91 67 32 66 94 84 63 36 31 6 45 7 29 53 42 34 39 49 35 16 76 42 21 67 45 87 74 84 25 19 68 65 58 53 20 57 64 54 98 86 89 41 17 47 48 42 41 2 36 36 54 72 26 34 35 14 73 85 66 93 72 33 64 77 56 67 83 52 97 15 10 66 99 46 75 53 49 10 22 24 4 69 82 43 62 82 35 75 96 14 51 47 38 94 72 92 63 48 14 62 19 59 47 19 2 86 48 30 80 34 16 43 7 44 25 51 21 78 45 71 45 23 4 62 58 84 69 39 73 90 81 63 43 68 18 7 76 18 32 86 72 44 14 15 28 16 44 56 63 6 62 97 12 15 59 36 62 41 85 88 35 72 56 9 41 68 68 52 45 82 40 9 29 79 73 28 13 37 65 45 26 18 6 66 33 20 72 20 68 6 86 32 62 10 42 15 80 24 40 82 3 75 30 82 10 46 66 27 2 30 21 15 13 68 24 63 13 32 29 89 38 81 97 95 54 25 37 74 99 71 40 63 44 81 51 42 5 62 87 3 28 48 47 30 68 5 88 94 59 40 26 43 69 51 68 8 3 9 5 42 40 22 44 4 65 70 51 15 25 12 1 12 14 51 22 25 86 97 22 43 72 74 12 44 80 45 88 11 61 80 37 2 1 38 21 52 92 62 55 28 61 19 72 34 31 62 21 75 74 61 95 99 56 75 22 85 67 96 1 22 81 56 58 47 57 22 51 8 94 96 9 81 74 94 22 42 21 1 82 27 31 89 50 13 37 60 89 7 56 70 8 68 77 34 28 13 30 39 62 59 47 91 58 53 1 68 38 67 69 58 51 79 50 75 65 24 8 50
50 88 91 53 43 79 74 26 73 68 15 22 54 81 1 7 59 46 61 95 89 89 92 25 66 85 99 55 77 48 77 97 29 95 21 26 74 57 78 31 31 22 35 51 53 69 59 84 14 97 16 88 87 78 17 38 94 20 70 72 33 50 8 20 98 32 12 83 84 96 92 62 50 50 34 15 58 79 53 50 78 45 55 19 97 14 54 74 40 2 18 17 51 89 32 97 88 80 80 23 69 4 93 5 91 34 31 97 56 47 71 11 76 81 72 27 90 39 9 67 84 2 42 14 96 48 12 74 34 54 65 87 88 85 87 52 98 88 60 94 29 27 38 85 9 8 60 27 27 13 29 36 8 18 77 50 35 67 21 60 54 50 4 42 83 9 29 17 46 61 76 4 9 37 72 61 44 49 63 27 60 49 16 68 28 37 13 38 54 34 89 52 92 60 13 7 26 59 84 90 2 91 77 62 24 71 14 22 19 71 69 22 86 59 93 49 83 63 11 20 51 77 73 46 78 54 23 31 17 41 80 9 30 42 25 26 73 4 36 85 31 25 28 57 38 35 68 78 94 15 17 31 39 45 15 97 26 11 15 51 82 75 87 84 2 15 80 88 26 7 32 12 23 9 77 4 78 80 88 54 57 17 92 98 54 10 30 18 55 83 68 16 20 86 58 32 58 74 85 60 27 67 73 46 79 10 41 99 11 57 34 38 53 15 10 78 17 15 88 56 82 31 31 88 67 14 10 14 75 94 89 83 29 75 12 85 56 87 86 99 84 5 60 65 29 40 1 9 69 16 18 22 79 47 46 46 29 59 9 75 21 19 15 60 33 40 81 23 25 98 13 60 96 59 23 41 86 62 88 55 64 88 7 21 61 24 60 43 92 45 18 83 53 44 92 22 15 23 92 2 16 8 27 88 72 86 94 70 35 59 27 47 84 1 42 81 89 91 57 59 10 89 85 42 40 34 29 25 80 64 39 29 47 72 95 77 31 46 79 58 10 60 81 61 94 12 52 56 4 57 30 74 81 63 7 48 75 25 56 90 89 92 15 32 30 18 81 63 43 84 13 24 60 2 23 72 60 61 1 27 88 46 90 87 61 74 94 49 81 6 42 92 69 51 33 21 18 36 72 95
57 69 94 96 68 61 14 46 96 30 31 89 63 99 76 16 56 37 58 46 9 80 25 52 45 52 66 47 97 82 28 43 87 89 95 67 16 9 10 77 78 82 3 15 19 58 90 45 85 11 96 73 60 69 61 79 53 54 7 98 99 62 8 44 62 67 16 41 99 7 93 80 6 71 81 3 6 82 60 65 71 9 73 74 49 17 88 72 65 13 89 19 11 23 62 51 54 93 16 45 40 86 18 21 68 69 81 75 53 25 91 50 57 56 36 9 37 41 67 68 50 65 47 81 15 8 90 17 5 28 69 51 56 5 16 88 40 22 94 38 53 24 24 40 7 2 40 27 82 73 37 2 24 39 19 22 96 68 1 26 4 66 39 46 29 11 63 39 61 29 99 17 3 67 78 40 45 65 52 18 47 78 14 98 13 88 70 96 28 79 52 29 76 84 65 91 90 73 44 47 69 69 24 87 30 89 48 67 47 21 96 18 74 31 28 87 29 25 72 11 87 1 68 1 45 46 64 21 2 92 26 80 9 84 45 8 26 3 51 27 85 83 14 27 31 45 5 31 41 88 53 99 99 20 28 94 2 29 28 49 7 29 28 88 66 42 96 44 8 42 93 60 27 44 64 57 36 29 99 85 79 66 44 1 26 46 33 50 42 35 38 4 60 94 27 7 53 11 34 11 21 94 8 1 83 80 68 24 42 54 4 61 17 88 50 78 61 9 14 10 69 57 14 22 73 74 74 54 82 4 74 27 50 16 89 78 94 9 2 61 24 78 5 2 26 79 53 78 79 35 72 82 21 9 55 66 48 79 59 33 76 54 71 68 91 72 13 98 20 23 41 33 2 13 56 91 86 75 54 96 87 23 80 31 82 30 5 93 68 66 72 3 6 18 23 80 31 52 37 66 9 76 89 59 78 15 62 22 51 25 69 88 5 85 53 28 21 85 81 14 34 1 10 58 27 33 79 68 9 75 80 63 60 82 19 76 74 85 96 77 20 54 45 98 30 88 91 62 86 38 32 5 82 97 36 2 55 99 61 67 63 42 71 95 59 41 2 37 91 86 76 11 33 81 48 43 80 89 44 92 72 64 14 53 42 30 57 81 37 41 10 62 59 6 65 45 21 29 73 46
53 78 84 69 87 72 80 91 80 76 97 61 99 85 68 76 55 97 74 6 84 72 1 72 41 23 60 87 93 79 6 31 89 60 44 82 89 71 74 27 73 63 71 40 35 63 32 72 48 19 59 71 25 95 50 78 87 30 80 46 66 72 60 94 87 87 2 19 24 63 52 86 28 73 78 83 30 20 83 16 80 84 11 16 9 78 29 31 87 11 43 54 45 72 62 77 13 40 88 90 21 74 93 91 82 89 93 27 60 9 45 9 95 21 57 76 6 30 25 53 38 23 93 39 33 35 28 82 87 42 32 95 64 31 31 27 90 36 69 85 97 2 59 40 43 49 65 56 73 60 19 8 30 10 66 25 84 18 89 32 33 90 15 28 21 12 69 27 87 58 37 50 26 44 2 18 58 65 54 13 39 73 66 29 24 45 6 61 86 1 83 40 35 34 58 44 50 31 29 92 95 76 54 81 34 33 73 7 7 33 24 7 91 69 64 87 26 25 53 7 24 26 50 15 18 80 4 19 93 10 62 14 84 78 52 54 90 86 35 74 31 41 18 82 20 29 60 58 26 69 98 77 38 8 45 14 48 68 36 34 23 64 52 13 64 45 7 67 54 44 70 28 21 60 31 78 62 29 86 50 84 52 57 11 7 41 17 9 98 75 79 34 72 38 79 91 18 32 19 65 28 74 16 67 79 13 97 4 26 60 53 86 73 18 74 76 86 6 51 12 22 69 21 15 33 44 56 12 69 80 88 86 77 88 20 77 32 38 41 75 42 37 53 67 51 15 58 23 69 58 34 56 8 39 42 36 81 24 8 2 97 13 30 19 63 62 13 32 46 93 51 44 48 3 11 14 53 59 60 98 43 63 53 79 70 5 82 4 42 8 21 49 71 47 40 49 21 23 85 3 35 19 85 23 38 8 53 90 51 47 27 52 96 6 27 59 76 36 91 78 98 18 98 4 20 83 13 66 20 64 22 5 5 77 15 17 62 20 29 41 37 88 87 88 9 62 60 62 38 5 54 24 26 1 98 27 60 77 61 40 56 46 21 73 94 68 73 41 12 16 57 63 11 70 78 48 73 97 49 23 43 89 35 93 53 37 15 74 55 22 55 39 69 4 38 78 45 90 58 6
73 43 68 74 80 96 91 35 82 90 87 83 63 77 86 98 82 97 42 71 82 27 64 73 74 82 96 25 90 77 44 40 34 84 89 77 61 85 63 91 85 76 18 86 62 54 51 93 84 77 73 65 18 38 16 23 55 26 97 98 87 84 30 48 31 51 65 33 80 42 90 77 90 76 79 10 8 86 95 7 24 94 82 34 5 91 76 45 19 80 48 54 26 44 55 70 83 64 64 61 85 26 43 46 76 59 24 49 95 53 49 46 4 41 32 55 78 44 19 67 44 3 49 44 12 77 70 35 31 81 58 72 55 52 43 8 63 38 33 79 41 31 75 73 45 11 40 76 76 32 23 30 61 10 51 96 83 70 63 11 12 40 47 19 81 62 59 89 75 63 28 59 7 98 85 20 72 58 39 10 79 42 9 7 84 47 81 30 80 91 23 78 88 18 2 5 23 41 3 15 22 9 96 74 61 33 12 18 55 2 46 11 6 2 12 75 86 58 54 92 7 27 31 77 29 70 44 89 19 15 9 77 83 62 12 86 35 92 52 86 67 18 43 20 32 72 42 76 30 6 50 93 53 29 2 4 48 58 85 97 34 13 35 41 29 67 13 43 86 40 96 33 60 62 19 56 77 1 45 8 9 20 2 3 20 52 3 19 43 88 37 66 97 72 41 23 50 73 11 96 78 8 28 26 89 40 82 5 40 59 64 58 6 35 10 85 14 17 1 32 5 51 92 60 54 17 10 68 58 73 2 9 98 56 30 25 41 30 18 48 64 32 57 67 30 23 14 52 77 95 82 13 48 68 10 29 85 55 30 9 99 50 30 59 78 88 16 43 36 21 12 71 85 84 85 96 24 27 82 51 23 10 17 39 26 51 12 49 31 30 29 14 78 35 41 74 62 90 82 74 68 18 79 98 11 45 57 52 21 14 25 30 3 79 88 62 90 60 36 93 25 52 65 53 38 86 36 71 83 89 38 3 37 83 36 55 94 76 85 59 1 23 2 82 55 38 75 83 21 65 6 47 72 59 77 52 89 42 53 25 17 20 19 54 82 28 98 73 57 16 36 63 24 37 92 50 34 38 19 71 78 74 18 48 16 58 86 59 5 7 83 97 78 97 35 79 46 48 9 71
47 85 58 84 53 89 69 34 70 85 43 81 91 49 41 89 60 54 43 91 79 52 72 27 91 15 10 97 50 72 90 52 36 1 87 17 90 94 71 41 63 27 90 84 52 76 74 24 2 77 62 72 8 91 91 14 10 12 58 36 15 78 96 22 40 77 36 17 30 40 64 91 55 6 20 73 67 68 62 90 78 32 61 56 57 59 53 15 41 84 59 12 15 23 85 72 83 76 58 23 95 86 17 13 83 3 67 44 17 16 26 70 20 60 79 48 75 99 81 32 2 88 13 7 34 91 92 44 24 69 47 21 6 78 92 64 71 78 92 8 89 5 76 89 56 80 67 60 76 85 39 68 75 48 5 17 47 85 92 11 71 54 24 91 96 13 34 45 71 17 76 51 75 52 5 30 30 55 18 2 58 95 28 33 69 1 69 88 53 99 28 15 24 26 98 25 10 72 26 11 60 54 57 66 20 19 90 22 98 66 73 60 54 10 88 67 58 82 54 29 40 43 10 65 64 32 87 87 76 43 66 55 53 66 31 5 97 44 78 46 88 44 14 3 39 78 94 76 22 14 1 78 87 59 32 15 45 49 37 59 16 78 2 66 64 61 56 98 5 51 94 27 78 85 78 41 57 47 52 10 55 65 19 66 65 72 23 45 42 55 95 9 14 4 94 77 62 29 82 43 44 7 27 8 38 63 74 91 49 49 4 31 71 90 8 11 87 24 89 2 42 25 30 30 3 98 49 13 70 57 61 50 72 23 53 52 73 82 73 94 87 89 62 34 62 88 39 73 12 53 13 19 33 53 24 63 74 62 5 39 9 68 70 87 16 61 60 63 6 88 23 86 17 18 33 41 49 5 90 11 44 28 97 72 96 17 41 1 14 22 29 66 38 73 22 10 10 74 21 93 13 87 92 49 93 41 70 87 7 32 76 71 96 43 42 28 96 57 84 33 81 26 20 5 38 39 3 96 79 28 20 68 59 47 53 32 28 81 76 48 87 81 12 31 72 85 31 45 32 92 93 23 22 87 59 69 42 30 77 77 55 19 28 68 7 54 42 41 27 90 38 57 2 81 71 27 23 7 79 29 49 67 28 53 72 37 50 69 98 35 52 1 52 53 80 58 70 49 76 91
71 40 72 43 47 65 70 38 85 84 91 45 84 81 63 3 23 49 89 13 36 37 11 17 73 82 50 44 68 9 67 68 27 94 32 39 56 37 31 91 67 96 94 93 14 9 67 44 52 53 44 92 29 46 89 17 72 74 29 62 31 42 28 53 79 21 50 88 91 18 89 85 99 27 88 50 79 42 39 2 59 15 46 80 86 90 48 6 69 84 51 52 68 50 69 65 60 16 59 56 23 48 31 1 19 35 59 47 47 68 30 82 42 4 96 72 9 10 42 13 61 42 44 88 12 72 48 98 57 47 34 89 56 36 58 90 36 4 93 26 76 81 5 5 68 40 39 88 86 27 59 4 91 44 9 16 48 23 99 99 11 56 56 52 74 89 99 91 44 6 17 72 39 81 92 23 56 96 48 67 2 31 77 99 70 98 29 1 14 85 59 67 2 35 25 33 8 64 34 54 3 56 62 30 34 40 50 85 90 95 13 86 19 2 72 4 86 12 43 6 29 88 63 38 87 11 79 86 94 57 8 21 9 51 22 1 34 89 61 62 56 67 8 54 6 30 21 95 78 7 62 93 79 2 77 66 4 61 47 30 77 78 13 49 1 36 97 54 1 63 55 40 58 19 65 80 66 46 68 68 40 28 71 65 78 67 99 10 28 76 52 21 9 36 13 83 5 62 79 93 3 98 11 62 18 78 39 70 23 16 4 61 35 22 6 38 31 5 92 92 64 17 81 64 46 87 25 52 75 83 24 54 31 89 58 75 93 91 16 71 94 18 68 27 38 45 10 19 97 33 12 9 44 49 29 3 89 38 41 81 45 64 82 1 53 75 65 77 93 35 98 38 3 21 88 86 94 99 38 40 70 94 85 15 5 29 60 78 7 9 16 64 42 74 1 27 19 61 98 36 15 3 50 7 97 70 4 67 70 26 79 59 61 61 45 79 52 32 84 30 45 31 47 43 43 67 38 8 47 45 24 23 31 7 31 48 59 36 5 44 86 47 36 8 59 19 83 44 69 11 82 51 40 55 9 21 15 71 44 16 95 25 80 59 38 75 3 59 46 40 13 93 11 81 41 36 41 99 36 53 8 61 72 15 80 8 21 64 52 47 93 73 79 12 99 13 85 91 73 13
81 42 45 53 99 96 80 19 84 47 83 46 58 47 79 77 95 14 43 67 49 21 85 72 41 51 35 46 87 81 36 11 64 95 63 32 93 73 73 82 39 41 96 94 49 60 94 51 42 2 53 52 58 9 75 83 58 29 72 9 56 70 97 45 93 76 14 12 28 30 2 32 20 71 60 74 83 68 32 64 68 9 95 34 34 36 70 96 6 91 8 89 89 38 90 42 10 33 38 71 72 52 94 94 98 31 11 45 84 28 40 62 22 76 48 81 66 86 74 53 26 92 62 37 7 32 94 41 89 23 30 17 73 3 58 9 59 76 67 51 84 50 63 99 17 50 29 53 91 3 44 20 18 64 76 30 12 27 15 9 42 91 81 94 78 55 20 60 55 77 87 99 57 75 1 78 4 19 52 83 36 60 9 84 35 8 20 9 82 93 17 53 65 96 55 9 1 90 13 3 6 59 78 16 98 62 70 3 47 27 40 86 91 50 10 62 1 5 60 31 46 33 23 72 85 7 93 5 86 54 26 87 26 95 48 3 61 80 25 92 34 60 10 39 81 83 42 25 73 77 87 97 69 46 91 41 69 37 97 89 12 54 15 82 22 81 18 32 3 38 20 1 8 99 5 65 96 6 2 89 56 14 26 18 93 70 4 19 52 19 54 69 49 43 8 1 18 52 12 1 30 77 11 14 62 84 69 49 62 67 92 28 78 23 43 48 81 1 77 63 16 73 54 62 17 6 73 62 86 62 59 50 51 58 52 67 78 60 1 44 45 71 23 12 52 21 90 47 93 14 11 48 75 1 94 40 69 10 49 58 92 82 18 56 86 9 90 30 44 45 37 75 70 58 5 80 57 55 24 66 41 79 75 6 23 24 80 58 96 57 95 37 18 8 42 96 82 89 22 97 66 15 51 59 10 25 59 28 83 44 6 40 41 72 3 14 6 94 71 86 13 70 69 39 70 18 81 55 24 92 64 81 14 18 2 76 36 18 40 13 70 32 50 44 29 1 37 57 11 9 83 95 98 70 69 74 30 8 27 44 93 44 46 10 98 37 16 24 69 71 10 78 46 41 35 44 18 85 69 50 93 77 1 76 52 79 74 58 63 67 2 89 9 18 2 78 90 20 55 67
19 93 28 72 78 52 53 81 14 5 94 79 68 58 86 68 89 44 65 5 48 72 65 70 21 58 67 74 63 72 70 56 40 88 72 18 2 77 74 70 45 20 49 61 38 91 67 58 47 49 79 15 91 28 30 15 45 58 74 48 46 48 82 72 1 27 80 28 3 73 17 56 80 35 5 54 46 5 73 57 71 48 56 29 80 58 49 55 18 49 53 60 90 41 49 9 27 65 87 13 23 86 71 96 35 95 95 4 44 97 2 75 29 51 59 85 57 93 65 13 22 93 60 72 3 1 6 55 11 74 95 16 90 3 19 51 81 99 61 61 26 97 26 59 13 24 75 55 36 61 60 39 20 70 8 65 38 4 36 19 41 12 37 3 81 96 12 12 35 44 54 9 10 35 8 24 92 1 70 47 48 47 90 51 54 34 6 31 35 96 66 37 24 82 68 81 48 21 81 96 33 9 27 50 71 75 93 88 28 45 79 27 32 90 19 23 98 55 17 22 46 61 41 48 58 76 88 26 4 15 66 85 37 17 92 57 27 28 72 56 96 28 42 76 3 15 83 46 5 73 98 4 8 81 20 94 9 19 93 37 8 45 71 63 58 34 88 44 57 98 41 7 57 48 11 6 20 68 49 86 66 49 85 34 93 94 29 39 42 49 27 13 41 59 90 70 7 52 5 61 41 51 46 62 67 10 50 51 4 18 50 75 13 8 7 35 81 91 49 6 61 2 92 37 33 98 76 32 93 11 89 99 41 41 67 89 32 51 70 32 13 75 86 76 33 16 47 28 37 60 51 12 5 38 11 35 76 44 90 2 94 34 82 60 80 56 90 63 70 3 3 8 80 6 76 39 63 99 89 94 43 5 49 99 74 10 21 45 49 86 11 6 83 33 67 67 91 18 29 37 89 82 96 64 77 4 43 46 57 74 71 50 16 10 12 18 70 88 22 16 57 94 12 60 65 49 29 8 74 69 61 41 80 90 94 4 65 36 4 1 80 95 66 29 87 36 10 69 19 5 61 17 87 27 60 52 80 18 4 2 40 73 29 81 6 62 86 95 20 72 49 1 49 52 10 12 91 92 10 25 72 22 3 38 63 30 24 11 64 32 48 43 13 12 92 50 15 5 14 5
98 55 70 63 78 83 68 16 97 66 96 50 20 52 25 75 31 94 49 22 50 86 35 89 73 51 19 94 45 65 14 93 78 72 60 49 95 60 91 41 10 43 25 67 77 6 80 36 93 82 31 74 29 7 80 81 12 95 21 68 55 47 83 68 67 12 97 61 98 89 54 20 61 54 25 16 54 6 40 26 19 67 96 59 43 86 40 67 68 91 23 62 64 40 96 12 12 91 1 75 41 6 91 76 84 69 57 99 61 65 38 32 44 33 54 49 52 78 53 52 90 64 12 39 75 34 19 45 58 51 80 57 98 52 66 73 46 23 94 32 97 86 52 38 65 98 7 94 86 56 47 28 56 43 51 95 7 50 91 98 9 6 78 55 58 2 62 62 38 72 22 42 90 23 38 69 30 17 62 5 12 95 49 66 85 7 95 69 84 49 6 35 87 54 78 11 40 92 62 19 91 53 49 59 79 51 59 20 42 30 22 92 77 38 99 74 8 23 29 21 86 9 27 61 11 99 93 19 48 29 37 1 9 26 29 91 24 34 62 31 24 59 70 9 32 93 95 65 59 99 75 6 7 11 57 85 75 60 42 3 51 93 97 25 95 9 41 40 91 17 35 54 53 28 39 39 34 16 32 84 14 87 96 29 30 99 55 41 16 99 45 34 35 1 11 1 44 96 58 56 11 99 48 16 75 8 50 81 56 68 5 46 64 63 49 52 50 89 93 2 32 33 97 14 50 43 12 54 48 19 99 47 85 90 35 8 95 62 91 30 43 69 91 24 79 44 64 88 53 9 24 71 19 27 81 90 39 14 83 16 93 69 41 45 61 20 47 7 83 59 29 86 29 94 39 63 56 70 32 65 40 50 98 2 65 5 2 5 73 62 61 7 92 42 87 73 68 31 69 34 39 84 82 9 3 20 61 30 32 35 38 11 85 6 62 34 37 16 98 1 28 75 2 82 4 32 44 19 39 85 48 19 36 69 12 52 2 45 12 79 66 82 97 43 50 49 84 27 49 58 33 59 26 23 65 91 83 60 32 4 45 86 76 24 80 38 16 56 2 89 34 38 41 46 64 29 35 15 16 85 60 19 55 64 65 19 46 51 91 28 23 21 48 69 20 97 80 47 16 22
