20 500 29355 140.37
72 49 53 39 84 60 93 75 86 59 83 68 72 73 10 64 78 3 26 87 85 45 90 37 99 25 34 15 79 61 11 64 92 72 83 40 98 13 64 57 6 85 93 67 72 77 58 73 23 11 51 90 84 43 69 27 59 61 40 50 25 6 20 85 69 86 77 40 98 59 4 35 63 5 20 32 79 24 73 94 91 44 96 34 7 8 11 42 94 38 30 78 18 32 26 53 48 25 91 37 78 24 30 95 85 78 80 99 36 79 42 66 60 68 10 19 39 9 74 82 30 94 30 86 25 88 59 43 9 92 76 36 4 50 46 65 77 56 59 7 31 20 29 51 10 31 11 21 84 16 14 59 88 61 98 63 11 93 25 81 95 56 44 52 1 90 25 22 55 23 88 5 69 46 27 76 1 5 34 70 53 50 16 65 86 94 1 79 87 33 40 12 79 38 30 67 10 98 3 79 82 36 17 14 19 83 2 67 76 84 32 82 7 65 15 13 75 33 95 90 22 39 31 23 38 82 91 26 23 54 31 88 72 53 5 57 76 32 47 74 12 60 60 52 41 80 98 58 70 9 90 77 16 31 43 1 61 67 74 36 38 42 53 28 81 25 89 77 49 52 6 78 30 29 72 22 56 97 41 50 44 35 72 8 30 55 82 69 53 1 88 35 27 70 66 38 18 92 92 81 55 68 40 58 25 57 49 88 61 41 33 13 78 55 36 20 72 21 83 65 9 87 32 24 73 11 67 69 28 3 36 59 48 50 33 75 21 49 29 4 64 11 12 91 17 84 30 24 72 74 28 33 98 18 71 66 40 77 39 83 92 77 41 48 20 8 10 47 51 41 32 98 58 86 88 2 12 34 72 13 28 73 95 38 98 66 89 39 43 52 82 27 94 97 73 14 74 57 85 33 71 50 41 86 70 89 53 22 9 56 11 18 76 45 80 2 10 63 81 30 7 11 17 71 60 58 63 61 24 48 68 3 9 53 57 53 48 92 11 5 8 48 29 41 26 1 55 18 68 45 57 55 92 3 17 14 18 68 4 19 96 9 16 87 6 32 43 71 64 77 70 50 34 14 38 16 41 20 79 63 23 45 12 30 29 95 26 61 61 36 37 42 20 45 85 39 55 47 46 87
76 66 60 77 79 88 92 66 97 93 69 45 89 30 28 53 9 78 90 24 53 49 61 41 81 34 20 62 50 86 50 29 65 31 74 96 98 75 51 81 86 56 80 97 48 66 88 66 47 73 89 53 45 72 39 71 47 22 38 22 21 29 22 93 25 51 62 9 71 70 70 39 2 91 13 30 27 29 57 67 86 5 3 99 95 81 59 67 92 26 23 8 49 73 43 50 13 62 73 75 31 92 27 89 63 63 73 4 3 82 81 64 43 23 85 5 45 86 86 74 7 48 98 73 18 78 60 5 90 6 18 53 78 10 1 16 61 13 57 62 33 61 52 95 77 88 31 11 58 8 34 77 45 87 69 82 74 72 62 38 95 88 21 34 70 68 17 86 41 24 4 29 95 27 60 18 5 20 65 38 31 34 81 2 50 46 86 80 92 87 56 25 71 9 96 44 29 86 48 10 92 57 65 5 96 81 69 82 40 8 89 68 21 6 47 78 20 10 62 86 96 49 91 55 67 57 55 11 72 57 57 75 2 50 72 26 33 83 53 72 26 73 3 16 1 39 8 43 75 46 64 9 18 58 66 58 40 16 82 31 97 70 3 28 20 43 30 43 94 64 85 15 5 89 42 45 57 38 74 60 75 74 10 56 79 8 22 48 86 11 58 31 84 86 8 66 46 58 36 80 75 30 14 46 96 73 32 10 92 35 73 58 41 98 81 68 75 48 72 7 71 50 21 20 76 29 4 85 70 92 60 33 19 49 18 49 85 92 22 52 29 53 22 23 37 55 46 13 71 36 33 39 48 30 41 15 16 30 1 49 91 55 52 83 14 39 65 65 79 19 61 22 91 18 85 87 32 40 34 99 28 45 89 24 49 94 14 53 54 13 39 60 75 76 98 14 36 41 38 33 49 87 25 46 20 96 8 65 77 21 79 28 39 49 34 86 24 40 80 20 30 63 33 88 26 16 32 55 67 28 97 12 86 25 92 42 75 27 83 80 12 68 72 24 44 11 28 25 90 63 60 99 55 8 46 2 87 44 15 10 29 41 86 53 40 97 49 69 1 68 32 18 32 88 39 53 87 81 80 7 59 29 5 97 55 76 31 80 88 49 70 62 60 48 31 93 55 22 41 24
99 62 72 99 45 77 45 96 58 71 72 78 90 21 93 94 54 33 73 46 51 4 60 89 29 88 36 70 19 96 76 95 39 51 63 49 47 17 91 80 48 47 42 56 60 25 23 1 58 3 26 59 63 61 61 93 45 33 52 52 78 62 22 38 21 35 1 63 27 75 53 22 16 30 34 24 35 88 54 62 5 98 91 50 47 49 51 16 43 10 48 88 37 29 42 73 48 7 65 64 68 61 83 84 60 21 15 57 83 72 77 72 63 2 16 40 14 97 97 76 94 8 68 66 73 81 51 21 60 54 49 8 97 63 33 65 79 50 16 65 38 44 96 27 65 3 99 28 88 11 84 87 6 28 7 96 6 69 45 91 20 29 21 24 35 45 31 43 72 64 35 74 97 44 28 93 63 57 39 42 5 18 84 65 25 70 5 27 5 25 5 84 57 57 35 63 71 79 86 60 37 74 94 53 59 61 36 49 13 55 51 77 26 67 17 9 71 99 17 97 56 68 18 54 93 28 55 86 33 40 61 36 26 14 24 44 72 85 75 17 56 87 1 77 50 58 95 8 61 59 21 6 84 14 69 73 4 58 33 54 91 97 31 44 66 56 83 97 22 86 31 67 13 46 43 95 84 19 49 43 36 19 28 33 35 95 34 49 68 98 59 45 71 30 44 30 16 80 89 50 94 3 44 70 1 41 67 69 96 73 81 78 69 34 78 79 8 84 20 80 27 52 14 9 57 14 41 8 21 68 40 36 80 54 52 76 28 67 90 92 15 33 22 63 78 95 19 12 80 50 81 75 44 2 74 68 69 91 74 38 29 35 3 8 30 29 30 46 83 59 58 21 97 64 68 55 87 43 31 16 44 55 14 72 87 27 22 71 15 58 24 32 10 51 2 74 64 43 91 65 16 74 49 77 77 60 39 38 11 33 9 46 54 40 72 72 24 23 32 9 89 64 57 24 96 9 65 82 87 93 99 61 73 20 71 3 26 9 22 9 20 7 61 92 59 55 39 47 68 12 44 98 98 13 64 20 65 68 20 36 2 19 19 96 45 39 38 34 95 74 92 98 73 41 6 67 83 94 31 86 42 31 46 12 14 42 5 89 61 50 42 49 71 5 81 60 28 84 78 46
41 42 55 38 33 67 47 94 54 55 81 41 17 94 44 32 81 78 55 77 52 86 84 99 24 37 42 62 67 75 27 83 91 74 45 28 40 60 50 39 47 91 63 64 53 69 48 45 67 26 54 53 65 68 66 17 28 76 11 15 95 20 76 62 46 41 69 33 81 87 54 44 24 98 99 35 50 37 65 54 99 80 44 8 31 23 98 25 22 79 21 43 20 42 56 66 57 7 39 77 75 30 32 45 72 44 2 1 85 15 84 98 95 16 52 54 52 67 4 59 79 89 93 31 54 94 26 52 96 78 8 74 14 40 89 70 8 29 71 22 98 85 78 66 4 79 47 38 31 49 30 18 20 48 58 88 48 67 80 56 17 95 71 81 2 72 64 91 12 76 25 48 24 35 77 9 58 52 63 82 89 60 46 1 70 45 4 76 3 37 73 8 32 83 32 60 52 7 66 88 75 23 36 78 40 70 53 18 29 42 93 6 93 83 34 52 50 73 56 94 1 26 1 61 51 62 48 71 17 35 47 32 37 61 79 24 9 67 68 62 75 99 82 92 45 17 19 64 69 97 75 14 40 82 82 47 98 82 63 8 23 80 60 51 26 12 67 61 38 90 31 58 72 16 41 94 58 64 69 45 59 91 27 77 14 73 60 80 45 5 84 18 8 86 37 5 42 55 75 7 63 68 88 31 86 68 56 72 13 15 66 70 23 24 34 81 6 68 63 45 93 48 18 8 92 5 56 37 11 2 66 11 33 66 39 71 89 63 68 74 96 84 85 49 25 46 18 96 40 57 81 43 93 81 93 21 30 65 63 62 44 35 51 15 51 12 61 78 16 39 28 45 14 51 10 74 41 5 53 47 51 76 97 26 52 94 80 78 16 52 39 24 7 37 74 65 5 18 2 19 2 51 1 3 7 4 37 56 17 91 98 43 80 4 72 74 50 1 30 95 61 53 96 68 91 23 56 22 96 92 1 43 27 60 7 87 74 38 57 6 92 20 54 67 49 7 13 49 21 33 91 89 69 92 96 9 83 77 44 23 38 29 76 9 34 56 35 63 12 11 8 62 88 57 87 69 69 43 25 94 10 3 66 57 85 10 86 67 32 52 27 3 12 11 37 58 12 73 33 77
43 77 84 75 58 98 83 40 97 47 69 97 55 83 72 53 74 99 66 13 41 64 63 55 46 88 61 80 45 42 51 83 2 34 91 89 89 82 78 82 26 21 27 35 36 17 8 59 51 15 70 69 7 99 17 67 56 22 55 93 75 99 4 57 19 38 55 45 11 31 70 36 97 50 57 88 45 30 62 92 90 83 80 90 63 15 12 10 21 91 14 74 41 44 36 58 9 70 71 1 50 7 79 68 63 61 87 68 89 79 26 79 87 14 11 99 51 6 13 30 24 51 31 81 86 86 8 38 13 18 84 47 6 79 36 81 70 66 37 27 49 34 49 14 8 92 69 30 15 33 84 37 19 77 84 93 8 30 43 86 15 73 6 31 50 75 83 88 36 99 93 70 98 13 22 9 96 32 67 74 6 61 73 33 75 15 15 20 56 6 6 57 78 97 43 79 5 41 28 52 23 76 77 71 47 68 8 7 2 22 51 15 81 6 62 17 86 23 63 27 61 26 77 69 71 21 50 1 93 60 25 68 22 98 36 87 14 89 78 4 88 10 81 5 17 58 44 22 24 7 62 47 30 16 4 48 77 79 38 85 31 12 10 19 69 20 69 55 88 25 98 40 42 50 58 21 89 13 77 47 3 6 4 69 28 87 26 94 29 36 40 1 76 60 21 61 72 90 63 28 2 60 11 80 25 64 93 69 66 8 68 23 61 53 72 56 51 59 11 73 51 9 32 48 5 28 86 35 90 6 39 87 50 83 34 43 15 99 98 84 10 77 67 56 3 73 46 83 35 16 50 42 28 88 77 19 1 16 86 44 56 61 80 76 12 36 96 94 12 81 68 17 81 78 17 20 87 23 24 15 19 52 32 26 25 61 8 2 79 18 59 38 1 57 60 57 17 86 76 77 95 62 52 61 17 97 44 71 8 52 56 71 25 73 60 62 86 1 24 73 93 90 5 73 25 97 26 44 3 61 70 97 56 1 79 55 37 58 63 88 3 22 68 42 12 32 4 19 7 44 86 62 18 83 76 58 59 7 75 16 81 87 78 72 88 9 1 33 95 55 42 84 4 60 45 45 76 4 3 22 28 98 15 29 98 47 68 7 35 9 61 58 5 17 44 17 53 5 28 13
25 83 96 71 61 20 84 13 26 92 92 90 20 92 78 62 16 72 18 63 66 66 30 46 42 85 81 95 82 95 82 78 96 97 88 19 27 58 22 72 2 79 64 51 96 36 43 30 78 99 40 59 94 76 91 3 86 34 82 70 1 89 8 22 47 89 51 74 42 24 84 56 63 51 55 84 63 92 31 69 75 27 84 10 27 53 54 79 3 65 82 81 6 43 30 86 33 46 5 42 44 21 72 54 54 72 85 20 49 23 54 32 72 87 75 9 58 1 12 75 20 2 42 2 43 81 8 56 89 7 66 78 39 45 33 81 46 6 17 54 68 97 80 83 85 95 40 12 49 62 68 75 69 76 87 15 37 45 31 42 74 65 64 43 90 85 21 28 35 21 35 58 54 99 40 23 24 30 40 16 37 22 78 56 57 81 96 97 70 98 41 26 86 48 99 2 57 30 1 1 54 24 30 97 51 8 2 3 42 45 30 39 6 45 87 66 77 62 75 39 24 78 3 27 25 10 52 12 73 42 94 74 5 4 8 96 2 86 87 13 73 6 61 35 68 92 45 34 41 8 76 27 44 16 83 90 22 42 89 74 46 84 96 88 48 98 43 42 76 81 54 62 86 48 83 6 23 4 93 21 6 5 75 8 98 40 5 25 30 78 97 74 92 63 63 60 65 71 57 15 73 22 59 21 16 93 46 19 96 27 54 69 11 60 81 73 17 88 90 67 15 93 73 20 33 4 49 91 7 2 31 99 8 18 92 74 31 69 12 80 37 67 94 29 14 17 61 62 63 73 58 20 73 28 63 88 52 41 49 43 1 19 43 61 76 81 85 11 68 26 17 13 92 24 73 10 76 25 28 43 88 37 34 16 71 47 87 50 8 47 36 5 68 25 7 68 86 32 77 83 74 20 33 60 97 66 63 87 60 72 65 58 93 10 11 3 33 69 12 51 48 25 36 41 74 19 2 49 30 57 26 19 74 98 46 53 52 77 93 75 1 62 24 39 61 1 32 64 8 44 47 70 79 51 80 44 34 6 74 32 54 56 61 5 80 51 70 36 75 76 58 19 32 74 11 59 46 21 12 93 86 61 36 29 53 80 47 27 30 28 6 80 36 83 44 52 86 96 75 63
45 89 67 60 51 72 91 59 92 50 59 40 93 78 16 93 98 35 23 99 32 49 40 33 84 77 47 21 96 51 67 71 74 25 15 75 63 95 22 38 68 1 57 64 45 21 52 10 85 37 72 56 36 68 16 21 66 82 19 48 20 27 94 83 64 64 65 42 89 39 64 37 85 8 17 69 84 73 47 22 16 58 53 82 79 69 13 63 99 31 12 41 76 67 24 88 62 41 73 40 5 54 94 42 31 63 44 89 55 22 83 30 97 56 28 92 71 44 44 99 62 84 21 14 87 6 80 48 1 93 70 36 73 93 13 9 24 47 68 7 23 25 89 87 71 46 40 46 47 82 50 50 75 4 58 27 44 29 52 35 5 96 9 44 4 35 64 32 66 12 17 12 37 57 68 27 30 45 6 41 40 35 43 73 44 21 67 89 47 69 61 6 93 41 14 41 31 77 4 80 79 97 52 85 40 36 5 80 85 15 91 36 33 82 45 32 22 70 9 71 9 44 26 25 39 49 82 83 21 86 11 98 6 83 48 15 39 96 16 28 61 96 87 11 11 34 99 81 9 84 8 47 73 53 55 52 49 5 36 31 62 29 55 77 43 14 39 30 7 7 46 95 30 15 26 54 7 99 94 1 30 23 35 84 58 18 45 37 78 23 63 59 4 18 63 54 56 99 74 41 24 9 41 81 64 3 29 18 27 64 80 63 44 90 75 61 85 62 56 46 20 93 4 45 61 67 24 51 7 32 41 26 17 37 12 59 3 93 4 61 42 55 80 63 80 49 93 12 73 84 72 19 76 35 73 25 37 15 22 13 26 44 99 23 10 93 93 65 36 59 41 34 59 83 28 55 41 49 77 41 77 81 24 37 8 3 85 81 58 78 73 4 25 58 9 54 25 84 14 36 94 39 36 36 33 86 92 4 44 25 8 94 84 60 90 90 54 16 41 77 32 31 71 2 1 63 39 93 75 85 83 49 90 51 80 88 86 8 54 51 86 23 54 54 91 58 37 1 32 28 43 26 77 68 42 56 5 50 49 14 18 14 34 88 36 61 27 76 8 46 37 87 9 25 31 52 23 67 57 79 60 93 93 46 73 92 82 81 41 42 95 48 10 83 69 22 60 45 60 99
80 7 70 91 85 77 49 78 48 47 60 63 80 80 55 87 27 14 59 70 83 38 40 38 18 76 37 20 5 1 85 97 63 76 96 89 24 11 84 35 97 23 67 26 29 82 91 54 53 61 9 30 87 65 98 30 57 64 51 35 64 25 40 39 28 90 1 59 21 54 94 80 60 73 95 73 90 73 89 25 50 13 98 80 73 13 9 42 24 91 94 71 81 85 99 41 69 16 93 36 13 4 49 98 76 8 82 7 82 34 7 56 64 50 51 76 43 42 66 13 87 70 70 98 10 56 76 30 86 72 87 19 88 91 6 21 68 57 67 88 82 30 58 12 87 78 5 50 54 22 98 27 32 1 58 34 14 62 37 51 34 58 59 57 27 97 71 89 6 85 62 83 25 13 58 84 36 62 78 46 29 96 7 10 66 48 96 44 26 2 89 40 34 26 89 67 49 86 91 30 83 23 15 1 15 77 21 51 72 40 75 69 42 9 68 4 5 21 67 38 26 49 3 80 27 67 73 80 70 82 13 72 87 40 50 54 22 19 70 91 21 94 25 41 23 77 34 22 53 28 52 12 72 39 9 15 29 49 9 60 70 12 11 93 38 70 29 23 37 55 56 94 80 19 95 92 62 50 46 96 46 62 88 4 48 80 57 24 75 96 5 82 86 56 28 71 64 39 78 38 33 63 39 90 81 5 63 60 46 85 92 16 83 20 3 77 15 80 35 39 2 19 78 64 76 69 33 79 94 48 86 16 1 41 34 87 23 18 1 99 11 33 24 84 21 77 1 45 64 50 57 8 56 44 13 78 21 3 28 76 3 73 78 2 18 83 78 65 19 59 55 52 41 14 33 5 83 14 41 32 93 68 89 81 30 52 17 77 43 55 21 56 81 17 25 96 44 47 65 32 13 74 46 67 29 87 16 76 48 70 73 99 68 92 27 43 66 23 81 32 50 83 23 18 65 55 72 19 60 14 50 80 47 48 96 47 33 30 40 76 40 52 49 48 15 54 39 31 14 21 29 36 53 65 79 38 14 23 1 19 87 20 64 84 53 96 33 68 28 4 50 7 94 49 45 96 75 25 53 54 56 29 67 30 89 47 3 31 57 67 50 26 27 39 61 49 54 68 17 70
97 26 78 86 92 25 65 78 20 98 87 26 80 64 62 82 61 10 39 75 63 30 95 99 12 36 70 95 95 55 8 21 79 28 80 32 7 73 4 64 23 72 41 62 67 30 7 72 29 85 50 87 34 68 7 93 90 55 80 57 54 6 59 2 90 35 71 58 10 7 3 29 6 6 84 74 7 29 80 42 71 64 51 42 92 69 51 67 50 56 96 5 30 15 13 89 45 99 25 75 21 23 80 14 53 39 62 95 23 7 37 58 37 27 68 86 17 57 37 52 3 16 42 79 80 52 2 79 34 14 19 43 14 6 62 51 6 48 53 74 8 21 1 94 12 40 73 79 24 50 14 37 32 18 48 84 63 29 14 5 73 50 63 94 12 94 84 6 38 63 26 29 31 60 54 76 60 25 99 35 61 57 7 14 59 31 55 77 83 76 40 33 93 5 23 59 77 98 20 27 36 13 3 32 20 96 39 10 71 23 8 8 43 13 89 89 49 46 45 75 1 19 81 51 67 18 79 47 28 5 12 50 10 39 62 88 25 49 35 63 49 88 21 28 37 1 13 16 44 37 44 82 28 13 67 30 4 87 60 57 61 67 3 8 46 57 73 5 50 5 12 23 47 8 88 97 80 56 45 93 13 60 20 34 94 5 3 62 26 83 14 59 43 71 84 36 44 44 13 81 48 40 21 74 70 50 6 50 93 35 63 85 13 84 7 34 6 45 8 80 51 16 41 76 65 12 43 6 67 21 95 13 5 83 65 28 77 79 18 22 98 52 49 25 80 76 16 41 83 75 76 69 85 88 3 80 37 81 79 7 63 88 15 33 11 30 89 37 39 87 10 36 42 59 62 32 8 25 82 31 8 16 38 20 29 49 53 23 92 1 45 85 48 53 72 12 39 66 75 82 30 1 62 24 63 49 33 64 66 71 49 39 63 69 74 98 31 17 67 96 67 24 28 37 53 40 66 54 29 6 22 93 34 99 46 48 8 75 27 67 6 77 85 87 60 29 11 73 15 68 41 22 86 89 48 79 65 74 51 50 13 61 29 13 45 28 24 63 72 42 21 61 83 52 45 38 39 9 89 95 28 64 66 56 98 79 11 26 54 19 17 49 46 43 57 11 8 21 21 75
87 64 37 79 26 15 76 63 73 56 28 91 88 30 34 24 76 99 63 52 9 81 74 87 64 23 61 63 89 30 93 91 78 75 64 93 68 71 66 21 96 55 17 43 47 37 52 58 51 88 34 3 96 45 64 14 53 91 34 33 96 9 49 38 68 62 85 86 24 74 34 90 68 96 28 64 96 41 19 67 46 38 71 24 52 88 90 8 18 65 74 9 32 99 18 12 79 79 46 68 49 70 30 26 39 11 13 14 77 31 3 75 18 87 91 41 96 68 10 49 76 68 37 7 46 48 7 73 24 24 62 89 12 84 13 40 8 90 67 72 55 87 44 33 93 51 12 64 37 4 47 10 9 4 29 92 51 53 58 48 42 63 38 81 13 24 98 57 67 29 34 86 87 94 1 86 95 4 13 71 47 62 15 69 54 44 54 15 34 87 12 61 8 30 78 73 84 98 85 76 25 61 84 73 51 78 86 14 89 69 64 41 23 95 48 49 69 15 8 57 78 7 1 14 67 8 71 4 51 11 29 19 34 36 15 56 33 58 24 50 50 35 25 61 66 7 44 34 83 74 99 75 70 27 7 38 50 21 59 46 86 58 41 41 82 62 66 64 42 45 53 98 22 41 16 90 22 82 4 39 66 47 67 9 84 88 75 43 38 47 57 14 43 34 76 79 32 81 39 24 90 64 2 52 23 56 53 70 99 51 55 47 56 75 60 12 7 88 69 28 63 48 6 70 58 4 64 90 27 42 67 59 8 8 27 9 7 75 30 5 73 58 79 40 85 26 29 83 93 18 49 92 23 94 80 15 51 60 67 35 6 36 79 37 52 61 54 27 74 15 35 29 26 56 36 94 62 37 17 56 41 85 76 19 40 19 82 19 88 40 37 73 30 77 12 76 27 12 59 54 3 26 96 1 31 1 12 15 66 29 20 13 32 9 34 93 54 56 60 54 89 33 79 51 47 98 87 54 34 13 94 40 99 82 25 21 58 32 85 78 78 26 56 63 45 81 84 35 26 71 59 52 76 10 39 23 71 1 52 14 52 27 93 25 76 3 12 35 16 22 63 98 47 35 57 13 4 25 19 11 37 26 56 55 56 71 79 1 31 97 9 61 60 50 90 89 35 55 41 52
9 84 75 22 72 64 54 86 34 52 17 60 64 89 78 61 39 57 49 92 98 95 7 26 95 97 60 81 86 90 84 63 74 17 14 79 86 10 31 10 37 91 32 98 63 52 97 91 99 18 6 95 73 49 1 11 82 41 51 73 77 99 75 56 98 51 34 22 97 38 45 72 92 62 48 63 20 97 25 63 34 69 69 99 37 72 13 45 71 5 94 35 9 35 80 71 80 11 55 67 57 22 96 84 3 48 25 29 31 29 1 80 62 74 26 45 63 72 30 88 50 44 23 52 31 25 91 34 93 83 56 58 11 5 94 49 93 54 56 77 37 53 54 45 65 70 41 56 93 53 2 94 23 37 94 11 86 80 15 26 69 20 50 69 29 10 5 85 79 12 19 93 20 52 81 7 9 23 64 62 17 97 58 43 33 17 86 13 64 87 71 73 47 2 10 5 47 32 65 75 18 61 46 85 56 41 80 54 99 21 25 30 18 18 88 54 22 51 54 11 13 12 90 92 84 32 50 60 7 89 20 53 11 41 69 41 40 33 38 12 77 90 26 50 78 13 48 99 17 19 54 34 24 34 91 38 87 24 82 71 13 74 14 1 96 72 59 62 4 49 63 72 54 62 79 31 6 97 45 26 28 13 42 41 87 49 29 41 71 80 98 70 67 81 48 47 73 46 75 53 1 85 15 83 21 31 56 29 51 15 1 57 31 1 21 67 9 96 90 40 74 33 8 88 43 48 53 74 29 99 31 50 18 4 81 10 88 16 64 89 74 90 1 16 23 44 61 42 8 86 41 88 83 28 65 24 41 71 21 84 44 82 30 38 22 27 30 65 91 38 73 39 54 76 14 22 6 87 67 12 1 90 29 4 74 99 37 30 67 29 93 34 13 98 41 88 58 58 32 8 64 51 15 68 95 2 86 25 62 86 20 45 78 29 95 48 57 5 20 31 55 1 68 43 55 6 81 39 78 32 76 11 84 48 71 33 60 36 21 97 19 88 41 20 1 36 52 92 74 74 26 22 33 85 7 35 28 82 59 78 63 88 86 70 23 45 14 51 88 16 98 17 57 66 34 44 26 60 2 56 57 52 5 67 18 38 75 44 75 34 59 41 67 39 90 2 52 82 87 92
97 94 70 99 58 56 97 1 68 1 51 78 43 90 90 79 35 81 64 14 20 46 85 86 88 65 54 23 34 73 82 2 30 74 73 84 1 6 53 56 29 69 84 90 45 21 56 86 39 14 55 1 79 90 91 45 18 5 37 96 4 68 96 90 20 13 88 36 74 18 29 74 59 31 33 34 87 30 1 5 37 37 77 11 72 75 43 78 9 48 5 45 73 85 59 34 84 85 25 56 96 84 76 52 16 7 81 39 41 35 44 1 1 41 94 40 3 25 80 20 69 39 52 89 19 14 98 66 32 55 64 20 56 92 81 64 47 15 76 31 2 11 12 80 67 14 27 74 18 79 81 74 50 2 78 83 96 20 37 41 1 41 42 91 57 84 27 13 31 29 96 8 33 39 29 14 34 92 83 66 49 91 93 74 35 2 96 5 31 38 43 2 98 38 80 58 35 35 8 15 36 55 27 62 42 24 89 40 11 76 57 99 59 51 53 31 60 8 23 53 85 22 35 48 63 63 28 15 42 17 67 11 83 59 58 1 45 13 32 18 33 96 44 16 13 78 65 19 45 25 5 31 14 6 52 38 36 45 68 39 90 83 85 63 93 44 99 14 2 35 52 22 69 13 54 92 44 22 88 88 53 86 55 16 77 10 7 17 18 15 86 79 16 66 20 73 11 20 48 15 36 24 91 11 38 32 18 30 13 62 19 72 16 45 68 83 32 83 40 5 84 17 2 28 68 47 29 74 77 49 40 17 7 21 45 4 60 91 43 27 71 24 2 23 53 41 44 29 35 66 9 41 72 80 56 75 99 49 37 50 2 78 83 13 59 27 93 5 31 83 6 76 84 67 66 47 23 48 62 18 63 96 6 47 5 60 19 13 91 86 35 28 28 89 85 55 50 94 29 55 11 44 49 56 11 62 90 20 75 31 33 62 98 11 43 71 66 47 76 37 80 54 34 85 88 90 6 18 9 10 55 41 34 22 90 47 1 3 72 31 86 87 52 2 96 28 29 39 18 65 15 98 96 72 80 71 64 28 83 78 10 58 97 97 15 51 34 4 13 25 87 19 96 76 8 69 55 17 87 5 82 17 19 17 71 32 45 9 37 6 12 92 21 96 91 71 42 91 47 14
66 92 54 97 68 89 87 79 60 91 58 78 85 52 87 81 54 92 79 7 88 95 98 67 50 28 67 46 52 38 22 24 77 54 80 70 46 82 50 22 47 13 2 29 28 97 71 43 87 55 43 9 79 34 67 87 39 36 50 61 77 14 63 17 3 92 57 30 67 43 42 34 66 69 87 1 40 88 51 65 69 48 58 8 18 84 99 73 71 40 63 61 81 97 36 92 94 54 53 19 91 87 48 14 49 93 28 84 50 73 27 12 61 62 32 65 39 94 37 88 36 10 36 7 61 56 16 75 60 6 17 8 15 55 77 47 94 46 19 85 90 28 38 55 11 90 26 71 45 26 99 41 66 35 90 87 44 34 62 20 32 91 27 82 84 61 87 12 83 46 51 52 74 36 37 90 10 39 89 20 98 99 35 58 45 3 7 66 15 77 73 17 16 85 19 55 70 70 59 24 77 45 46 20 86 37 35 96 3 63 45 18 52 78 76 45 59 54 87 97 82 13 86 84 90 44 37 72 27 15 48 37 42 44 91 67 50 68 38 38 51 99 75 22 86 62 8 16 43 45 70 46 95 51 16 25 35 11 93 45 41 3 59 73 43 82 61 99 44 54 89 70 20 1 50 60 1 41 31 5 89 89 3 13 74 91 8 68 26 82 33 14 96 3 92 83 86 22 59 19 57 70 25 1 62 7 77 15 96 36 91 30 81 46 30 55 5 4 66 22 72 73 72 77 44 98 62 55 3 11 9 26 5 52 35 13 70 14 56 50 52 40 18 47 67 98 27 55 12 58 64 40 60 26 20 18 64 64 74 6 57 63 79 79 17 97 10 4 23 29 92 52 73 16 77 71 83 93 67 26 73 63 26 56 21 81 4 6 23 17 13 13 50 37 66 72 51 60 49 11 47 73 75 87 69 3 43 76 10 40 95 15 43 39 96 85 43 81 67 91 64 9 10 51 94 5 68 60 84 31 41 23 42 3 89 57 93 21 59 57 21 58 42 26 61 72 86 35 99 61 6 38 26 8 36 6 84 99 13 56 14 29 85 21 93 6 85 44 29 21 32 35 16 60 3 30 44 7 28 56 98 81 73 79 22 29 3 21 13 21 94 54 27 26 72 23 39 97 33 7
75 99 29 54 76 90 66 98 94 71 83 84 7 93 85 60 67 53 52 97 95 32 23 26 75 34 64 76 51 55 82 24 7 36 43 82 69 91 89 72 17 9 84 20 76 21 14 16 26 97 93 29 62 50 57 55 35 15 87 13 63 65 77 13 66 36 19 70 91 30 36 93 91 83 7 56 75 43 66 50 67 45 71 45 61 70 10 54 19 60 2 93 18 51 99 8 22 57 56 21 5 88 20 25 44 46 74 32 93 73 60 79 6 68 17 73 39 84 2 18 76 26 65 45 21 81 78 17 17 69 94 79 79 42 24 71 48 22 81 30 59 59 21 63 94 30 95 88 91 48 8 22 45 79 13 47 28 82 56 81 14 91 7 56 85 58 69 33 50 49 67 65 58 84 47 68 78 65 2 91 68 70 35 24 19 30 81 55 23 81 58 72 65 70 44 34 25 7 70 17 89 3 43 83 17 33 19 33 29 69 14 30 28 53 76 65 96 86 4 3 48 9 63 79 99 1 21 69 46 29 99 85 94 47 13 72 98 95 82 26 3 76 6 57 33 21 28 27 87 66 42 98 10 76 47 63 75 7 8 84 12 72 60 34 69 47 26 63 34 77 96 2 54 92 14 71 51 27 22 37 43 79 52 58 59 19 13 87 55 32 10 14 47 7 66 12 25 24 91 26 78 51 13 42 57 6 22 65 13 46 10 46 76 31 93 46 47 59 25 9 34 1 52 94 78 59 77 89 15 75 1 49 14 45 43 64 96 50 54 18 31 79 65 98 82 50 42 17 19 31 93 11 91 27 80 10 26 90 92 37 97 35 31 22 70 80 60 48 17 58 6 65 18 99 11 11 23 1 29 13 34 25 37 50 32 79 69 24 23 70 43 63 14 69 84 80 86 8 52 96 33 19 77 39 66 29 96 2 10 36 39 46 1 19 50 56 51 79 96 28 36 56 52 75 95 20 33 75 31 38 60 4 7 14 41 33 65 72 46 71 31 34 39 98 10 20 87 21 98 78 79 54 18 75 39 23 10 61 62 54 4 51 29 24 81 91 40 32 37 47 75 46 92 90 4 11 70 22 31 52 34 80 45 48 13 26 89 78 91 76 86 70 48 79 51 54 4 22 19 97
46 88 8 79 98 16 20 5 72 65 84 54 42 13 73 67 64 57 15 75 31 89 91 96 47 57 71 34 30 10 71 63 30 60 74 18 93 70 64 48 40 85 60 46 92 82 36 45 62 89 74 45 3 68 94 94 72 86 69 94 71 72 41 24 67 13 84 43 38 78 46 74 61 36 54 94 10 13 72 12 39 65 76 51 41 91 47 72 77 29 71 5 95 49 89 83 32 23 92 49 86 62 77 46 92 22 15 80 7 45 81 72 92 59 87 24 81 1 68 25 60 90 90 23 70 94 65 53 72 92 96 72 48 58 2 77 87 79 3 39 31 20 44 61 58 4 64 79 62 81 95 15 10 77 5 98 80 33 82 52 33 29 1 12 66 89 43 2 53 8 28 86 43 79 40 53 5 53 39 47 20 36 77 69 55 80 15 22 26 98 24 59 36 23 29 51 68 62 37 37 28 56 61 50 57 8 44 71 88 45 78 6 22 85 85 24 25 58 24 72 63 46 24 8 84 10 38 29 56 34 91 68 15 55 28 58 85 44 39 89 57 89 48 56 21 55 55 50 98 21 61 90 37 54 10 73 25 98 2 41 7 25 18 5 77 52 35 68 1 57 36 49 64 70 68 15 30 62 92 32 28 7 24 96 61 64 98 44 14 9 99 38 5 60 18 11 56 23 3 53 28 22 80 53 28 77 61 21 48 46 41 23 37 18 14 82 80 19 21 18 33 88 17 22 71 5 64 8 38 40 95 80 65 69 39 68 9 95 24 18 90 56 36 29 19 87 76 76 78 6 50 72 26 61 31 84 40 93 81 39 80 9 51 35 37 16 84 7 78 94 26 66 6 35 60 46 79 83 24 40 5 80 83 50 98 73 43 29 37 25 52 14 31 72 38 51 62 24 89 12 22 93 49 60 35 11 24 77 60 17 98 25 15 67 98 44 80 61 93 10 91 42 11 95 33 13 87 24 3 89 14 24 97 33 18 22 94 81 91 37 36 25 48 29 55 67 7 50 5 40 65 83 71 35 68 82 41 80 61 73 6 9 95 92 98 41 27 92 65 15 54 30 95 25 55 94 53 64 57 60 59 23 21 27 64 53 53 38 24 92 62 96 23 83 35 63 69 38 49 75
69 37 89 93 75 45 73 4 51 75 44 49 82 17 41 44 93 24 69 58 63 59 53 44 84 84 26 52 54 70 50 20 92 45 77 57 53 37 33 91 86 15 72 73 98 36 96 11 97 91 57 97 30 47 16 79 87 81 18 86 60 59 51 68 32 96 8 80 75 66 91 56 89 22 59 4 84 46 24 57 41 86 88 36 92 26 15 58 79 52 69 59 84 75 31 22 28 94 11 97 93 89 5 24 41 28 58 26 16 53 34 46 51 7 85 51 17 98 4 58 50 97 58 11 42 1 87 88 61 17 44 46 35 97 97 21 12 45 24 55 86 89 59 92 7 92 11 43 54 90 70 31 61 15 40 38 29 24 95 31 44 19 95 25 41 34 60 36 51 43 2 6 39 77 9 2 20 75 74 31 61 23 33 98 38 96 28 20 1 63 85 86 8 30 69 52 95 52 84 97 55 58 40 28 62 87 53 27 37 45 98 94 99 27 1 91 49 12 48 91 52 24 25 51 70 48 46 64 18 17 77 45 32 75 42 22 73 42 15 53 29 8 13 53 11 67 72 10 89 9 38 35 87 64 52 3 74 24 55 75 67 82 77 15 15 62 61 16 41 1 90 83 9 20 25 4 74 7 95 52 12 78 58 29 37 84 86 26 39 18 9 2 57 28 64 3 14 89 27 12 70 9 50 37 46 81 26 97 70 29 70 92 76 9 69 28 20 59 22 65 24 1 31 48 96 9 50 53 14 69 40 19 73 75 88 18 76 30 24 27 48 14 45 82 38 19 48 33 73 40 31 28 20 26 4 8 45 63 2 69 67 37 19 91 85 94 23 74 1 27 81 65 31 31 39 10 22 49 85 96 15 7 69 75 69 76 10 88 63 84 6 20 33 57 49 64 5 3 42 65 94 48 81 1 95 94 63 81 94 33 46 60 81 16 51 31 66 25 1 87 5 23 20 71 19 53 41 37 18 97 21 44 5 63 90 86 32 99 41 78 90 56 34 58 39 22 46 94 86 57 69 39 51 60 80 21 16 88 32 68 81 53 84 65 18 79 34 11 38 67 35 34 37 75 52 81 93 9 52 93 14 23 77 66 15 33 87 71 44 10 46 2 55 2 13 40 42 20 23 58
55 54 12 39 41 99 9 93 82 80 13 7 99 37 63 94 19 83 99 81 88 94 63 76 10 59 63 41 72 86 32 15 49 92 39 87 9 45 84 82 87 93 63 40 72 99 87 84 34 85 78 67 3 22 55 27 79 69 99 51 91 43 34 51 73 10 39 60 74 56 92 31 48 96 94 61 13 82 49 55 88 7 6 72 6 57 53 24 10 86 59 98 58 41 96 4 94 51 89 26 63 21 78 8 13 65 61 45 53 22 22 80 99 41 84 16 69 10 77 89 14 15 13 6 99 29 34 24 2 51 82 96 30 62 25 25 12 22 22 32 42 18 61 43 1 86 61 46 41 80 55 4 56 14 96 50 98 60 16 26 13 48 88 17 95 54 14 3 8 88 68 21 63 6 98 51 84 24 40 45 89 97 14 67 67 51 61 64 56 11 42 35 34 60 5 45 4 7 93 69 35 67 26 14 28 58 44 59 17 6 73 10 31 87 65 46 14 70 2 87 85 25 20 98 99 84 48 3 23 61 34 72 42 86 20 87 66 28 15 85 28 26 34 29 19 1 88 83 5 95 11 25 82 44 79 34 24 74 71 99 62 9 32 32 25 43 14 18 52 96 38 74 95 88 45 41 22 24 49 33 41 54 56 27 9 13 57 76 15 4 91 4 13 20 43 56 87 86 63 20 17 20 42 28 97 6 23 1 96 20 66 23 37 4 64 93 10 2 18 10 68 4 71 90 73 23 35 63 17 39 56 8 93 66 58 7 57 26 10 67 72 56 93 63 48 82 51 94 71 78 25 91 74 23 6 95 40 61 4 54 72 62 30 90 74 48 10 57 10 2 76 53 61 46 79 49 80 50 60 5 32 50 10 35 42 48 94 17 91 55 38 59 98 38 13 2 1 70 69 4 36 85 96 6 12 40 2 19 35 4 98 34 27 2 54 71 76 23 24 10 24 56 51 77 11 22 76 74 34 83 79 35 71 89 43 33 42 43 48 7 55 77 70 91 99 9 77 66 10 59 9 46 72 26 84 41 22 98 47 77 59 75 29 38 83 4 96 34 53 36 16 23 9 42 33 42 74 83 28 46 81 64 54 51 71 81 73 50 9 87 10 84 91 3 56 16 50 72 12 81
56 22 98 76 57 92 82 26 62 67 80 26 29 86 87 1 64 70 59 76 9 63 29 99 40 18 79 91 84 75 44 81 15 31 14 17 71 68 96 70 78 91 22 70 71 86 69 99 93 42 44 57 4 26 83 91 50 73 56 35 42 70 22 31 98 27 60 86 72 90 35 43 34 86 64 97 89 85 27 14 50 18 68 61 65 5 70 29 59 64 39 66 70 36 13 18 31 81 61 80 40 83 44 90 11 89 58 97 52 95 81 23 13 65 11 36 85 42 60 13 71 96 49 87 3 24 38 64 68 44 51 36 51 79 49 50 67 77 94 68 61 42 2 60 71 7 94 74 41 62 40 48 40 80 99 69 14 36 12 85 90 89 34 19 83 59 79 75 44 9 98 14 80 13 98 21 59 22 18 47 79 96 99 85 24 9 16 74 40 64 16 4 93 95 60 13 96 94 24 50 57 39 84 81 38 76 94 23 17 15 49 63 75 96 93 19 5 22 52 85 16 84 22 29 12 94 41 13 32 74 14 82 78 48 97 77 28 3 65 7 92 53 24 25 41 82 38 5 39 46 52 80 81 4 79 16 16 23 6 8 16 5 63 24 12 56 53 2 79 45 60 45 20 25 77 1 38 93 22 20 10 27 26 97 16 81 94 3 73 38 98 35 62 67 63 94 97 21 22 10 14 5 39 86 16 43 80 36 28 21 85 75 40 27 52 69 55 46 48 58 61 56 6 76 32 69 58 90 12 15 3 92 50 45 51 57 44 41 69 80 27 60 92 88 45 97 14 13 45 56 60 39 17 94 9 72 26 67 47 20 42 48 65 25 15 37 18 23 98 32 93 24 36 75 14 55 28 78 85 46 24 84 83 63 5 6 30 40 57 65 35 62 29 49 6 94 90 28 69 42 61 56 48 16 61 50 39 86 76 77 10 90 94 63 63 37 62 21 59 4 1 57 34 17 2 23 21 99 94 50 88 3 59 79 17 93 69 65 22 52 18 40 18 32 39 68 44 9 42 98 18 29 50 98 7 69 48 52 78 55 39 34 27 89 88 10 56 73 23 90 40 94 55 23 65 34 71 10 72 41 88 11 78 49 94 84 53 45 68 68 33 4 88 55 40 32 21 59 16 76
85 98 67 45 81 94 92 80 49 75 24 79 80 76 55 36 89 49 99 61 94 46 65 60 22 1 79 83 70 43 45 55 31 80 15 57 47 61 97 44 81 93 40 84 64 84 93 43 27 15 86 26 64 31 72 39 29 55 3 4 35 76 96 70 93 92 77 80 47 65 33 41 51 6 23 38 60 33 91 49 29 84 2 72 7 39 81 99 87 19 59 78 69 97 67 55 11 62 85 33 59 19 76 58 41 54 41 34 12 38 15 61 70 30 23 41 16 63 50 13 83 9 42 71 72 13 18 26 68 7 49 36 70 6 88 48 10 85 7 79 1 55 52 26 40 71 57 17 39 75 89 32 66 67 43 5 53 26 52 61 66 27 72 22 9 37 22 84 7 17 33 1 83 19 93 91 48 90 59 82 60 59 39 50 20 87 1 8 63 11 24 73 39 21 54 54 91 1 41 26 50 41 7 22 45 98 13 49 39 50 65 46 25 79 83 96 57 72 2 29 57 87 73 80 1 63 29 54 4 94 7 34 8 33 46 33 17 65 32 49 40 35 28 27 60 84 63 54 98 86 5 19 99 71 33 77 25 16 66 20 12 77 7 27 27 85 75 26 1 53 51 56 17 91 17 72 17 73 98 15 46 11 99 7 87 30 18 93 31 74 39 5 65 19 69 2 70 74 12 44 16 39 98 13 79 67 17 20 94 12 12 64 9 22 68 59 76 6 43 10 92 29 18 68 61 40 44 82 7 57 23 15 13 19 48 12 45 20 76 92 96 22 81 68 68 15 29 76 93 61 3 72 40 64 56 77 58 81 38 35 7 6 46 72 39 70 87 24 17 1 1 27 80 45 25 95 71 26 20 89 27 1 17 12 5 98 87 63 82 97 65 61 9 90 51 35 35 75 56 4 24 61 3 36 2 70 28 44 76 37 2 38 39 77 60 13 91 56 28 94 76 13 16 17 62 92 22 36 70 78 37 32 89 35 77 50 57 59 4 53 80 12 37 24 4 58 91 41 2 71 41 9 41 84 65 17 54 18 86 23 69 62 73 55 34 47 20 17 23 49 81 2 9 46 3 53 38 26 90 44 43 54 17 23 30 59 68 45 28 36 35 5 30 64 3 21 72 24 11 61
91 90 87 40 64 35 52 84 36 21 51 90 35 1 44 9 87 74 63 32 90 14 36 44 99 40 86 23 42 45 79 94 38 99 75 14 49 66 47 76 79 5 91 8 5 36 10 88 71 76 98 53 83 2 92 84 61 84 63 82 12 63 48 82 32 51 58 12 74 21 60 25 21 31 94 14 18 41 82 65 39 38 96 82 62 13 78 83 24 58 27 20 47 28 39 97 65 10 53 22 27 19 76 61 96 8 35 60 11 50 81 54 48 89 62 69 60 94 61 13 28 60 30 9 83 41 56 55 15 53 29 31 56 93 69 39 26 12 49 93 54 62 18 58 9 54 94 20 90 61 83 94 46 81 24 68 97 40 31 27 71 9 88 80 78 69 3 40 56 73 14 4 72 23 37 5 99 33 90 44 12 48 47 22 27 18 4 27 24 65 91 83 7 4 75 63 71 96 22 63 99 28 18 21 43 32 85 23 14 33 10 14 14 66 39 56 24 24 41 80 5 67 36 93 60 98 60 22 77 20 96 64 94 83 75 84 40 9 3 90 98 15 55 34 88 21 15 87 8 52 48 12 95 42 13 92 35 63 69 33 75 6 1 31 37 65 14 87 45 30 60 11 55 28 29 35 70 71 49 79 33 85 31 67 55 45 78 16 39 31 41 77 23 17 37 28 37 51 67 32 70 41 87 35 47 58 11 81 55 67 12 33 69 56 28 72 1 30 46 65 31 17 58 84 87 44 69 70 4 9 83 15 71 39 24 83 3 54 53 43 44 17 63 53 11 39 28 31 23 41 44 33 79 8 46 57 67 21 94 35 84 16 78 55 21 41 15 63 83 16 90 47 16 77 42 83 6 20 1 12 31 77 25 96 22 62 94 44 26 29 17 94 61 16 42 30 55 39 28 36 76 2 15 22 6 49 18 21 73 60 69 46 96 68 28 21 87 21 4 67 56 96 57 73 38 8 69 57 66 55 55 13 62 22 29 10 2 47 87 7 14 57 50 36 56 85 77 28 10 31 29 45 73 12 42 48 53 7 50 68 39 75 20 65 97 68 74 9 70 56 10 77 46 59 54 59 44 10 46 8 79 7 29 34 37 57 33 97 85 62 29 36 26 11 81 20 10 71 16 32
