20 500 29608 140.48
36 29 3 65 69 59 29 80 15 40 13 84 36 3 67 59 27 78 37 81 9 80 66 87 98 27 53 96 49 89 20 13 2 81 53 52 2 16 67 20 4 39 45 29 46 68 65 88 69 67 79 56 88 47 70 48 72 87 28 62 69 6 12 44 15 28 43 89 78 60 82 23 31 64 43 67 90 85 96 32 65 44 75 60 81 62 98 71 36 90 55 8 73 87 98 58 99 13 74 93 68 49 83 7 62 53 47 35 65 40 44 37 31 89 71 48 64 94 70 14 90 61 48 51 24 24 83 45 96 22 17 28 40 11 27 70 84 91 89 16 72 69 62 69 33 36 60 51 56 82 50 73 50 18 57 3 47 40 71 51 37 62 83 9 64 90 22 29 25 45 2 71 13 15 93 95 3 19 99 10 27 30 71 40 71 22 66 77 45 71 89 42 31 96 29 7 70 10 36 51 65 90 49 75 82 57 59 46 18 5 33 5 28 56 20 59 35 46 16 38 22 48 73 41 77 88 83 98 63 7 81 87 18 80 64 67 17 70 3 83 19 9 64 41 26 55 6 83 49 39 39 47 11 33 90 77 45 85 17 60 29 57 8 51 54 35 67 71 14 97 3 2 79 26 8 38 36 3 29 40 81 12 72 67 43 11 84 92 42 89 98 76 54 64 83 9 82 18 2 6 72 60 25 52 6 19 37 78 14 81 81 60 75 58 16 31 50 57 43 23 76 79 89 49 49 97 14 55 72 85 86 85 85 89 24 69 73 68 94 92 13 9 14 5 48 61 33 58 20 99 48 92 6 87 61 85 38 65 73 86 61 96 82 34 6 90 88 79 76 39 93 9 35 18 64 7 13 63 80 33 13 28 23 6 20 39 61 64 69 74 47 8 69 92 64 36 48 80 50 39 54 88 91 59 80 84 5 11 9 28 8 56 7 5 3 32 65 39 75 83 37 59 4 29 43 44 49 44 93 12 26 12 67 66 45 46 44 31 32 90 53 35 76 69 1 47 52 31 43 87 8 56 13 82 26 87 27 86 77 10 51 12 81 32 10 91 79 25 72 33 87 49 46 32 6 30 48 85 9 33 12 9 90 94 46 17 32 37 98 1 26 36 50 69 85 43 56 2 40 81
39 65 59 76 1 70 24 1 16 23 73 8 46 74 74 52 88 51 81 83 77 55 94 6 82 80 95 29 65 38 86 97 75 51 9 33 90 87 24 33 96 30 71 81 55 4 82 66 26 50 24 52 81 88 3 75 59 43 7 78 45 20 22 66 7 75 7 99 26 87 11 86 56 13 98 81 59 25 7 45 42 38 6 22 17 69 96 49 76 13 70 61 55 56 67 34 70 73 41 1 60 50 37 57 9 15 62 67 10 58 65 55 97 52 77 59 50 25 88 89 39 46 64 73 25 52 22 19 6 17 73 5 83 51 79 24 4 9 11 97 34 55 55 45 36 83 8 58 84 67 23 37 39 37 52 53 95 23 33 60 95 71 78 46 14 98 41 69 67 52 58 65 10 8 96 29 41 53 17 87 87 40 38 65 29 91 98 52 43 53 89 95 8 73 1 5 93 24 43 71 23 31 46 74 7 30 85 37 77 7 90 69 94 45 49 18 87 33 18 61 4 4 93 15 88 90 45 28 6 45 71 84 20 11 98 16 50 81 86 58 40 41 46 48 24 21 17 39 52 71 53 53 60 14 77 74 71 73 24 67 76 27 29 10 2 97 34 62 93 2 7 20 16 22 76 81 28 89 65 99 89 16 46 28 72 75 69 54 17 29 10 77 90 47 58 68 83 71 97 52 92 38 83 79 6 15 67 63 87 43 12 97 79 40 73 70 14 13 65 12 84 37 31 75 35 14 60 65 34 85 39 85 32 44 12 76 81 99 49 1 46 19 35 63 53 5 39 92 14 9 78 82 21 11 4 6 44 47 36 5 82 69 19 1 17 91 34 36 79 52 34 27 38 32 46 7 42 17 68 55 86 9 37 31 32 8 15 6 10 50 57 74 61 93 71 71 25 11 13 42 83 65 53 22 51 25 50 35 10 95 49 87 33 8 81 24 69 58 88 43 46 84 81 91 7 22 29 11 77 80 40 96 47 91 24 96 4 16 65 61 76 11 81 51 54 79 16 77 53 93 5 32 47 63 68 62 44 21 10 38 26 73 46 7 81 3 34 32 74 17 15 30 2 37 38 16 28 55 41 54 26 80 59 35 81 50 20 66 35 19 9 49 25 40 28 72 70 62 43 83
81 18 57 73 69 92 32 85 14 28 96 91 17 3 59 97 24 17 8 58 93 92 87 92 56 74 23 4 59 30 68 7 56 65 52 90 47 18 3 48 43 91 30 69 89 43 76 52 17 6 33 20 82 69 73 55 30 54 93 98 60 61 95 65 90 97 72 18 68 12 40 21 67 14 60 71 15 75 43 31 65 84 85 94 16 24 33 92 68 41 3 52 72 80 45 71 93 14 34 91 48 27 96 43 58 28 55 39 49 12 67 38 91 27 31 85 24 4 32 74 99 65 31 8 5 56 91 53 73 46 97 37 33 97 52 42 26 70 83 29 94 8 13 51 33 32 48 30 89 96 83 13 44 84 84 2 36 20 60 15 3 33 15 18 68 81 79 10 96 56 9 83 73 95 69 31 67 5 15 72 75 21 24 76 61 67 97 56 75 58 22 81 14 48 51 9 50 90 2 25 86 18 79 59 84 4 69 22 24 93 93 57 72 89 84 47 61 60 63 24 43 75 68 4 24 96 5 78 96 84 33 68 43 39 89 88 45 81 5 61 32 62 75 94 1 89 58 50 40 19 68 27 87 41 44 66 69 66 36 3 91 59 49 43 59 52 95 55 25 76 2 38 45 30 35 98 48 16 17 73 39 56 86 40 96 70 84 6 38 53 48 54 20 74 62 75 8 67 38 64 67 77 79 28 94 81 78 32 35 51 82 39 93 32 97 90 69 46 20 75 68 35 95 26 95 71 51 48 88 53 79 87 75 70 47 34 41 89 8 63 68 2 71 57 25 1 72 49 6 5 22 80 57 7 55 53 3 17 95 93 50 50 42 44 80 17 7 89 29 71 34 75 79 65 58 36 41 39 4 95 55 82 22 9 6 19 64 55 57 94 23 65 93 92 48 49 71 20 48 26 24 24 68 27 57 97 50 63 99 41 41 68 43 9 31 3 54 77 89 9 7 87 51 78 14 4 75 72 83 7 19 25 17 13 75 59 70 72 76 30 95 20 10 63 64 53 56 76 85 10 34 87 62 38 26 20 60 77 48 40 3 32 38 83 33 18 61 56 73 12 84 23 71 57 18 41 81 25 65 24 97 16 83 10 68 45 45 10 35 35 57 73 48 75 91 14 33 9 11 58
60 15 69 59 22 51 69 86 57 56 7 7 38 97 99 75 53 1 21 10 18 88 55 21 64 15 76 81 3 76 72 62 16 71 80 22 38 58 69 37 94 20 87 12 15 57 49 2 75 78 89 93 84 49 13 91 55 74 3 4 15 13 68 25 9 54 55 14 86 90 58 74 89 68 81 50 18 46 84 10 45 81 52 69 22 6 66 28 87 42 91 43 19 41 76 47 20 79 80 12 70 81 48 13 94 85 40 64 75 79 63 5 57 57 3 2 9 65 54 7 68 44 99 82 12 91 65 76 37 95 5 56 8 91 3 73 56 19 53 49 73 66 61 20 21 76 46 78 75 8 19 78 80 21 52 47 20 16 88 92 42 33 82 72 88 90 10 39 88 18 65 2 24 21 8 21 32 24 73 54 12 12 50 87 67 12 89 77 89 48 54 29 69 19 95 51 40 49 16 8 15 13 95 80 75 53 12 21 94 10 88 98 4 34 73 72 66 66 32 32 24 33 2 56 82 96 50 26 21 17 92 62 6 7 84 59 95 98 82 24 26 81 51 83 22 54 65 90 30 3 94 23 84 79 58 73 57 82 28 34 29 36 52 11 59 6 34 1 11 61 7 93 66 81 4 74 87 18 75 85 26 41 83 90 55 87 3 6 7 96 99 33 69 96 63 50 68 77 1 72 24 19 21 68 95 77 58 16 33 23 47 60 58 52 30 25 21 74 95 60 26 78 72 16 93 71 36 9 93 80 47 74 44 83 60 32 14 29 99 61 37 90 45 43 36 17 71 52 25 70 85 66 41 64 55 70 68 56 51 46 90 99 10 10 92 2 63 92 57 73 30 29 71 73 82 93 42 45 46 81 9 18 69 52 60 16 15 44 9 60 18 68 29 31 5 46 75 63 65 95 69 81 68 20 82 43 31 40 86 17 47 45 35 18 58 7 26 9 53 92 50 4 33 70 15 50 15 84 4 87 79 17 38 3 99 56 26 46 37 28 41 39 65 86 53 20 56 61 87 2 73 86 9 3 70 83 78 33 19 30 25 64 70 23 4 61 60 10 79 43 14 72 90 4 92 34 68 29 44 72 3 55 94 5 60 95 60 25 35 22 79 41 21 99 63 95 10 75 13 10
73 83 18 18 46 46 56 55 70 3 75 6 1 8 97 55 60 2 88 19 62 48 34 15 30 1 46 33 56 96 95 92 99 48 28 14 37 14 97 68 47 38 79 74 2 91 29 25 95 44 83 28 31 40 44 52 71 80 91 47 77 25 54 72 43 19 80 82 24 45 61 77 11 4 59 84 90 39 60 8 32 48 5 67 21 93 26 95 19 63 38 29 39 7 25 57 80 5 14 74 61 30 59 96 98 99 67 72 36 69 75 16 39 44 52 84 97 50 95 94 59 27 80 99 45 10 26 21 9 98 28 35 43 12 5 83 42 82 28 6 93 54 69 89 34 72 46 41 30 9 25 74 10 91 93 51 14 85 53 45 76 57 71 82 90 95 23 11 52 34 19 32 42 24 33 7 23 27 43 35 94 75 89 77 94 84 86 72 3 86 19 97 50 87 91 96 49 31 22 76 46 86 45 5 86 91 59 34 42 8 85 56 9 47 37 54 47 3 81 76 51 28 90 11 51 68 41 75 50 34 92 26 52 32 15 46 77 10 24 61 86 41 16 39 15 80 69 82 50 78 85 43 25 13 96 60 19 56 51 36 18 84 41 18 18 74 28 55 99 82 3 24 4 43 80 43 32 98 13 17 46 6 91 37 31 62 98 54 29 65 67 50 14 50 93 45 16 26 42 82 75 89 86 87 56 78 48 69 32 19 29 85 22 8 9 77 99 31 98 97 40 86 30 81 88 62 66 64 41 32 56 11 59 88 28 25 19 11 14 17 66 58 93 24 63 45 70 14 55 2 57 87 67 50 63 26 85 16 76 64 83 96 30 47 41 57 78 5 98 50 96 48 24 84 42 49 68 58 94 45 64 37 7 41 22 2 70 64 66 18 97 92 62 95 72 85 91 11 55 31 36 79 81 78 86 22 2 55 14 18 84 38 10 49 53 62 36 40 33 65 2 34 18 84 17 67 29 42 32 98 92 7 17 28 31 58 69 86 65 25 65 29 97 37 49 53 93 32 60 47 79 44 45 14 27 42 84 99 26 99 68 57 12 99 3 34 17 64 14 45 64 87 51 37 38 16 12 31 98 15 53 15 13 55 31 77 10 36 10 2 3 70 26 18 26 35 77 69 6 19
64 93 49 45 59 90 88 95 83 73 96 31 31 2 66 58 94 36 84 96 85 19 7 27 9 77 44 25 65 70 33 94 28 27 9 99 13 10 42 88 83 38 59 20 70 23 15 87 31 27 6 93 76 79 34 14 93 22 78 61 29 74 81 35 53 46 13 18 13 43 15 44 97 83 60 88 77 71 22 98 81 58 43 86 30 26 83 39 22 37 63 51 74 96 87 49 92 75 1 92 67 71 97 27 59 12 69 17 57 16 16 69 66 31 70 52 74 83 42 52 37 63 31 43 73 94 52 51 91 15 28 90 37 3 43 82 19 74 73 35 50 98 25 45 59 79 42 44 78 41 35 75 32 7 11 91 62 78 54 48 76 44 46 21 6 4 98 91 71 40 77 17 7 58 87 56 65 86 79 76 29 15 34 35 84 30 39 43 67 96 73 16 91 51 79 69 76 19 91 98 1 34 13 1 13 98 13 52 91 35 92 54 5 48 45 58 6 29 9 92 76 81 7 73 92 98 55 10 57 26 11 76 73 57 38 80 3 3 77 68 13 75 1 67 52 60 40 21 54 90 32 25 82 23 70 23 29 11 86 30 55 95 33 65 18 35 38 82 97 56 65 69 73 56 73 59 29 30 29 54 49 33 58 58 6 76 34 67 99 62 6 14 89 24 93 97 26 18 65 74 11 55 94 29 14 29 75 66 87 77 24 97 49 16 12 3 77 91 6 77 71 1 29 57 32 75 32 8 34 21 1 79 19 58 97 49 18 85 54 1 14 41 5 89 3 86 67 4 60 50 86 79 87 16 12 92 50 50 73 60 77 38 51 8 98 47 84 8 39 53 94 39 86 85 25 34 14 42 97 43 58 15 81 60 45 84 37 33 88 15 18 24 95 82 19 19 87 85 32 39 20 57 1 56 60 79 88 76 7 14 15 86 61 97 40 78 5 85 96 12 45 18 48 79 15 94 51 44 52 30 52 47 87 65 90 19 74 29 26 34 11 52 48 89 79 48 79 49 48 5 57 69 42 56 16 25 98 24 17 52 56 65 19 28 3 27 10 27 61 33 17 67 10 54 19 22 87 51 86 22 29 19 79 33 10 3 83 69 4 2 21 3 46 49 36 46 11 19 74 96
98 33 92 31 96 17 21 27 88 42 20 41 3 45 30 49 74 45 50 46 31 38 81 60 8 92 44 30 58 41 41 56 6 62 20 50 21 58 74 87 57 98 52 17 61 59 43 42 14 5 92 37 64 32 91 98 50 61 25 34 58 2 28 37 86 94 19 57 85 10 71 54 33 31 71 53 68 18 78 32 94 86 74 62 46 84 89 76 15 90 11 19 97 48 61 13 52 71 3 42 11 84 12 12 5 58 89 54 14 32 33 83 27 70 61 98 38 6 87 61 56 24 63 71 4 24 17 2 32 75 59 80 80 53 95 44 42 76 82 31 60 72 80 23 29 57 58 65 25 69 21 78 52 64 83 22 60 59 66 40 21 24 38 64 35 39 15 12 46 81 46 11 10 85 44 10 30 31 24 7 13 67 40 68 98 60 99 50 63 95 9 81 92 88 2 54 28 21 50 12 56 44 59 23 93 77 68 83 12 74 6 54 39 69 14 30 30 38 88 99 22 30 27 94 77 45 86 48 22 95 23 57 83 26 10 90 3 9 20 93 19 13 13 56 60 69 10 26 42 31 20 13 56 56 45 93 21 84 8 39 61 34 71 29 53 74 52 99 92 34 72 59 68 75 81 63 19 18 52 93 35 48 92 76 12 56 90 30 39 67 96 39 70 45 66 92 61 10 28 73 25 73 98 89 56 60 39 52 39 33 29 69 9 16 56 38 7 82 85 86 24 16 39 65 75 9 60 60 14 34 99 5 3 96 50 72 89 73 90 67 19 67 80 87 69 76 18 31 63 85 19 22 66 72 43 69 98 89 94 28 18 47 3 95 66 95 49 43 49 32 37 27 6 41 34 19 36 42 70 82 40 29 54 60 96 95 17 26 16 29 72 42 96 83 47 21 33 34 66 13 50 88 49 92 50 63 78 90 47 71 18 14 88 71 90 10 17 6 70 94 7 68 30 48 25 14 23 78 44 99 2 42 95 89 87 49 91 84 43 38 39 71 29 39 66 52 91 47 1 37 57 32 93 56 95 41 28 28 11 43 77 16 51 55 44 30 35 45 47 39 33 1 50 52 52 54 17 99 22 23 94 72 48 46 4 3 42 62 26 91 70 80 83 12 13 24 71 62 81 46
62 76 52 57 50 10 88 54 70 62 93 16 88 32 7 6 75 17 69 81 90 86 19 60 64 80 17 60 88 36 65 83 5 62 61 1 67 84 48 37 9 80 7 12 32 89 65 62 80 76 42 49 47 84 29 49 90 31 26 61 57 40 48 73 54 79 28 70 68 29 49 2 75 54 77 62 2 40 95 84 22 10 43 90 24 20 50 72 99 80 19 92 28 60 45 23 89 8 4 29 27 91 1 76 36 57 96 69 73 20 37 50 72 60 79 72 50 53 28 43 22 1 74 18 63 61 33 45 68 80 94 66 90 30 42 4 75 93 30 5 23 61 4 88 54 43 14 20 6 57 25 94 99 75 94 71 70 42 59 68 66 9 50 14 77 87 81 15 80 77 80 46 83 31 69 44 37 82 88 2 84 21 50 48 85 10 10 56 5 3 58 82 92 84 36 36 94 85 15 13 70 74 20 40 17 3 48 23 7 63 81 49 75 4 84 6 51 73 7 46 62 97 89 88 53 70 41 47 2 17 69 75 97 44 47 96 21 98 63 17 13 47 1 12 7 98 22 55 2 27 37 75 60 87 60 40 55 4 75 92 82 23 96 78 85 95 62 87 63 41 74 23 44 65 27 27 51 73 20 61 37 69 38 80 11 48 85 57 82 22 50 78 23 15 17 37 64 97 65 71 90 36 46 34 76 48 93 88 60 86 33 29 42 33 82 50 50 45 35 1 95 2 24 63 3 51 2 6 23 48 93 76 18 80 58 66 75 24 26 57 12 29 11 31 43 50 48 52 77 24 50 35 30 89 39 21 14 1 58 18 22 84 26 20 41 50 62 9 92 99 51 82 89 88 66 98 89 78 78 47 62 38 58 74 66 45 49 43 15 49 42 32 64 38 65 11 35 52 64 59 11 1 81 10 10 87 56 60 68 31 88 23 50 39 39 77 20 6 6 73 4 84 83 59 50 6 63 84 34 15 99 83 59 39 50 28 55 46 49 19 19 8 44 68 41 13 26 90 47 72 10 48 60 96 19 99 43 13 24 11 71 53 62 86 85 75 23 78 22 11 54 83 44 53 65 90 65 90 17 56 35 97 69 48 59 21 63 41 4 3 85 75 90 5 73 10 39 29 94 81
63 81 70 47 87 43 66 95 63 29 65 91 59 53 26 95 69 69 73 32 46 82 88 43 4 13 78 27 74 24 71 30 33 33 24 35 27 61 42 86 27 34 8 84 98 83 97 1 10 84 54 88 68 72 7 5 57 88 90 82 76 48 67 33 69 53 74 77 70 30 1 8 87 75 66 18 56 55 46 79 88 69 45 87 16 43 15 31 36 35 98 34 74 38 3 98 51 9 64 73 30 84 31 94 95 86 72 10 19 5 38 12 39 80 56 18 50 13 9 87 97 40 93 98 39 10 59 73 21 72 68 41 79 92 22 35 51 73 23 65 25 73 10 4 83 60 29 93 85 37 4 29 34 12 52 78 64 78 80 38 45 9 1 13 27 12 64 82 20 88 21 44 55 23 83 42 18 79 50 92 76 10 53 77 26 91 49 85 19 47 66 51 4 83 42 15 50 99 76 7 82 89 3 84 2 87 11 34 20 16 15 30 11 23 82 47 11 97 26 75 59 27 3 80 41 7 83 77 78 32 94 41 44 71 99 49 29 65 67 85 15 19 23 41 73 16 54 72 21 34 71 68 95 12 59 86 50 67 20 97 67 58 6 28 17 91 54 15 38 92 37 2 83 55 15 35 74 79 83 36 92 10 40 4 61 38 4 21 59 2 88 65 31 23 9 67 89 92 78 48 82 98 87 59 18 45 91 41 61 90 82 91 43 45 31 44 3 5 46 8 70 21 92 63 34 76 81 43 81 5 12 26 44 21 7 48 33 94 82 89 4 21 91 32 21 27 87 80 39 34 16 16 59 56 63 58 38 2 30 51 41 90 70 56 1 43 7 54 49 28 5 38 62 61 89 85 67 65 47 60 90 80 65 64 54 54 37 52 54 6 60 26 8 45 24 33 93 35 56 78 81 54 32 72 18 79 15 71 43 8 4 84 93 63 63 42 77 97 93 35 58 27 96 63 43 43 92 72 12 75 90 43 8 86 98 33 76 60 95 94 27 17 22 9 26 28 77 39 68 34 45 65 14 54 25 51 96 82 41 98 45 46 27 45 73 25 30 5 38 21 39 57 78 76 24 81 23 53 68 41 17 18 64 26 50 29 91 46 42 49 88 6 28 90 20 87 28 79 9 32
19 4 40 29 15 26 13 47 43 35 88 34 26 72 3 3 73 98 20 82 75 5 97 97 81 92 77 99 5 69 98 56 24 10 94 11 94 52 49 38 12 77 12 58 93 84 73 89 11 67 1 97 18 51 69 37 63 68 26 78 59 93 83 10 4 41 76 41 78 57 70 54 23 73 91 50 38 19 98 81 82 17 34 60 63 41 25 98 90 59 44 44 6 60 14 19 83 45 70 50 66 48 72 28 84 13 1 94 89 24 37 76 93 34 98 13 16 63 48 27 32 89 73 8 59 18 27 98 23 70 19 99 7 41 41 22 46 41 64 23 48 62 8 23 89 19 65 98 22 96 37 16 70 87 15 29 25 61 37 34 73 73 95 75 74 86 31 92 98 67 54 91 87 91 5 7 34 7 61 90 78 30 36 11 58 69 58 27 84 19 74 12 30 2 4 34 35 75 95 40 28 30 47 14 26 91 18 45 96 73 88 20 15 34 37 67 92 77 16 2 35 63 34 41 63 60 16 21 88 28 12 58 80 92 18 25 26 6 19 27 67 64 48 55 51 2 79 33 85 30 12 28 6 40 18 53 14 20 52 93 79 9 57 92 99 69 69 23 84 32 39 67 76 34 99 17 13 39 61 49 21 63 49 37 3 41 82 44 58 83 85 52 67 26 99 62 14 70 28 30 48 3 79 80 74 83 43 59 79 72 87 81 26 68 22 62 70 28 60 84 90 5 30 69 66 9 84 15 23 71 97 34 79 19 46 96 15 68 77 87 46 32 31 71 51 62 78 24 11 64 67 7 77 84 85 33 10 72 8 13 18 30 43 58 42 94 99 79 56 2 82 88 1 31 46 45 22 84 55 77 58 41 49 5 44 88 45 64 18 34 32 80 32 81 28 10 18 40 97 92 22 43 44 66 70 2 41 29 98 70 25 25 62 88 69 29 43 87 85 54 12 22 23 9 56 50 90 95 85 12 71 77 29 86 89 60 93 64 89 7 54 68 48 58 16 76 50 67 34 14 34 6 26 83 1 25 58 31 8 30 12 40 73 16 87 12 47 16 79 57 70 97 99 71 21 10 4 7 92 85 67 1 3 81 39 26 21 73 61 87 42 57 17 17 37 67 32 8 12 82
48 41 64 44 95 38 14 18 7 42 49 74 49 91 24 25 25 21 62 37 10 63 69 49 70 74 90 6 32 86 30 92 19 31 89 75 71 14 34 88 77 36 93 3 55 96 39 1 60 37 68 11 89 92 97 52 85 26 17 92 52 65 34 17 3 20 21 45 53 56 27 21 52 74 24 55 99 91 61 8 62 48 63 34 21 52 86 26 89 94 62 72 99 84 88 79 14 11 97 48 63 29 16 80 10 71 55 96 80 52 86 85 34 39 10 62 96 67 68 36 74 63 62 71 93 80 36 38 8 20 24 69 62 92 15 55 7 75 61 38 96 24 39 79 88 85 12 33 50 80 40 41 26 67 72 82 69 71 3 68 85 30 14 72 74 67 56 17 1 92 66 66 35 48 81 78 15 77 92 45 94 87 1 59 34 59 7 20 62 11 97 51 70 93 54 57 51 50 30 65 26 55 57 88 15 10 84 33 13 8 50 98 26 3 13 55 53 32 68 96 85 92 8 91 1 31 6 19 36 31 86 37 43 79 70 83 65 3 18 71 64 46 83 79 58 57 86 46 86 58 94 22 7 81 80 80 86 7 83 20 43 44 54 16 54 55 65 56 2 15 55 19 70 81 69 2 56 94 98 94 41 61 52 96 12 10 62 5 41 95 45 10 80 22 42 72 54 80 31 1 86 51 99 60 33 73 12 99 7 59 32 60 61 30 92 76 86 69 80 61 53 17 6 74 76 41 1 9 78 3 44 54 47 65 84 23 17 16 41 29 89 81 30 87 50 5 22 76 62 53 48 81 55 83 8 12 3 44 59 90 14 93 15 28 46 56 14 98 16 42 29 21 79 14 53 33 73 37 25 15 99 88 84 20 34 81 25 7 4 59 39 10 47 20 58 63 81 38 15 32 18 74 92 13 10 78 20 34 59 24 21 1 18 58 32 81 28 45 34 76 50 55 62 58 5 57 30 51 69 51 20 9 44 91 87 48 68 11 82 5 28 65 91 9 6 97 14 53 90 57 85 13 6 9 62 13 68 35 12 76 64 82 71 50 52 14 5 30 36 69 38 6 27 12 37 91 51 88 97 3 9 23 91 26 42 65 21 73 34 45 12 33 86 81 7 13 88 37 88 37
27 87 48 87 58 15 9 61 69 77 42 17 79 80 13 75 68 22 28 3 87 34 68 22 80 72 84 10 44 74 85 90 92 80 55 73 42 40 69 82 85 29 10 47 64 20 39 90 26 27 37 65 94 4 23 65 76 14 1 28 39 20 24 26 63 49 86 89 74 47 90 92 62 58 89 43 11 8 22 70 34 69 33 35 20 12 97 48 51 79 89 10 29 8 80 65 14 95 60 91 99 34 67 67 81 35 36 90 87 8 80 19 42 20 59 79 70 81 53 97 34 80 62 7 45 31 51 72 58 66 34 80 42 89 72 78 61 52 19 90 96 22 89 23 26 6 92 11 12 31 75 53 40 39 22 41 37 6 39 48 13 74 79 31 35 94 63 71 84 17 4 84 71 36 86 79 15 51 67 2 93 33 55 30 30 6 70 52 7 95 34 42 88 8 54 61 48 61 27 89 68 51 85 56 20 73 30 12 46 40 37 70 54 60 40 67 26 82 27 41 87 65 43 2 95 55 99 10 87 43 55 59 38 26 83 80 17 14 38 59 1 68 77 2 19 26 87 94 3 2 50 51 87 97 70 91 95 78 44 55 79 19 14 56 1 9 22 98 55 6 82 48 83 15 56 76 58 74 13 72 37 10 77 20 79 80 37 42 2 81 37 97 52 55 34 19 84 9 15 37 85 36 7 85 73 26 98 83 95 51 49 90 2 72 34 15 62 30 55 98 33 63 91 31 81 99 79 32 41 21 52 33 59 1 26 88 19 93 88 1 40 62 85 9 1 1 53 62 6 36 3 25 17 53 61 61 85 22 78 46 69 50 62 40 50 71 26 62 89 1 73 79 27 77 51 47 94 3 65 54 24 58 97 83 94 6 4 76 11 43 14 35 99 19 88 36 42 27 45 1 70 34 49 81 99 72 78 94 15 62 4 54 64 59 55 10 45 98 72 21 45 30 97 5 65 23 94 77 72 23 54 79 38 60 17 84 41 90 40 35 65 84 32 3 62 74 43 53 11 7 36 16 8 95 50 37 85 69 9 87 15 34 11 21 84 8 12 8 69 38 41 83 96 8 39 8 62 28 16 64 85 21 40 51 49 17 82 26 54 94 26 39 14 66 21 7 53 38 81 3
42 16 3 46 8 23 68 92 55 64 77 96 61 5 42 7 25 98 94 71 86 1 6 1 10 82 25 85 17 89 32 60 71 61 28 80 59 48 22 49 96 96 19 5 18 30 19 64 93 86 6 7 42 95 28 22 28 17 32 51 39 87 11 38 76 20 77 21 43 77 92 72 99 94 2 30 65 54 50 64 95 71 93 87 16 99 9 24 45 3 68 55 77 34 32 8 36 77 55 9 42 19 53 76 92 12 24 57 82 81 76 29 6 18 8 81 70 80 84 55 23 43 22 54 92 52 34 79 63 40 64 94 72 23 96 87 65 37 16 56 49 25 7 48 39 43 83 5 34 32 39 76 62 22 50 74 82 33 55 5 84 77 6 89 22 93 51 76 5 61 53 85 77 53 93 69 1 65 32 46 69 5 91 41 16 1 99 88 4 93 6 91 83 66 87 54 20 46 3 99 52 24 14 70 83 67 33 65 73 97 45 54 46 24 75 76 55 86 28 87 82 86 51 20 23 61 39 57 2 34 74 59 98 25 7 2 35 67 73 97 76 53 31 25 68 79 26 58 92 36 86 70 88 29 16 74 47 77 15 25 73 75 68 63 97 84 87 53 78 33 63 59 69 26 50 98 77 59 45 90 75 66 98 56 33 51 88 57 31 91 88 62 71 66 51 36 15 19 39 43 24 88 50 80 49 32 22 38 11 18 42 67 45 46 63 58 84 28 61 71 1 42 15 22 53 84 52 88 79 21 79 53 56 3 16 51 55 32 81 30 1 37 65 74 70 30 11 20 59 21 37 24 57 85 46 88 74 88 39 85 78 99 5 13 26 38 14 15 22 76 18 27 13 70 29 58 43 25 64 19 31 71 17 28 51 14 34 30 44 81 90 49 67 92 15 15 9 68 3 75 95 55 49 22 78 34 24 77 95 45 61 10 66 35 53 60 63 51 32 13 7 20 19 79 16 54 37 67 58 21 47 87 35 27 11 70 72 26 26 91 16 14 61 77 60 12 67 27 9 3 78 30 90 7 45 80 55 36 36 44 56 59 60 44 59 80 56 93 24 7 26 87 24 77 87 35 22 70 78 45 12 81 76 88 56 35 8 42 68 63 68 2 39 55 92 25 1 20 35 71
77 4 35 5 85 76 49 78 49 70 82 27 42 75 37 55 4 16 8 3 75 27 55 19 28 54 73 65 57 7 77 81 34 51 67 14 33 19 74 9 29 38 86 24 85 14 50 95 73 94 30 46 45 27 37 50 90 33 63 8 15 62 41 9 75 15 99 65 30 37 47 49 84 7 61 38 99 50 74 28 40 32 43 27 46 78 54 90 60 86 1 62 7 68 86 42 35 79 24 52 96 41 92 37 74 85 19 27 79 72 53 46 22 70 10 57 34 86 25 27 5 85 70 31 97 99 53 29 2 77 13 22 42 25 84 63 95 95 95 81 68 52 31 95 27 82 99 64 82 11 69 28 65 39 25 38 81 69 19 45 13 27 69 31 16 65 51 36 29 24 8 44 56 56 1 19 30 66 31 38 67 29 94 2 97 48 95 92 54 1 15 78 12 62 89 1 33 76 95 35 49 81 32 75 64 25 66 45 53 85 68 98 96 73 16 77 26 74 61 77 78 39 38 68 13 37 72 55 87 99 5 34 80 78 45 47 15 90 57 39 86 4 26 85 58 72 21 38 15 51 68 27 16 30 53 42 71 89 48 71 95 36 98 13 91 69 25 9 12 5 41 50 42 86 65 47 59 58 18 29 76 12 59 87 81 29 16 43 38 5 1 46 35 37 22 63 19 31 79 8 23 46 31 10 41 91 1 37 69 34 67 16 5 83 19 83 6 34 84 13 50 89 98 44 44 38 30 41 20 66 97 15 8 56 96 15 61 45 50 30 56 14 64 26 38 60 58 47 61 66 86 7 98 33 49 57 69 41 12 91 14 5 43 97 37 48 29 7 2 74 58 97 92 60 55 52 48 23 65 66 64 5 16 26 53 2 49 73 86 97 99 24 13 9 14 91 42 53 51 10 81 1 71 70 15 11 86 60 33 68 76 39 39 75 20 53 54 51 24 61 81 70 33 60 20 85 6 92 9 32 55 59 92 95 53 81 57 67 83 58 90 39 7 10 96 58 87 75 76 64 67 16 77 12 10 95 18 72 56 90 59 64 25 37 88 79 62 34 66 67 1 10 6 56 66 7 48 67 71 93 80 55 75 55 77 15 87 63 79 62 70 50 48 15 99 40 96 30 91 3
57 47 34 62 35 54 23 55 24 64 65 91 27 53 27 41 52 40 30 99 87 65 57 69 10 35 96 59 24 18 58 75 39 82 61 67 17 85 73 25 59 28 95 11 48 90 33 38 45 21 80 95 78 81 7 53 93 54 11 69 6 59 6 32 58 16 64 93 58 50 32 23 88 38 73 59 51 93 51 43 36 15 26 78 19 57 62 44 27 84 34 33 42 22 66 72 10 79 95 72 94 16 67 9 13 28 66 72 65 77 34 96 32 80 40 15 48 80 62 39 86 25 67 48 29 83 85 19 26 45 12 60 68 9 50 38 32 84 81 38 19 23 82 6 13 11 29 54 86 63 45 29 53 13 90 26 10 91 13 94 33 68 66 20 75 98 48 31 81 77 87 90 73 78 52 16 8 43 7 4 45 2 33 40 51 44 59 60 50 63 82 40 93 61 78 20 84 55 66 82 51 7 84 48 93 94 64 25 16 98 38 19 7 52 3 83 69 56 22 45 71 40 15 60 63 38 16 95 61 15 7 4 97 90 66 84 73 93 57 39 69 45 11 57 27 92 22 21 12 12 85 87 14 6 37 28 15 27 98 53 64 69 53 30 94 91 11 90 3 61 90 38 43 89 27 41 56 85 33 70 44 53 97 65 27 10 18 6 63 55 92 4 42 99 28 6 65 48 45 57 7 41 8 55 40 2 30 95 52 68 56 47 57 69 68 67 32 98 22 21 16 85 11 62 7 74 44 22 98 66 39 21 86 44 1 64 53 19 61 74 69 29 45 26 68 3 77 84 73 28 71 71 51 28 42 8 56 10 9 10 87 79 39 79 25 10 18 86 74 92 57 55 69 39 34 29 9 40 91 19 95 79 6 75 97 75 73 11 72 49 58 91 75 4 7 18 35 59 45 39 98 36 33 80 3 71 8 19 88 86 48 42 75 44 67 44 96 18 13 74 89 52 70 12 39 4 10 93 17 50 61 78 33 79 72 60 48 4 70 76 98 6 52 10 24 3 6 48 95 63 1 14 3 65 25 62 10 30 54 36 57 18 84 8 58 9 54 84 76 28 12 3 3 80 46 29 33 98 37 70 24 89 89 81 3 73 46 98 2 45 70 48 2 47 32 45 56 26 74 99
15 15 58 4 92 71 71 50 62 68 35 91 29 93 78 8 54 2 43 27 77 99 8 23 37 27 97 7 34 81 79 97 3 85 44 5 37 23 14 43 56 54 28 22 74 21 27 75 39 87 75 7 66 14 9 73 68 57 21 38 99 94 97 77 70 79 96 78 33 30 60 43 12 89 43 75 24 54 51 83 82 26 54 18 21 99 83 76 79 94 42 50 53 88 58 84 47 99 50 42 87 19 75 22 61 83 38 69 97 5 99 19 48 3 25 36 71 46 77 55 58 4 80 19 80 70 68 70 99 42 9 93 13 13 76 18 78 9 29 95 40 3 88 22 30 59 60 3 13 63 51 43 62 87 68 7 32 16 65 11 7 4 44 95 44 92 54 16 1 69 96 64 67 22 73 67 91 58 28 92 69 8 60 71 98 17 52 33 97 19 48 3 5 2 11 40 77 30 48 33 28 88 77 91 83 93 97 16 44 80 50 35 22 69 49 72 85 31 30 74 45 55 39 27 42 5 56 22 6 29 35 64 80 57 29 49 82 51 53 68 63 74 44 92 68 68 58 26 1 15 74 67 43 59 94 81 81 48 71 59 45 44 12 5 87 51 78 98 29 1 36 74 35 31 9 28 49 98 28 67 84 86 92 39 12 80 11 66 11 32 17 73 79 91 73 11 32 29 1 49 3 13 80 92 97 58 33 86 6 79 54 97 12 17 74 85 4 72 74 52 88 75 12 45 8 31 68 53 83 60 71 83 3 77 18 61 32 13 58 70 81 25 85 44 25 24 29 65 3 78 38 99 76 71 55 44 71 93 74 45 22 47 5 44 75 89 17 32 60 73 5 59 2 32 21 97 1 65 34 68 74 23 29 30 4 97 22 57 21 33 91 59 46 55 18 39 86 25 96 69 28 37 8 35 91 88 88 93 5 17 82 58 2 55 79 1 24 21 6 46 68 57 41 24 38 40 96 56 79 84 46 62 21 59 26 61 37 75 13 80 44 46 21 36 75 19 15 49 65 73 16 60 85 60 45 56 99 66 46 9 47 6 86 17 58 53 73 15 51 9 28 49 58 18 15 32 76 2 19 98 1 95 79 7 33 82 47 46 7 10 21 90 61 93 70 57 1 30 83 27
60 40 86 45 57 96 52 77 39 70 20 15 50 68 92 63 68 75 55 43 36 74 7 25 23 30 97 45 98 96 15 83 34 96 59 34 82 19 36 60 11 84 79 13 47 96 57 28 83 40 51 70 44 21 87 91 36 34 63 31 58 20 45 65 77 59 14 99 72 27 42 15 10 77 98 70 98 17 91 78 37 62 37 33 89 20 64 70 49 68 2 65 96 89 3 27 49 90 93 9 58 34 17 66 61 19 45 33 25 74 71 6 34 73 93 63 78 92 37 62 28 17 73 51 86 65 62 86 14 64 50 67 5 60 69 9 24 76 49 27 27 59 83 46 93 44 9 5 63 10 45 27 39 59 1 25 35 73 49 28 20 22 31 95 97 44 62 72 42 10 54 32 72 6 42 84 41 64 13 4 57 22 45 6 72 22 9 34 78 11 53 33 40 80 14 96 38 6 51 3 10 22 80 61 21 57 78 62 60 95 21 30 83 36 94 29 90 37 72 43 35 29 93 11 60 93 68 72 27 62 91 4 81 99 4 63 41 7 88 15 41 84 88 58 51 74 69 58 97 58 35 47 9 36 54 5 83 3 82 3 10 45 39 18 82 45 55 44 26 53 44 36 21 51 30 95 36 22 69 79 45 64 13 46 18 55 54 54 44 77 53 37 39 94 89 82 5 61 36 51 29 3 24 28 52 27 13 56 17 24 15 86 14 50 65 11 45 34 77 49 45 16 2 90 49 22 6 72 87 43 44 88 82 33 1 36 97 68 24 98 4 82 1 54 31 12 46 51 96 40 10 97 55 16 53 97 61 19 87 42 62 76 68 69 19 52 19 2 55 46 33 4 24 81 25 29 86 84 1 97 18 83 70 28 31 91 6 88 77 62 29 29 49 6 57 73 96 45 37 79 45 17 87 28 40 81 24 8 74 1 78 75 96 60 14 33 17 45 58 24 28 11 44 40 38 79 66 24 96 43 18 89 20 79 48 80 27 50 34 13 28 46 99 18 31 27 42 99 46 60 49 87 81 48 59 19 51 30 39 61 57 96 4 13 56 95 67 83 23 44 18 9 56 78 12 34 39 14 7 27 68 89 58 29 1 41 72 5 93 74 25 72 6 95 34 29 67 90 20 43
46 89 99 93 21 12 75 95 97 68 3 83 72 23 91 64 82 68 92 94 95 6 81 69 94 26 47 98 6 99 30 21 68 44 46 20 31 36 81 3 29 25 89 76 94 85 75 83 79 43 41 15 18 64 58 32 3 52 10 35 49 42 94 47 90 58 30 71 19 89 82 55 77 52 68 87 49 59 59 61 35 8 89 29 48 83 98 22 53 5 12 61 68 75 71 95 85 91 93 15 97 29 88 42 65 48 87 96 9 8 36 76 46 78 43 3 31 73 86 30 61 85 78 35 12 94 96 55 88 97 98 54 38 23 67 40 65 15 81 14 68 47 45 76 16 11 54 51 94 32 30 42 10 90 64 76 87 96 22 25 80 55 5 25 98 91 68 4 11 75 55 62 85 42 40 89 49 10 2 36 85 91 12 43 45 77 78 61 62 12 34 23 75 46 7 83 95 81 99 57 95 63 54 39 22 73 42 90 80 16 27 23 10 31 60 68 52 4 90 10 27 7 69 11 12 38 16 72 30 54 58 17 41 42 76 61 67 21 27 67 52 34 54 62 8 19 22 32 64 55 89 69 89 1 84 78 49 67 47 27 14 73 60 15 59 78 35 66 55 97 15 55 26 90 2 79 52 18 99 71 23 30 4 27 59 92 92 52 67 45 89 51 1 35 92 54 82 45 85 12 91 48 43 65 6 83 89 38 96 78 26 72 12 91 11 73 75 3 71 52 59 81 73 6 63 33 26 15 94 42 15 2 15 2 42 72 25 42 76 36 15 11 92 5 26 43 73 7 61 49 38 78 91 62 37 86 16 85 11 56 60 2 17 19 14 16 40 97 25 79 48 60 99 23 41 4 86 85 25 66 7 60 40 69 36 22 26 28 71 94 20 19 63 77 37 40 81 33 6 19 1 38 81 59 40 23 40 11 8 37 49 90 9 46 25 61 6 27 15 38 74 45 73 39 7 18 98 8 47 64 75 30 23 66 6 34 12 87 49 56 44 20 99 9 31 7 69 23 58 14 85 97 71 11 20 92 88 32 84 51 98 20 63 59 1 34 75 16 24 91 33 83 67 51 68 49 85 19 89 19 61 30 33 23 99 67 31 38 7 29 28 2 70 8 26 9 73 13 56 94
31 62 88 72 83 47 71 43 97 96 34 95 88 57 2 49 56 34 26 58 58 11 54 75 46 44 39 47 43 67 86 59 27 69 87 45 83 70 30 9 48 74 83 88 1 56 47 99 87 19 38 63 31 47 2 56 15 16 28 98 65 75 52 70 33 16 72 71 13 85 40 21 74 55 80 96 40 78 47 18 15 59 97 94 94 50 83 96 60 35 44 30 93 28 24 91 69 99 90 35 48 66 1 12 73 68 34 98 92 1 40 22 21 46 15 60 63 58 75 84 51 6 83 25 10 74 41 14 74 2 57 72 27 60 44 97 49 43 45 37 15 39 79 10 18 58 30 87 32 47 30 87 88 20 2 39 64 57 58 79 54 88 67 92 92 49 95 80 37 88 4 96 29 59 37 60 43 15 9 55 31 71 5 37 77 51 66 50 36 31 26 16 8 22 3 76 88 74 35 73 49 5 19 24 49 94 4 27 7 35 15 75 82 59 54 45 83 30 89 72 58 52 11 94 83 27 73 8 3 20 35 25 59 64 44 2 6 21 38 9 52 22 18 80 72 54 93 59 61 39 86 13 65 82 19 2 44 57 29 45 68 12 62 65 14 2 48 65 42 5 23 41 6 37 20 95 77 79 27 24 19 69 65 34 59 5 38 38 67 45 69 73 49 5 12 38 41 18 97 34 65 26 41 97 10 70 52 67 62 91 93 50 61 44 13 55 64 96 53 9 87 54 54 17 66 26 19 9 24 13 93 55 14 22 78 65 7 42 90 35 81 70 71 1 38 94 7 85 20 55 33 22 95 27 95 99 67 90 57 58 98 37 55 46 77 10 46 17 50 91 53 87 81 27 65 9 97 59 9 3 28 68 11 24 43 53 33 79 40 26 88 26 3 35 86 67 19 9 52 76 14 28 95 55 94 48 65 42 70 50 80 68 17 57 55 43 30 75 22 31 82 96 71 68 44 34 41 69 77 51 2 81 40 2 6 42 92 63 48 29 72 24 99 21 25 22 16 67 5 15 4 82 9 61 72 88 53 60 75 44 10 9 62 95 3 32 25 68 37 39 22 26 79 27 25 44 66 18 22 18 68 67 14 20 39 6 8 86 13 21 54 39 27 55 43 74 1 5 14 58
18 80 47 50 76 48 56 43 1 83 35 70 96 27 90 23 7 47 29 87 69 56 54 40 27 52 46 39 38 75 7 23 81 95 57 90 39 8 67 76 31 64 23 20 39 30 62 84 91 7 83 87 78 93 32 46 98 98 90 76 80 95 98 75 19 29 54 98 42 1 81 94 1 41 20 5 93 29 99 23 2 86 54 54 88 93 68 13 36 31 83 62 68 1 8 74 52 47 81 32 14 47 12 51 61 52 53 92 54 60 79 85 54 66 95 39 38 26 51 93 22 80 77 93 92 77 82 49 76 69 3 12 99 40 17 82 99 32 98 16 78 56 46 39 11 68 71 6 59 81 88 91 55 25 95 65 46 74 28 17 89 2 79 21 31 16 25 32 79 33 29 36 14 80 33 45 30 77 64 98 71 89 13 23 45 99 62 13 89 58 65 67 96 28 40 68 68 35 42 35 28 68 14 50 70 32 57 62 75 63 80 90 45 93 63 14 71 13 60 22 59 19 4 54 36 85 67 5 78 6 16 76 23 55 91 56 22 33 83 73 19 33 97 95 71 29 49 12 94 21 43 16 24 36 65 51 35 77 23 51 83 33 8 79 11 51 25 97 93 71 74 11 55 61 5 69 77 42 18 86 38 17 50 94 81 99 12 45 45 34 90 50 81 77 40 86 99 36 26 92 82 85 79 52 1 18 98 38 99 54 92 19 94 36 24 68 83 43 30 95 95 34 97 31 31 63 43 67 53 34 9 43 62 83 18 33 36 4 12 81 3 29 9 48 84 75 23 89 52 60 32 26 32 72 74 12 60 74 59 88 22 10 57 82 87 21 39 78 56 44 15 28 79 18 5 51 34 51 83 7 20 19 50 79 66 82 35 71 58 80 21 20 70 25 51 78 59 46 70 76 37 38 41 18 48 71 46 22 59 34 97 90 18 52 65 84 17 12 50 5 24 78 99 35 18 23 53 91 78 71 25 4 53 50 70 33 14 27 35 6 69 63 28 62 11 1 94 1 31 42 67 17 26 17 99 13 17 49 42 41 20 58 8 14 93 62 96 15 73 22 31 83 96 48 10 67 8 62 89 63 71 13 20 29 12 22 14 9 90 92 28 45 20 36 40 8 24 16 38 87
