20 500 29364 139.88
59 10 80 60 25 92 46 91 18 11 34 35 18 16 80 60 90 5 88 90 96 50 62 20 77 13 24 81 92 76 30 69 58 2 52 39 63 4 30 66 51 74 94 35 72 19 60 13 62 48 66 86 35 15 53 15 66 56 38 73 36 74 5 40 50 71 47 64 90 15 86 17 32 41 95 25 69 30 5 91 65 87 10 23 95 46 88 25 49 49 11 89 71 45 58 55 53 53 28 14 79 93 92 97 11 79 93 37 37 71 73 22 17 80 99 71 33 84 78 77 72 86 38 9 79 13 25 79 59 54 53 54 79 22 77 85 30 63 64 67 74 53 16 44 48 69 63 40 75 65 72 23 5 24 78 5 4 91 62 68 79 35 3 28 62 8 25 28 81 57 30 98 13 1 22 40 61 67 88 97 64 51 96 81 34 13 61 12 95 7 17 83 65 69 28 14 57 18 40 25 72 29 59 19 58 76 92 69 6 98 80 45 44 68 57 56 88 15 22 31 11 43 22 73 97 39 11 3 47 80 12 21 10 46 25 41 90 60 85 64 33 52 77 52 79 15 99 36 3 86 93 27 28 53 89 47 26 10 59 23 96 24 51 38 9 41 7 49 33 51 44 84 35 78 53 72 88 41 84 65 48 5 84 66 58 26 84 46 26 89 34 26 60 22 85 79 89 1 12 56 94 79 46 81 12 60 89 70 18 55 66 58 17 11 37 9 87 21 16 3 50 61 57 5 46 70 25 7 28 18 3 45 65 99 56 67 54 17 51 48 33 95 99 13 5 83 69 63 79 3 19 47 12 28 38 94 74 11 65 82 95 34 38 82 36 38 86 69 45 45 54 28 84 80 7 13 14 41 34 66 38 64 30 86 27 42 4 81 86 73 41 17 52 4 55 46 59 77 8 31 74 41 9 59 52 6 87 79 78 63 89 99 69 55 7 64 26 24 42 43 7 69 49 76 40 88 16 22 3 28 20 42 90 68 81 56 54 9 79 81 54 41 87 42 49 27 80 88 53 16 98 90 49 27 8 33 65 58 43 40 64 13 63 83 26 68 56 83 34 72 85 88 35 23 34 82 15 93 33 3 7 84 16 52 91 12 82 80 28 29 50 80 63 4 62 3 99 32 40 90
53 30 52 21 50 91 65 59 19 77 23 1 86 43 79 24 51 37 38 93 39 77 67 31 38 7 67 33 12 52 11 91 47 39 7 65 95 15 81 99 66 93 6 87 42 88 13 48 33 80 55 88 95 68 89 83 80 64 47 37 60 22 41 71 8 44 23 91 14 37 1 10 12 88 78 96 11 71 63 73 75 13 76 16 43 40 90 40 10 46 6 74 90 72 39 10 95 25 96 47 69 77 62 14 26 93 69 4 98 99 61 16 21 68 77 88 46 60 83 29 13 24 75 72 33 98 33 56 75 78 34 81 91 57 28 5 45 67 42 42 89 23 32 71 9 23 40 38 45 58 62 15 96 99 67 76 93 35 51 51 35 18 92 82 14 96 36 56 91 75 88 31 62 97 53 10 10 26 50 18 40 60 79 81 37 54 26 18 92 78 77 40 62 48 19 9 5 57 15 87 10 82 50 56 33 18 3 93 53 25 77 16 10 16 15 92 66 93 11 62 66 31 27 27 81 98 99 62 6 63 86 41 83 39 75 24 91 30 92 77 53 12 65 70 75 18 88 50 4 51 86 23 4 33 18 50 41 55 74 84 98 27 99 54 79 78 12 6 93 54 12 41 67 6 55 49 7 17 31 74 92 73 37 16 73 27 75 79 95 79 12 11 2 17 24 53 34 55 26 67 95 58 46 76 50 18 21 49 73 49 59 96 58 22 34 11 69 13 22 51 77 33 11 40 43 31 57 97 25 49 23 73 5 29 10 88 69 65 26 75 8 24 51 93 33 47 18 76 98 1 99 21 8 39 64 3 73 86 52 5 55 93 66 19 84 50 25 19 89 4 93 64 85 33 28 45 42 13 76 28 5 43 40 25 47 92 26 9 21 20 64 29 20 55 67 70 62 60 6 93 17 89 49 90 43 95 11 70 53 47 93 15 36 91 12 53 28 31 50 18 22 45 96 69 66 15 1 74 40 67 35 61 54 97 60 43 24 48 16 3 90 37 62 92 87 42 45 87 30 64 9 13 57 42 77 55 36 60 91 27 27 93 82 15 53 55 83 43 76 85 70 33 84 54 79 7 66 32 70 63 69 36 84 97 75 59 11 63 71 83 39 54 23 71 4 61 78 20 70 93
22 99 78 47 31 47 95 81 20 46 25 60 1 84 56 29 25 90 99 22 31 41 59 88 52 66 57 50 50 39 19 62 32 37 75 71 87 46 69 43 58 58 66 57 53 81 80 63 14 46 35 78 15 86 92 69 34 8 73 57 72 55 28 66 97 18 34 95 27 78 36 32 50 1 51 58 86 25 3 55 19 67 29 70 76 54 81 33 81 20 63 92 82 62 49 87 89 37 84 63 59 5 64 21 2 93 37 73 83 1 32 39 44 48 80 94 90 5 86 63 83 29 23 57 82 13 46 85 74 2 41 46 73 44 3 16 22 74 53 38 18 15 30 28 33 72 48 56 99 48 86 82 95 72 41 54 88 34 22 35 95 57 36 75 34 32 55 60 23 24 77 83 26 69 77 95 71 56 98 82 61 15 61 76 18 33 60 95 56 73 38 90 51 79 8 41 74 96 72 11 80 15 10 92 97 50 83 9 7 11 13 36 95 76 26 81 61 5 70 51 33 65 63 29 71 46 99 66 77 19 97 35 67 16 1 29 71 6 8 8 14 70 40 8 68 59 53 94 20 70 39 46 22 62 47 80 56 65 14 99 18 91 16 15 56 35 55 87 8 40 31 94 87 62 92 78 39 26 72 8 77 43 16 74 66 72 98 74 97 22 58 8 51 83 29 46 92 46 63 94 93 5 79 95 37 73 30 86 82 97 86 48 22 41 82 22 2 64 98 63 3 6 52 43 18 22 6 22 84 34 87 99 49 47 55 41 75 50 97 94 87 31 66 78 13 32 72 29 12 60 60 40 19 50 53 72 71 10 90 26 67 94 94 11 19 72 22 89 70 92 85 10 43 87 11 9 86 99 93 50 87 59 43 36 1 80 63 33 6 16 96 46 88 66 61 86 73 21 86 22 78 1 22 4 8 21 20 2 73 32 98 1 7 48 55 59 15 5 91 96 58 14 14 4 87 10 59 21 26 3 24 71 36 11 7 57 25 19 15 49 87 15 80 28 7 6 77 80 16 32 36 14 67 97 84 58 98 64 42 4 9 27 13 30 90 63 44 64 82 62 78 34 95 67 21 45 58 48 77 89 80 47 29 56 64 9 55 43 42 60 2 96 25 69 49 48 70 29 34 22
45 52 25 47 57 61 70 94 85 94 20 2 58 76 95 66 76 26 13 91 5 26 2 89 42 84 32 23 58 6 13 8 84 5 79 11 42 85 48 26 85 17 37 70 54 18 86 81 62 24 34 77 65 27 40 93 76 30 76 37 56 21 1 83 27 32 62 48 14 10 60 52 69 12 23 88 89 60 48 44 5 66 90 87 60 53 80 93 83 10 33 9 94 6 50 94 74 10 31 94 38 66 44 38 69 41 11 86 96 13 66 55 75 79 81 17 10 22 20 44 78 71 79 70 45 99 76 93 5 20 51 61 30 53 77 14 60 50 99 48 40 17 61 79 26 85 4 74 35 99 43 17 64 1 17 55 15 21 41 56 78 73 57 37 88 46 72 97 99 48 50 14 20 19 93 32 45 5 35 84 59 56 1 17 28 75 21 33 81 24 48 3 66 82 80 83 15 47 51 20 10 73 76 28 72 3 60 55 62 48 33 5 80 12 5 77 14 15 3 12 31 10 96 54 1 29 18 28 11 82 11 95 30 52 49 27 28 33 97 32 81 56 62 51 2 53 39 87 31 10 10 2 25 83 85 3 74 28 22 82 82 75 81 31 10 43 71 13 94 52 66 33 24 89 29 59 42 11 70 4 92 96 38 33 28 4 8 31 27 36 51 38 26 24 39 45 39 70 89 24 88 13 30 94 63 23 68 10 63 21 73 47 77 40 23 73 1 25 10 20 6 42 66 26 93 79 77 39 6 39 34 8 80 76 19 3 78 44 22 60 75 18 94 67 88 82 9 20 43 49 32 94 92 8 6 64 18 71 42 18 3 34 35 56 16 29 62 31 74 50 28 33 54 46 49 16 21 97 40 37 53 7 71 88 40 23 23 10 78 54 72 51 64 50 25 40 56 23 39 73 83 70 37 82 74 32 11 8 43 80 4 65 7 92 71 60 92 20 11 97 99 74 34 87 37 24 4 44 83 82 76 72 35 72 70 65 4 16 92 47 46 11 33 31 49 12 30 76 13 73 59 35 61 18 51 75 45 94 4 47 67 41 66 15 96 73 98 94 53 94 8 77 96 36 94 20 33 28 25 62 15 90 36 49 60 94 35 11 40 46 77 99 88 41 78 30 69 73 29 91
81 46 5 95 89 67 15 89 18 83 57 50 80 20 66 61 84 71 76 83 14 88 93 7 43 94 3 92 53 53 88 32 87 79 55 8 3 99 73 12 51 87 74 24 85 48 29 94 66 95 97 90 40 51 2 51 59 95 68 23 41 58 51 58 60 25 39 8 51 91 66 72 32 91 89 17 79 33 75 46 44 53 72 61 84 89 3 40 82 81 70 45 23 82 66 7 66 42 86 52 22 14 96 25 98 47 67 77 48 10 8 33 26 94 3 34 99 98 2 54 57 32 12 15 92 85 98 86 98 43 23 76 88 50 59 48 9 18 99 22 24 16 96 36 55 90 87 65 94 43 64 57 85 60 19 40 23 65 12 31 78 16 63 3 45 20 45 29 39 40 49 50 26 16 77 62 21 14 15 97 87 72 34 42 70 78 91 24 29 58 96 19 73 81 93 68 29 29 32 8 91 82 52 32 10 22 74 31 78 49 69 38 63 5 13 13 83 26 59 84 73 53 10 87 74 59 36 7 38 96 52 11 83 81 77 71 1 53 35 17 39 57 59 47 39 51 74 99 77 34 96 35 72 95 30 2 9 62 35 9 22 13 25 88 49 30 68 71 81 17 5 74 49 73 93 71 43 5 70 84 14 51 56 9 16 65 90 24 96 8 73 27 24 63 72 68 43 32 82 42 11 98 49 22 90 30 43 73 42 17 4 49 32 74 64 38 27 56 6 15 35 2 53 35 20 68 32 96 82 79 11 88 58 12 33 2 74 51 80 66 22 31 8 31 62 21 41 58 38 9 74 74 99 48 97 30 22 37 48 13 59 82 41 76 16 2 52 27 32 33 78 7 8 20 38 97 26 87 9 19 34 6 63 57 48 43 93 71 33 36 28 70 86 46 59 55 28 21 18 52 30 30 10 83 74 44 24 22 23 65 99 47 89 72 68 38 3 48 62 74 18 17 30 69 30 86 56 23 22 3 96 4 91 44 49 30 75 98 50 51 35 10 32 54 51 75 96 58 29 1 81 69 51 92 9 87 88 91 76 34 24 7 74 35 55 91 86 10 92 51 25 11 99 99 88 48 17 41 15 24 37 70 11 12 87 97 7 14 67 13 83 40 30 39 51 75 86 29 66 83
96 84 45 95 95 33 98 13 42 96 5 8 49 83 44 10 46 71 83 44 41 56 45 69 94 86 95 68 65 57 80 70 22 25 11 51 81 24 46 63 94 48 78 98 91 47 89 36 40 25 90 88 32 20 41 57 33 45 47 17 25 65 8 92 8 39 30 84 75 66 50 69 91 44 18 89 2 2 13 84 31 20 38 74 19 25 12 94 61 34 58 63 27 16 81 81 52 80 45 82 85 82 61 68 86 63 14 57 69 29 65 94 77 72 67 39 82 60 13 5 49 62 13 46 87 80 69 9 71 8 53 53 83 91 77 19 23 73 65 82 90 76 36 88 16 18 11 99 75 9 21 10 58 39 77 32 77 97 39 66 31 93 30 75 2 13 4 49 46 42 22 37 93 57 17 54 70 29 24 67 20 35 29 92 4 56 9 20 27 29 62 18 84 58 7 12 82 15 6 7 10 77 37 21 58 90 64 52 12 76 85 14 29 37 19 20 41 87 58 46 78 41 37 89 72 68 47 3 28 4 70 16 77 30 15 27 16 69 57 94 65 49 17 22 93 24 53 26 17 15 12 51 8 54 53 77 27 85 5 86 98 41 91 26 44 43 56 22 7 22 65 98 86 30 36 16 10 18 9 4 69 1 83 46 90 67 12 21 61 4 16 43 37 98 21 73 22 21 86 59 39 33 52 71 88 85 49 93 56 64 95 94 76 1 26 3 11 52 42 28 65 63 95 20 18 77 57 32 47 45 23 2 45 19 39 58 22 34 92 81 23 41 93 18 64 60 26 40 7 55 75 34 98 48 35 33 85 50 37 33 36 83 32 28 77 19 72 44 2 67 51 83 15 59 69 1 3 46 28 84 81 46 14 16 24 21 32 16 83 67 9 93 19 94 7 10 17 82 11 27 76 63 52 84 75 74 11 11 31 14 14 76 67 32 56 10 98 54 87 51 99 61 17 91 14 83 14 45 32 5 91 42 53 58 63 63 41 42 86 91 21 6 82 25 2 27 55 46 83 89 35 77 26 30 75 71 88 86 64 34 69 12 14 49 67 35 57 48 52 21 14 64 21 59 32 80 65 98 83 55 7 1 45 44 11 29 45 37 17 76 73 28 83 96 86 21 95 86 17 44
23 12 84 47 81 1 39 23 57 93 62 81 70 17 60 92 54 14 37 64 24 99 12 88 42 51 56 46 81 62 96 78 33 79 81 95 50 42 91 96 61 56 63 65 25 9 53 30 43 88 88 53 47 76 80 10 34 23 48 61 65 57 68 72 96 98 67 75 70 55 66 46 48 63 28 86 91 53 67 11 30 60 6 52 53 85 84 16 56 39 15 22 17 98 18 41 89 49 16 62 67 34 37 17 38 47 84 5 24 52 16 17 13 71 90 42 21 23 54 13 54 36 71 7 63 57 21 60 39 78 93 11 81 21 7 30 60 69 79 30 51 92 92 86 64 18 85 51 61 36 61 50 89 48 63 20 15 33 65 14 16 67 19 30 36 39 78 41 69 31 82 12 72 23 33 19 80 64 74 6 75 40 70 41 87 66 57 86 49 73 67 52 20 15 21 48 80 17 68 95 80 23 85 77 94 14 98 24 65 48 36 16 98 38 17 77 89 58 76 29 5 93 18 24 11 45 92 23 46 9 75 12 2 31 67 59 30 10 52 87 14 81 11 42 88 15 23 15 29 25 13 40 54 40 45 42 69 25 3 90 74 81 98 21 26 90 56 51 10 5 86 28 89 38 46 11 64 25 63 43 94 95 71 6 50 73 94 53 90 8 58 51 15 76 7 37 44 6 50 66 81 84 18 42 40 57 17 95 23 33 31 53 19 29 74 2 91 60 5 11 97 1 40 55 8 15 56 84 99 60 37 52 5 18 14 60 72 93 81 75 5 22 19 53 20 36 10 34 24 2 9 70 73 38 88 43 49 81 81 67 34 59 35 71 93 4 26 32 38 81 91 43 15 72 12 3 48 43 80 38 46 96 53 33 34 97 58 88 16 64 38 71 22 63 17 45 44 23 22 24 64 37 87 16 8 51 93 45 21 89 92 18 85 12 56 97 16 48 48 58 93 3 11 99 98 52 27 10 40 4 36 99 26 94 38 63 91 9 62 15 51 61 33 49 16 76 43 26 42 10 21 31 49 47 85 87 38 85 29 70 56 60 1 37 44 4 43 97 4 92 74 12 47 96 78 75 73 7 94 39 17 43 17 5 74 12 41 80 57 25 81 3 93 34 93 77 36 38 77 64
85 3 2 91 27 81 63 87 13 4 61 98 90 25 77 85 93 32 57 56 70 6 92 15 7 82 56 81 33 11 71 98 93 28 77 66 75 70 86 58 71 16 66 91 55 40 58 98 69 62 75 31 72 89 72 82 91 18 40 99 47 49 81 17 86 45 16 28 27 53 4 39 90 72 42 76 40 64 83 43 70 66 93 81 63 86 18 29 38 3 77 87 38 59 40 29 43 5 22 61 96 60 60 67 4 22 37 83 23 35 47 86 69 4 98 21 62 27 67 10 99 54 68 29 76 23 10 68 66 31 78 37 15 23 77 79 75 30 27 90 84 74 50 4 7 60 68 53 98 76 78 35 43 55 57 77 30 60 45 85 87 55 52 6 39 9 88 44 79 33 52 72 56 13 93 77 65 24 62 14 51 67 19 17 88 30 12 12 61 5 10 88 17 53 16 84 11 40 92 37 60 9 30 48 46 64 50 77 9 8 93 26 46 10 22 28 66 22 78 36 69 55 48 44 28 18 77 30 27 75 15 22 2 23 95 39 51 20 36 94 92 28 49 72 1 7 28 22 27 70 27 66 65 46 58 51 3 96 54 4 55 19 16 30 30 57 64 73 50 39 77 18 15 3 14 82 34 37 48 98 26 23 2 42 29 29 58 96 42 43 41 36 41 80 21 17 62 50 97 89 14 46 89 57 16 53 21 48 97 61 35 9 21 91 17 94 73 88 9 4 7 32 53 7 49 14 21 34 64 1 80 3 42 84 48 51 90 25 39 11 61 12 61 86 63 16 21 10 49 42 54 66 79 85 50 25 9 38 57 1 43 44 55 22 12 18 50 34 4 82 23 9 63 27 28 1 60 25 59 23 67 13 49 41 70 63 1 78 94 25 63 7 43 18 33 34 31 64 52 59 42 98 86 35 73 13 65 39 78 38 47 51 29 76 64 85 12 99 21 8 44 16 16 20 46 58 18 51 40 78 63 31 91 55 3 89 4 9 57 76 78 88 4 27 74 9 60 15 23 79 53 62 18 58 83 24 45 16 15 18 18 24 2 46 21 28 16 6 48 70 67 4 19 30 39 67 95 33 8 28 74 62 82 85 99 33 30 8 50 26 79 27 36 68 75 98 1 32 32 56
30 80 78 84 68 2 58 21 63 9 90 90 71 67 91 53 94 76 31 35 51 46 24 3 41 82 63 80 59 12 21 20 59 69 87 12 92 73 74 31 15 98 18 45 91 66 18 59 21 26 77 25 45 48 58 70 97 32 20 46 99 14 94 17 93 26 90 12 22 31 52 98 81 22 56 23 58 86 77 28 94 63 37 21 85 58 36 69 70 25 15 8 87 90 78 27 9 78 30 48 41 18 35 73 23 4 61 36 74 56 73 50 39 10 95 50 98 60 43 42 24 38 6 40 72 80 68 39 92 93 88 55 61 14 38 26 29 82 34 94 67 79 26 77 70 79 82 33 42 51 24 32 54 52 97 10 59 48 57 87 83 41 66 20 73 73 43 18 29 59 80 63 19 33 37 51 50 78 1 25 31 98 93 29 46 78 54 76 23 51 10 62 46 36 38 50 52 36 8 48 2 22 34 93 70 41 72 69 60 2 47 26 7 91 44 86 1 28 78 39 13 54 90 4 79 25 52 17 75 62 44 58 82 88 45 82 62 16 90 58 14 18 58 57 56 14 61 50 96 1 68 18 15 6 33 64 98 16 16 91 39 31 82 57 6 49 29 27 71 40 6 42 60 60 63 39 54 45 19 20 88 59 58 5 91 96 18 20 21 54 78 1 75 43 37 44 88 48 39 46 2 70 64 93 78 91 81 2 31 21 59 11 60 35 96 48 27 17 68 44 80 33 49 82 33 83 27 52 62 46 20 87 60 86 8 49 94 18 48 28 87 5 18 1 64 30 99 12 9 23 28 62 59 77 46 47 7 3 30 75 25 63 64 17 80 91 85 59 96 51 8 26 8 68 32 21 6 42 74 54 48 4 61 89 10 14 77 20 20 2 14 92 36 87 5 38 37 58 39 38 48 50 50 1 37 26 34 88 29 76 84 73 30 36 29 50 20 76 97 6 36 5 63 74 25 20 33 87 91 32 4 7 61 60 21 22 32 14 35 89 16 10 96 66 52 33 61 52 14 29 37 74 32 1 16 19 57 82 55 76 79 75 7 3 58 38 41 99 88 93 90 40 29 30 49 14 62 29 34 17 98 50 28 56 44 48 64 53 56 29 13 50 24 83 45 58 68 34 2 35
98 27 34 87 92 92 53 89 93 50 52 69 71 41 18 1 16 68 84 50 65 95 35 64 40 32 50 91 79 8 88 82 42 72 1 30 83 67 94 25 68 65 74 79 37 35 16 29 42 45 51 89 77 18 85 98 24 36 96 73 6 43 24 41 13 78 77 84 13 66 29 77 62 48 40 87 69 36 94 94 15 62 74 30 41 34 92 55 2 55 11 43 8 24 49 92 80 2 78 49 33 61 49 10 27 52 88 88 81 24 64 72 45 95 70 20 10 17 76 36 58 41 41 83 25 90 44 78 58 86 35 66 37 31 6 54 54 82 98 42 90 61 29 55 66 94 13 73 42 62 61 89 53 99 45 48 17 1 85 48 24 95 83 78 94 65 89 61 2 70 38 30 77 87 4 37 8 93 8 47 19 1 35 98 4 9 40 96 96 32 92 35 15 41 1 33 51 65 15 97 26 96 90 89 50 86 31 28 37 89 47 68 61 22 14 69 50 74 2 56 2 96 24 53 70 38 59 24 83 1 90 26 88 46 93 16 77 12 5 55 37 43 78 15 15 20 18 34 16 53 13 74 60 38 46 93 32 22 56 23 69 71 80 66 39 75 29 3 86 98 82 57 48 87 48 99 34 26 71 58 53 29 70 61 40 36 48 25 32 12 3 5 41 54 49 58 36 53 50 52 13 80 37 83 23 56 79 8 10 29 61 70 99 70 66 16 91 39 68 20 2 58 2 24 38 23 4 22 86 64 52 27 82 31 5 15 54 72 32 75 41 13 14 28 11 18 56 53 49 78 85 29 47 88 28 66 63 39 78 91 81 42 39 68 36 13 45 24 45 8 43 93 28 41 51 86 58 43 44 71 19 67 13 54 23 24 95 15 10 90 38 33 80 77 32 90 5 17 45 53 6 99 99 63 88 11 56 66 98 71 47 41 2 48 29 79 92 64 86 48 87 30 35 88 37 49 55 10 63 29 4 59 73 31 57 40 34 47 16 11 72 23 94 46 41 50 41 86 83 94 55 62 7 2 64 94 3 92 32 13 15 3 18 81 41 40 99 75 12 17 50 83 98 43 13 77 75 22 62 40 65 58 59 23 90 63 92 24 16 15 78 58 68 61 48 79 60 45 17 50
76 19 6 97 51 76 49 51 89 45 85 65 59 68 42 45 66 80 28 59 81 69 77 47 92 26 89 55 40 10 39 58 83 83 29 89 24 46 66 15 97 84 61 17 69 22 82 29 71 90 56 4 47 25 87 82 83 49 87 93 35 96 65 24 66 69 18 32 38 52 14 66 18 70 78 12 89 56 82 2 66 58 19 92 89 92 75 20 71 18 93 49 43 55 46 1 64 82 58 58 79 96 95 77 37 63 21 12 13 15 91 41 46 36 50 19 64 53 86 53 17 25 82 2 45 99 63 46 58 1 33 79 20 27 69 57 83 13 35 39 25 81 68 55 64 75 75 39 10 37 16 87 98 50 8 98 79 79 93 95 3 7 94 33 16 60 85 47 37 67 27 72 66 22 81 83 5 19 39 20 95 62 15 27 93 43 77 69 25 75 30 18 33 5 31 91 75 47 40 34 80 45 57 56 41 43 97 54 91 52 93 58 70 72 52 32 12 90 49 44 60 37 30 86 95 16 82 94 29 2 39 93 6 89 19 65 12 61 96 76 74 50 65 24 58 53 10 11 41 68 37 31 67 99 91 88 60 24 11 39 74 7 39 72 20 27 56 2 5 88 39 98 14 19 54 7 25 83 33 71 52 49 58 86 39 31 87 11 52 19 21 37 19 28 63 7 82 62 21 76 80 26 73 42 18 80 84 17 54 75 65 26 38 55 76 53 21 54 77 18 69 42 15 41 9 77 49 92 79 46 17 26 33 37 70 84 18 7 6 95 63 68 90 1 4 49 45 75 16 46 19 71 45 53 14 12 16 6 79 12 74 3 62 53 82 88 89 4 13 18 23 57 73 48 26 11 51 61 53 2 59 27 33 8 54 9 91 55 91 49 32 51 79 53 63 44 9 65 7 65 16 75 27 63 21 19 59 65 55 43 83 85 95 52 56 9 53 30 15 2 59 94 14 20 56 24 59 72 42 69 10 60 96 60 93 20 30 66 31 61 84 57 32 56 20 57 48 92 77 20 9 25 67 10 98 76 5 15 51 73 79 77 58 74 10 2 78 20 42 15 94 76 91 20 7 20 35 15 52 33 73 69 78 93 74 2 93 51 45 9 2 38 59 93 16 95 62 34 62 59
51 40 43 26 84 23 63 88 46 82 20 70 25 84 27 97 26 13 87 12 99 91 16 95 98 25 2 99 57 97 71 34 71 76 89 67 75 8 93 87 35 63 65 21 27 64 7 51 65 91 96 69 55 58 91 54 81 69 82 28 29 45 85 85 43 41 85 12 80 25 56 47 56 64 53 62 59 8 53 19 6 7 89 89 3 73 77 53 99 55 99 41 66 80 29 69 68 93 72 61 10 37 92 23 78 51 77 86 93 18 49 75 2 20 1 43 8 66 78 71 55 64 94 73 8 44 24 35 8 78 19 2 5 52 96 71 93 58 40 57 80 56 48 28 78 4 73 59 78 40 43 56 30 25 3 17 96 45 68 8 93 19 40 87 87 98 52 56 44 98 83 6 31 55 88 98 47 60 85 49 16 48 25 7 53 12 36 23 48 85 10 61 38 36 65 59 96 11 22 62 14 53 66 18 34 27 15 43 96 87 55 66 48 64 87 25 43 66 92 45 54 4 25 15 87 54 28 47 74 20 16 50 30 1 70 69 44 71 95 1 47 50 73 9 14 85 30 46 89 35 3 12 92 68 66 55 73 2 5 47 92 66 20 82 9 47 5 65 21 84 67 56 24 95 43 12 33 28 29 54 42 30 6 11 71 71 80 79 84 47 38 55 88 38 80 83 3 9 38 59 89 18 38 11 79 39 70 1 23 17 35 94 77 18 87 90 43 48 5 62 53 78 54 24 76 55 24 6 87 25 87 6 92 62 1 32 8 98 75 35 90 39 6 11 43 31 33 11 69 59 22 73 70 1 97 83 10 47 64 26 22 21 53 44 68 23 85 12 20 14 66 66 94 21 63 33 83 24 80 24 49 10 47 61 12 92 56 74 97 54 29 1 63 50 40 68 31 36 23 73 78 92 96 27 68 6 85 38 70 10 9 17 54 54 5 95 76 1 40 6 24 61 25 69 88 29 47 57 14 21 20 86 54 19 45 51 8 3 54 42 61 55 81 32 6 35 74 14 68 41 53 81 91 81 56 99 88 78 68 16 55 14 43 16 3 15 15 68 18 59 1 8 38 25 46 46 27 13 54 66 97 94 83 28 48 56 50 6 39 24 61 1 93 45 26 38 50 54 93 12
77 42 79 23 70 87 81 18 29 77 53 72 75 29 80 59 14 43 82 97 55 35 53 47 60 19 89 82 99 61 90 77 36 37 78 66 81 89 27 32 97 99 99 92 90 15 22 88 56 47 43 52 87 48 87 63 15 57 84 82 83 21 54 37 81 13 49 54 91 71 92 20 37 80 79 53 85 81 88 41 42 6 21 50 49 11 66 85 15 14 79 25 37 26 85 78 81 37 64 83 40 67 66 81 84 29 98 3 46 40 25 71 13 39 62 86 43 63 3 85 26 50 10 37 1 7 90 63 18 35 58 66 3 14 34 87 45 26 81 18 33 9 56 67 3 25 25 19 95 34 42 49 58 82 88 69 50 51 2 45 33 86 45 37 96 8 20 17 87 19 64 83 13 90 30 9 17 41 75 25 86 75 70 83 43 75 87 42 68 84 20 70 78 66 78 29 93 34 2 67 47 36 99 97 97 27 50 10 40 10 51 4 67 77 54 37 88 31 12 50 26 37 87 99 36 98 65 62 44 53 98 88 37 14 41 60 90 10 1 16 67 34 30 61 6 70 26 33 40 26 53 63 97 55 92 18 94 57 29 45 93 49 54 34 97 80 46 32 1 27 28 48 4 85 74 83 53 48 2 29 23 70 19 97 20 29 3 81 97 53 34 79 38 88 2 99 40 27 84 39 93 45 52 19 41 12 6 90 55 20 69 86 25 35 97 29 37 45 79 99 99 13 50 96 1 26 5 31 19 31 79 96 89 74 13 71 23 95 67 78 67 51 27 37 58 65 48 1 29 16 4 73 51 74 12 9 12 26 3 18 14 71 48 28 41 12 56 56 34 59 11 57 14 99 65 75 99 47 45 27 16 37 81 46 77 41 43 8 54 13 83 21 19 70 54 68 48 7 9 83 13 29 35 91 82 60 24 32 47 32 78 36 78 99 46 70 83 22 40 91 65 76 40 90 11 4 77 56 50 17 86 66 35 18 69 53 24 79 62 75 28 48 95 34 22 69 74 62 93 97 71 31 79 11 37 6 52 39 7 60 94 72 8 72 3 10 37 54 46 8 40 59 64 60 39 1 9 50 67 80 29 50 44 83 63 76 88 35 98 94 21 98 46 12 50 52 98 21 31 97
25 76 88 57 50 12 97 44 30 83 95 78 88 74 58 43 7 8 69 42 42 23 14 91 66 64 72 79 25 35 96 82 89 92 50 1 91 16 35 35 95 49 17 62 50 60 9 49 90 40 10 74 66 51 14 13 45 79 51 86 87 92 59 84 2 2 63 46 99 66 13 53 31 64 99 52 5 39 66 69 57 64 80 74 43 79 14 51 80 50 88 68 82 13 74 95 66 94 24 75 7 68 80 93 7 24 92 6 68 78 55 59 99 76 84 96 87 62 81 28 92 34 63 15 11 87 81 71 30 30 13 18 41 77 82 87 87 91 78 24 41 55 86 69 13 27 79 9 44 19 98 12 40 69 36 80 84 34 3 92 94 59 33 80 12 77 33 4 71 73 71 88 95 88 69 39 4 15 82 81 76 48 15 63 50 59 60 49 62 4 61 14 46 36 69 57 46 45 23 1 99 63 6 29 46 64 15 62 52 76 81 6 28 93 80 19 50 32 47 46 44 59 44 5 25 48 93 59 81 82 65 37 35 41 77 27 46 41 82 99 71 49 60 16 59 63 67 42 75 85 43 38 6 65 44 43 73 7 46 3 83 34 24 84 28 55 33 95 5 70 53 34 58 4 23 69 16 44 13 6 2 37 15 48 20 15 87 60 21 59 74 4 96 86 6 22 11 38 60 41 31 63 42 36 58 7 50 89 44 53 82 87 75 12 33 76 9 87 97 96 62 55 26 88 21 21 62 50 49 64 3 92 46 56 10 19 93 29 9 13 57 65 74 39 85 31 32 30 11 53 17 36 97 46 58 12 84 82 91 43 66 28 13 11 98 53 84 33 44 17 5 39 25 28 28 2 44 40 30 33 7 53 2 43 15 81 43 60 5 30 1 36 29 55 80 22 11 23 91 44 91 3 62 62 80 21 28 92 49 31 27 33 86 48 33 52 20 91 73 72 34 7 94 64 28 31 50 29 58 86 14 27 33 95 17 93 81 31 95 6 96 12 2 22 22 35 62 94 55 52 10 1 59 4 13 33 91 1 35 27 90 3 98 93 20 49 61 71 1 17 35 1 6 51 57 86 85 95 15 99 51 91 78 88 25 44 65 74 60 76 82 65 26 6 79 18 47 58 91 42
56 52 62 64 16 41 91 95 14 15 20 37 93 44 81 25 65 60 46 39 90 93 34 65 52 94 98 30 21 33 10 14 28 96 85 81 65 24 72 86 89 7 8 91 65 21 88 19 70 46 91 73 72 32 8 87 58 71 5 12 48 40 70 77 10 22 87 48 80 58 25 92 17 77 76 83 5 49 99 23 18 92 44 71 11 66 20 91 30 38 13 19 17 68 93 13 74 6 59 98 76 6 70 99 32 95 76 11 27 52 66 73 77 5 98 55 89 84 41 88 60 39 80 81 59 2 92 46 59 88 2 49 23 11 19 64 31 27 18 69 40 44 90 70 99 24 89 84 45 17 33 58 4 27 20 58 53 39 28 86 89 97 20 92 53 99 19 13 15 60 27 5 39 17 86 71 71 19 20 33 7 80 95 64 31 30 75 23 69 76 99 63 43 69 88 3 1 96 56 44 67 97 22 48 1 6 88 94 82 49 64 76 9 21 3 41 92 23 7 81 78 30 32 63 64 50 36 34 74 66 63 82 12 59 76 68 37 72 6 62 93 63 63 83 13 45 75 8 47 8 68 42 70 6 42 10 20 30 73 38 49 62 9 40 66 12 37 79 43 30 54 72 50 14 90 47 59 82 47 29 37 61 76 77 23 28 67 35 54 34 57 78 37 30 16 30 73 13 69 45 31 38 34 8 57 24 5 37 99 39 58 92 37 76 25 22 77 96 33 6 35 87 65 93 93 5 62 16 42 63 62 37 55 36 86 24 11 15 34 23 91 79 16 37 1 78 83 5 12 42 53 6 95 81 28 9 42 36 99 2 28 28 14 10 96 89 1 31 94 18 35 44 66 10 99 62 17 66 69 73 30 45 3 25 97 93 18 73 52 30 43 72 11 83 48 13 75 1 86 23 68 28 72 93 20 19 30 52 5 29 6 41 17 2 37 49 24 32 25 25 29 77 67 14 57 4 47 63 35 26 67 77 44 27 23 73 20 37 53 34 3 38 28 22 91 92 54 98 12 83 10 77 20 32 84 38 54 7 47 27 34 27 5 54 18 29 81 6 23 69 76 78 44 51 50 82 7 3 54 77 67 9 23 32 35 54 9 34 1 29 91 71 87 48 88 67 7 23 88 39
69 21 79 84 67 35 68 79 39 78 19 68 27 35 66 5 76 73 98 78 86 97 50 7 89 89 53 79 81 97 34 52 90 91 85 47 21 83 41 35 82 62 93 42 51 81 27 33 69 97 72 95 44 87 96 65 31 55 79 83 82 88 47 36 95 30 25 59 94 58 88 23 69 89 56 73 43 56 79 4 50 43 7 67 25 67 3 59 79 88 58 86 17 28 3 98 65 23 10 27 29 98 76 52 10 55 70 27 55 79 32 28 62 43 21 22 8 92 85 23 55 20 37 64 37 68 35 35 4 3 92 57 97 85 20 2 13 83 65 89 36 94 42 65 74 70 10 50 86 39 64 95 60 93 89 20 13 14 60 7 22 54 75 44 81 88 89 33 62 14 32 3 66 48 55 93 97 59 48 78 86 30 45 79 82 26 95 95 66 51 86 20 40 39 92 2 89 81 6 3 19 46 28 89 24 38 98 3 16 58 1 1 10 93 36 17 48 90 37 26 18 2 71 7 72 44 8 56 51 45 14 35 35 96 52 25 65 96 49 28 40 37 70 31 85 31 62 83 60 78 63 71 30 20 10 46 64 16 49 52 48 54 27 15 88 85 27 94 11 50 24 9 65 23 8 5 62 7 66 20 63 14 8 65 84 89 45 70 16 1 21 39 69 55 58 77 56 27 12 70 95 50 19 23 73 23 32 7 62 59 51 87 50 34 89 76 14 98 65 81 14 76 9 51 53 62 57 29 75 24 86 15 96 44 78 25 91 51 37 2 77 34 57 94 77 80 62 54 99 99 22 1 11 30 38 98 82 8 9 7 39 42 25 43 68 58 37 10 8 14 76 53 79 15 95 82 74 45 15 39 60 40 48 86 66 51 87 77 45 48 38 41 33 25 1 60 49 75 74 59 14 57 81 98 21 86 5 18 46 96 53 92 67 61 27 8 16 20 57 45 2 16 86 71 48 34 94 13 42 97 10 57 2 28 21 21 6 84 94 34 18 95 44 28 2 3 45 13 85 19 71 92 96 99 26 80 86 18 87 14 2 30 81 14 67 49 61 96 62 71 77 75 75 74 28 48 10 68 33 6 53 94 68 49 36 5 32 12 61 96 20 92 88 91 18 62 86 38 53 78
60 46 80 39 80 20 25 72 92 30 53 86 47 90 58 76 37 14 61 96 58 75 59 41 20 90 38 41 65 98 63 49 65 87 56 64 12 55 96 91 2 21 98 28 45 60 95 26 43 37 26 87 97 91 8 50 75 96 85 33 38 23 38 18 4 14 73 82 19 98 12 16 21 92 46 72 84 93 39 43 21 27 63 10 35 91 64 82 37 32 7 63 45 57 37 44 87 16 82 29 75 25 24 21 58 92 23 25 99 36 54 43 94 27 20 15 92 86 90 93 64 83 19 72 75 71 27 40 28 76 14 5 76 22 77 19 18 22 26 49 73 34 76 88 38 50 74 52 20 28 83 26 27 16 77 29 92 92 56 15 89 10 48 1 55 90 77 66 72 48 57 63 81 68 37 65 55 77 11 67 38 44 66 12 28 92 67 84 73 4 68 95 70 60 95 84 31 34 16 29 17 40 68 40 5 31 4 83 92 13 87 93 91 15 68 17 2 13 14 86 59 8 48 21 65 74 89 93 57 92 81 69 22 51 93 24 4 16 69 46 4 93 27 61 55 58 3 95 58 10 54 36 39 93 23 52 84 96 66 78 60 56 6 93 42 13 31 51 31 64 92 84 85 39 48 9 40 57 4 13 43 82 50 82 97 68 13 85 12 52 27 49 21 51 43 82 39 84 52 32 86 81 15 43 44 41 93 67 18 60 27 10 91 80 92 1 28 22 69 96 4 37 47 12 42 21 72 45 51 91 19 15 94 63 20 79 60 39 43 80 27 35 44 1 83 81 26 95 20 5 26 14 70 29 37 23 4 21 90 87 10 34 48 2 20 66 18 83 27 31 18 14 37 8 12 13 21 69 72 79 98 21 78 32 76 31 7 10 77 75 6 8 75 25 78 62 93 38 94 28 36 19 38 88 47 27 60 70 65 25 19 50 53 17 31 91 20 60 31 68 55 85 45 32 35 68 81 67 93 11 14 88 9 35 5 12 22 47 23 16 30 85 6 75 59 2 96 13 41 29 59 10 66 81 40 70 42 69 77 68 92 97 45 71 88 45 9 51 10 13 78 60 63 29 17 69 10 98 87 63 57 6 98 70 55 43 24 90 57 36 3 74 1 33 86 44 94 74 99 96
96 36 30 81 93 89 20 5 3 38 66 88 47 88 52 90 2 7 52 50 9 74 12 69 72 79 91 54 62 87 94 94 47 43 45 24 43 46 2 39 28 46 83 37 56 29 70 76 90 73 63 3 56 56 3 58 36 84 51 82 51 49 31 66 98 55 1 4 25 58 94 71 27 32 83 7 90 24 97 24 69 95 78 52 77 40 49 24 38 3 31 84 72 35 94 9 49 49 74 87 21 23 53 21 45 37 48 94 48 98 68 78 36 52 7 40 41 84 9 26 55 42 71 93 34 91 62 52 91 25 73 92 25 40 59 95 11 35 84 32 40 83 12 83 89 59 41 8 46 71 41 63 32 5 75 86 44 55 10 66 63 33 74 4 87 57 20 67 50 87 21 62 34 24 19 93 78 70 24 51 47 82 88 54 80 85 37 67 34 49 42 88 82 50 28 49 61 89 14 65 11 89 45 65 73 42 95 24 12 74 60 64 32 60 63 95 21 88 99 97 49 58 52 28 42 12 5 93 21 96 14 69 81 30 14 16 11 2 75 34 36 10 91 19 81 79 36 46 61 34 86 50 37 23 49 6 16 27 15 53 51 30 84 67 28 73 47 57 77 68 21 81 42 80 99 75 18 85 21 86 60 69 14 57 87 26 29 57 25 37 4 91 41 11 22 13 54 53 48 13 54 89 69 2 85 27 19 18 89 22 96 83 64 20 20 4 65 65 86 75 24 25 79 83 24 51 61 27 7 32 35 39 68 52 53 4 36 21 50 13 58 94 9 68 6 32 37 13 62 26 2 26 78 85 13 76 60 17 8 91 72 5 93 62 3 20 40 65 25 95 60 18 13 78 26 54 15 5 15 39 37 89 25 22 1 97 63 83 71 22 8 89 21 33 63 19 41 3 10 76 35 74 87 9 16 37 29 20 45 77 56 25 25 32 47 40 50 15 80 14 34 40 93 46 91 7 58 77 75 21 36 51 41 88 87 11 4 85 16 2 59 42 19 98 66 3 9 80 94 99 90 15 60 45 38 52 25 28 32 9 18 25 10 29 94 44 13 66 99 89 60 1 72 52 23 48 38 17 55 62 78 93 60 13 26 86 92 23 43 18 55 74 45 16 59 36 90 19 81 50
90 93 79 76 89 58 52 58 23 92 99 64 69 26 48 26 94 73 36 22 89 39 37 63 21 79 84 83 85 74 91 11 98 64 43 25 67 87 41 50 27 8 94 18 83 45 24 79 96 55 23 53 47 81 42 42 6 34 92 85 36 14 33 63 90 51 42 98 50 1 72 30 52 78 38 77 89 76 94 22 83 67 95 66 15 86 28 15 73 95 97 20 45 68 20 24 36 40 76 58 79 16 44 82 81 91 57 71 37 36 2 8 27 85 39 44 14 36 5 18 36 20 40 6 11 4 7 74 75 64 56 12 77 95 80 69 75 89 16 61 81 85 68 35 68 55 53 53 12 89 98 66 32 53 24 95 16 71 9 28 19 99 23 60 25 6 8 39 4 41 22 24 29 56 51 5 36 30 40 66 14 63 93 3 67 78 95 13 79 69 65 73 31 91 39 92 65 19 14 49 2 13 39 62 58 31 62 76 58 49 62 97 66 75 44 95 1 9 76 19 34 19 50 50 35 68 26 44 11 22 79 25 66 88 36 94 99 20 78 2 10 45 61 77 47 5 35 90 41 93 95 11 94 69 61 24 55 23 79 14 99 64 89 35 84 41 19 4 15 8 10 99 54 49 50 68 79 95 39 86 86 68 4 86 80 44 68 27 47 1 77 38 62 22 77 39 58 8 1 96 40 40 58 2 43 40 60 9 51 53 50 22 2 65 47 24 46 72 52 32 25 71 30 30 63 31 11 2 67 49 48 92 23 38 39 73 32 1 31 98 37 33 32 63 18 67 21 8 70 44 37 2 15 26 50 77 45 15 56 25 18 94 70 37 71 64 26 38 19 67 13 33 24 22 39 70 80 22 86 24 77 3 69 51 28 1 46 34 26 18 92 2 29 99 8 34 5 92 45 39 38 37 88 29 37 31 38 32 1 31 40 96 1 12 19 35 47 78 27 8 32 85 40 96 63 41 18 71 56 62 60 22 4 70 36 50 47 2 97 41 34 33 23 70 16 9 73 73 60 68 62 93 16 12 61 15 5 73 2 97 39 99 80 1 34 89 87 60 42 71 60 63 7 99 8 79 88 86 63 78 60 34 77 1 12 5 65 67 99 90 32 52 79 3 54 8 84 21 70 22
78 70 14 9 78 54 67 94 31 93 94 61 21 70 78 32 86 75 35 72 61 67 41 83 34 69 25 13 93 75 96 63 74 72 45 61 29 15 54 49 2 50 20 28 29 11 74 2 91 85 43 22 98 40 29 15 61 19 23 62 56 92 62 11 26 77 15 81 40 76 69 96 77 36 47 52 41 97 29 10 93 25 61 79 31 85 45 47 9 77 43 57 99 93 77 42 46 89 49 12 86 91 50 56 42 1 86 18 79 71 87 89 41 73 24 58 46 91 54 85 10 75 67 65 15 24 37 42 47 57 94 44 13 56 61 90 22 95 72 13 3 24 46 7 23 40 40 12 19 70 39 22 49 30 58 85 80 47 97 78 66 95 36 78 10 95 32 40 83 82 87 91 64 72 60 77 73 80 30 45 52 29 26 49 80 11 65 53 67 40 93 39 55 18 60 76 93 29 40 50 5 78 59 5 94 48 30 35 1 73 61 92 33 50 90 77 59 81 94 92 87 46 54 18 73 76 56 92 78 8 91 46 27 81 88 62 13 37 83 70 76 24 13 72 83 62 17 66 62 89 8 53 46 59 7 86 88 66 92 62 13 48 11 51 50 15 29 44 64 29 49 80 2 30 49 8 24 54 76 87 41 26 50 51 81 15 49 76 73 16 62 72 21 19 17 14 49 75 43 12 43 22 49 9 27 97 57 38 82 3 6 57 53 37 92 58 61 46 78 76 45 55 21 55 56 28 8 28 85 70 99 38 24 12 54 19 66 42 86 95 98 67 36 42 70 28 29 11 69 40 16 56 63 99 75 76 3 43 57 53 13 31 72 3 97 23 54 65 65 37 52 56 72 40 37 41 63 1 17 57 56 74 85 87 46 5 47 47 25 65 24 54 4 4 87 46 59 21 19 39 80 8 65 63 62 36 18 68 58 44 41 42 78 74 29 82 33 18 44 45 78 20 87 27 95 1 2 59 83 92 63 24 45 4 78 65 34 84 74 14 96 59 13 75 4 38 3 40 37 18 40 97 28 9 13 7 52 57 37 96 7 22 24 59 22 94 90 85 52 47 12 71 49 21 6 85 25 95 79 23 54 49 22 42 27 47 7 64 85 24 40 92 34 79 33 20 46 66 65 72
