20 500 29756 140.33
72 83 76 74 57 27 67 24 72 18 52 67 8 77 67 65 72 48 23 81 61 65 6 29 46 74 78 95 81 84 29 58 74 49 53 88 71 16 47 32 51 39 20 11 8 96 30 48 19 54 19 27 54 72 35 97 53 50 98 92 25 64 39 91 72 66 3 7 63 27 76 15 42 79 1 58 89 51 44 39 83 53 97 18 68 67 33 41 33 29 87 22 7 90 86 32 62 5 99 17 71 11 91 75 86 93 63 80 25 90 60 57 11 51 20 70 87 55 96 78 4 45 77 11 54 50 60 9 38 81 33 99 39 87 95 59 33 87 14 81 57 58 13 93 55 53 91 91 93 34 26 35 23 1 40 65 38 25 47 13 4 18 87 35 63 47 99 68 79 7 85 23 34 19 48 33 16 3 17 77 38 43 59 68 87 30 88 56 13 87 80 32 70 98 37 97 20 60 85 95 68 65 23 12 95 34 31 78 81 39 19 42 59 59 66 73 81 40 63 67 6 84 21 90 63 69 36 16 32 80 23 23 83 27 5 68 21 13 63 29 34 50 31 20 7 79 53 88 95 53 90 10 51 8 90 87 56 22 94 6 17 23 46 49 3 9 54 59 97 37 69 71 12 23 5 92 73 24 19 15 71 39 35 8 76 56 19 5 98 40 68 49 72 21 17 45 97 25 84 5 30 85 64 11 34 84 89 71 78 50 17 82 93 2 29 98 39 86 59 32 25 14 60 23 37 24 38 2 26 24 41 2 21 94 13 55 49 21 11 68 77 14 24 90 89 99 36 38 15 61 30 28 10 91 36 9 35 79 66 34 88 23 87 5 17 92 55 56 26 52 85 32 99 5 30 99 49 31 18 55 47 23 5 41 39 80 13 58 58 64 73 96 1 59 26 76 76 43 46 65 67 1 18 39 77 93 25 88 83 50 18 74 22 87 5 31 84 73 67 51 12 49 36 54 33 18 64 54 94 95 78 16 83 53 1 1 90 49 95 6 49 84 95 38 25 92 87 67 25 33 68 21 91 72 4 6 21 54 77 58 4 51 57 46 24 95 24 99 83 63 40 79 88 89 21 7 46 92 26 57 69 54 33 75 63 57 55 19 63 89 55 95 37 53 2 13 90 42 93 81
67 99 79 98 38 61 11 65 24 74 32 15 52 95 63 59 75 94 72 45 93 61 99 62 87 82 28 97 59 7 64 23 9 82 95 67 46 39 21 77 63 84 86 90 71 55 41 60 60 29 27 28 75 26 12 97 85 13 12 2 69 8 84 2 17 65 79 4 65 43 60 77 16 88 77 59 18 76 17 14 8 7 92 17 69 56 36 60 95 13 60 80 97 54 35 51 95 83 91 26 3 78 60 48 9 25 21 51 26 65 51 92 68 72 20 28 47 87 93 34 84 10 14 73 77 98 43 2 23 25 39 35 56 63 82 39 89 41 60 20 97 32 27 78 52 84 62 75 58 70 67 51 67 92 58 59 86 63 27 51 50 31 63 47 90 11 90 58 86 21 22 81 7 68 62 30 19 33 81 48 22 91 89 71 7 37 72 26 7 33 14 10 72 44 17 36 88 25 65 19 50 57 27 20 23 81 36 44 55 20 25 11 41 51 26 43 64 71 77 45 29 36 50 60 17 65 53 50 73 21 7 37 66 42 72 13 71 25 19 52 43 38 90 40 77 85 92 75 64 53 41 7 55 37 45 28 31 30 70 87 78 89 93 90 37 8 89 48 96 4 74 22 29 62 43 81 8 82 44 10 16 42 7 5 52 20 47 79 98 21 40 7 15 7 37 47 68 84 51 11 66 53 71 31 52 51 40 15 49 24 38 55 16 35 43 70 9 9 86 2 34 74 92 21 59 40 8 3 96 12 23 61 66 99 48 80 22 4 6 32 72 54 27 49 1 97 59 11 22 51 8 35 44 55 69 28 30 67 83 20 44 59 37 67 63 49 97 14 68 71 96 59 75 70 33 51 46 3 5 5 66 55 93 80 52 31 50 6 26 39 83 32 70 42 79 82 62 44 47 67 23 66 21 28 94 35 68 4 9 15 93 70 40 86 73 50 70 8 99 86 3 8 77 18 89 24 99 62 12 52 4 11 91 72 16 23 96 64 97 82 88 12 19 95 82 90 26 11 2 71 80 87 1 12 62 97 67 27 45 20 21 43 25 46 8 40 3 15 30 17 42 65 23 29 77 41 2 52 95 23 43 77 19 47 88 44 91 81 71 49 35 33 40 72 71 48 35 4 33 45
22 5 74 40 93 83 37 88 35 70 92 99 65 63 39 92 99 32 65 65 7 68 78 40 16 92 77 53 9 20 33 79 13 61 40 77 81 96 43 92 18 97 90 60 94 50 46 58 93 68 66 27 83 65 91 51 11 65 59 55 40 35 63 88 3 26 25 58 42 59 87 84 53 46 38 45 75 59 24 12 82 88 3 83 4 99 61 85 74 74 16 16 12 78 81 44 55 55 43 72 71 51 20 23 79 12 64 19 59 85 82 81 10 41 47 35 58 32 88 77 94 93 48 82 96 29 65 18 94 98 79 65 6 92 17 2 58 40 49 21 1 42 29 44 73 22 46 9 85 42 29 82 22 62 3 52 17 87 30 42 54 33 85 51 1 52 28 38 7 4 49 84 67 75 37 2 26 91 96 76 55 83 59 88 84 18 91 74 70 71 63 45 42 78 36 50 96 86 21 97 25 30 19 27 80 6 12 90 96 71 11 54 23 70 11 80 23 9 82 35 48 34 90 2 70 15 34 52 43 12 15 60 98 10 11 60 17 13 22 65 11 63 44 26 26 89 62 96 29 18 19 9 39 48 85 37 65 39 63 19 82 24 78 46 94 18 79 47 32 99 4 39 91 94 2 6 4 16 66 6 17 44 29 68 5 78 2 63 11 5 17 60 25 24 19 17 41 22 82 73 56 93 46 35 34 82 37 20 23 84 59 73 31 29 21 43 40 74 91 20 26 59 34 27 76 1 30 55 13 1 55 57 65 85 27 36 13 93 21 65 91 30 13 48 53 96 85 25 92 14 3 71 15 50 28 20 48 29 39 67 80 3 50 95 26 46 95 99 30 77 62 99 31 51 81 78 2 55 23 81 34 2 81 54 94 4 52 52 45 8 42 91 28 14 56 39 54 92 17 51 74 56 7 96 3 10 65 45 55 24 47 40 21 47 95 99 69 60 41 98 61 7 8 93 62 57 11 13 14 48 68 7 97 32 22 35 21 27 24 70 39 29 91 78 48 51 27 26 53 6 67 91 58 75 49 84 94 72 58 80 48 30 65 7 93 30 33 53 18 12 5 19 43 8 99 8 91 28 68 63 49 52 13 13 48 26 28 90 21 7 43 5 68 61 62 91 68 89 20 65
72 56 93 86 74 86 75 78 19 13 24 95 91 64 34 91 79 51 90 79 24 64 71 97 92 29 90 11 65 6 44 47 8 10 70 77 49 94 57 85 93 68 31 11 93 26 75 36 22 82 75 91 21 78 31 4 74 93 83 59 38 87 16 19 74 46 87 56 93 53 13 43 88 10 54 58 63 94 5 86 80 86 49 90 96 62 86 96 7 19 13 96 43 20 48 67 1 64 95 88 4 7 73 91 47 37 16 50 37 20 36 74 25 53 64 77 99 62 7 19 27 60 50 63 72 36 17 68 52 69 27 63 6 59 39 84 2 57 32 38 72 57 52 93 59 26 53 89 73 35 22 92 20 57 40 83 48 61 61 34 16 47 34 80 57 64 79 77 45 96 77 10 89 45 20 86 34 8 45 53 23 70 56 52 83 39 5 6 56 9 81 29 96 46 18 43 56 87 37 97 37 38 25 43 62 12 74 35 33 9 79 4 31 98 42 90 25 38 96 89 22 64 91 48 29 83 74 10 65 15 64 57 61 66 54 16 33 18 57 87 31 93 99 5 44 6 19 52 75 10 2 50 75 86 93 69 19 55 64 40 28 26 26 21 7 14 57 50 41 60 23 61 16 80 16 79 33 7 35 47 48 97 74 73 28 81 34 81 35 36 50 62 64 4 20 5 2 99 3 55 48 27 7 51 94 3 21 67 37 94 39 79 59 47 42 45 42 44 25 72 20 49 56 30 57 27 9 85 34 5 10 79 30 89 4 59 24 7 17 68 40 1 3 42 71 43 39 62 28 33 38 82 8 13 21 22 41 51 92 90 59 2 74 79 16 31 41 75 20 30 88 89 91 11 14 44 79 5 28 76 19 40 44 7 14 86 20 81 20 95 46 9 3 4 75 62 17 63 94 39 92 90 9 80 5 91 36 75 90 34 65 64 82 81 89 48 64 31 64 89 45 19 39 18 84 81 73 6 91 82 77 23 60 92 98 94 93 28 87 46 41 78 46 96 99 76 8 58 79 96 98 46 69 25 29 26 99 1 50 78 75 81 53 9 59 44 20 67 78 68 86 24 23 10 94 14 87 14 84 32 92 50 25 73 15 29 99 22 46 44 13 95 70 56 90 84 25 36 41 79
74 73 58 63 22 57 99 37 23 11 39 87 45 48 54 23 67 41 24 87 68 84 35 72 20 24 57 41 41 69 72 17 86 67 89 96 92 30 97 56 37 63 27 68 85 32 25 31 70 71 52 15 39 25 33 16 26 98 44 44 83 50 81 74 77 32 26 88 91 76 79 99 88 24 70 70 86 25 78 80 73 52 74 10 52 49 76 35 79 74 97 50 60 97 90 46 75 17 41 33 15 18 18 49 49 81 84 59 83 19 33 52 62 80 2 39 99 50 56 63 37 98 10 42 5 63 22 70 94 32 85 3 46 2 31 82 4 43 15 29 95 74 28 2 48 97 87 19 77 66 47 93 17 95 61 37 88 9 21 36 81 48 81 65 10 58 60 58 67 29 25 60 46 27 64 21 99 95 49 6 48 37 51 27 50 73 21 1 1 82 14 8 87 93 87 14 74 27 51 52 42 75 79 49 80 24 84 10 51 74 44 92 31 87 90 52 11 49 19 96 67 74 93 47 1 28 15 45 98 52 71 59 55 8 6 99 79 21 91 68 49 46 37 74 88 15 17 91 58 1 53 3 91 75 77 45 15 94 11 85 20 5 3 42 2 95 4 79 77 5 70 70 25 16 71 63 20 60 68 25 67 76 48 14 1 38 16 55 3 28 77 42 4 15 54 39 24 33 9 90 37 4 87 36 4 9 69 32 42 54 77 60 47 6 98 57 16 10 66 85 20 34 25 61 38 76 87 24 91 36 59 45 20 76 13 11 39 69 9 87 64 69 2 47 83 62 86 84 12 30 67 64 62 34 41 13 20 4 94 12 5 16 70 22 62 5 46 38 14 24 29 81 74 61 65 72 20 82 68 9 50 72 90 84 81 56 4 91 95 57 95 36 82 44 90 50 98 52 2 55 83 66 69 32 58 68 8 16 51 36 13 71 62 83 82 48 69 47 42 48 92 75 90 1 84 54 56 22 18 56 78 46 14 38 39 94 72 68 59 80 83 55 82 8 3 40 95 73 36 6 57 60 33 14 12 57 22 43 4 3 94 76 80 75 91 42 16 5 82 30 27 60 51 33 98 89 95 59 24 67 7 73 38 86 60 73 85 54 4 76 85 84 28 66 58 1 97 22 21 87
86 91 42 2 36 20 96 62 93 63 13 18 14 16 56 16 8 86 35 55 76 84 96 10 70 97 49 95 82 63 30 73 54 20 18 1 81 21 90 47 33 79 51 81 31 53 93 63 65 22 15 28 96 88 89 50 56 30 73 70 37 34 25 6 39 91 19 39 15 55 60 41 14 31 94 67 81 38 60 67 6 37 17 45 58 19 74 84 69 54 63 35 69 57 47 47 94 94 10 35 42 42 95 4 12 49 29 57 7 60 53 54 22 94 94 8 4 34 80 23 5 35 65 67 2 37 38 74 52 2 17 98 18 49 48 71 23 6 63 4 91 77 17 67 84 87 33 83 84 32 45 33 62 71 36 72 58 34 10 94 49 2 75 29 60 94 42 51 87 63 77 73 13 42 85 49 84 83 43 68 8 22 91 77 28 97 63 64 70 35 14 43 44 16 19 85 33 81 49 5 18 57 35 40 31 76 43 89 14 57 91 56 83 35 83 84 2 88 82 7 50 62 33 73 65 42 18 48 53 49 59 58 85 1 54 38 12 59 76 18 29 48 56 31 49 21 65 4 21 55 73 12 17 86 62 63 48 14 46 82 97 13 82 72 69 87 33 32 29 12 97 1 36 79 24 91 93 25 36 77 53 61 66 53 42 73 18 76 25 91 90 4 64 38 66 1 80 77 3 56 93 34 60 14 30 3 80 83 17 81 24 33 93 10 87 79 83 68 74 94 80 62 23 33 36 72 91 1 57 6 42 95 13 73 2 91 23 90 24 24 3 63 10 71 84 76 28 41 97 64 3 31 2 1 4 36 95 37 3 84 76 62 39 95 72 9 83 7 89 83 30 76 42 94 23 44 58 36 11 43 14 16 27 76 91 95 48 40 50 90 17 38 36 2 4 62 45 98 93 87 52 90 64 36 77 78 38 34 93 8 45 6 20 83 42 6 90 8 8 72 84 45 40 44 12 74 8 41 15 87 13 14 32 81 46 89 72 70 36 54 58 55 26 25 17 36 32 27 39 87 37 94 78 85 7 47 70 5 16 91 17 15 43 27 59 13 64 32 55 28 82 37 11 45 75 96 46 40 74 28 81 33 15 96 41 18 61 42 8 47 19 86 2 14 10 36 68 73 95 55
2 64 64 65 11 56 89 7 54 76 84 7 87 57 35 69 50 97 61 31 13 2 48 32 44 48 26 80 95 46 88 74 6 36 83 67 90 68 31 73 80 90 37 89 89 98 26 93 45 49 87 52 97 92 64 43 92 5 83 86 83 36 26 68 20 83 7 10 15 31 78 82 70 16 40 88 73 98 8 76 5 65 6 92 84 96 74 25 55 83 23 81 49 8 63 73 88 55 67 25 24 1 87 67 34 36 36 45 87 75 33 29 69 97 72 21 51 37 29 67 13 49 95 57 55 32 42 70 6 69 73 22 14 36 30 77 57 65 78 81 43 3 57 13 13 79 72 86 5 66 10 27 35 79 18 31 52 61 56 86 7 68 39 31 52 88 12 1 84 56 21 19 78 7 57 52 38 39 18 78 11 88 90 58 17 81 17 29 28 51 27 33 44 31 18 35 77 44 69 50 93 3 30 94 14 61 33 29 82 79 26 7 38 53 52 73 17 8 93 97 7 74 78 22 76 44 7 75 6 37 34 80 38 43 31 9 68 8 39 45 76 40 33 75 96 29 35 24 36 85 4 29 94 57 76 36 57 39 81 49 31 88 98 72 71 24 37 21 31 10 42 65 44 50 88 73 53 92 76 98 69 64 26 58 82 7 19 7 46 29 10 57 56 57 19 28 24 99 95 95 67 69 57 49 93 95 6 40 73 33 51 22 77 45 5 69 69 34 81 28 31 88 15 3 3 2 88 84 36 18 55 60 81 72 59 40 61 13 1 94 10 48 38 36 95 10 34 28 61 9 92 84 9 34 5 93 22 47 5 61 58 14 94 95 87 77 74 54 52 99 33 55 73 45 39 93 6 94 78 39 44 88 41 78 91 25 3 67 43 84 39 18 50 55 21 17 73 21 94 20 59 93 56 94 60 98 31 32 84 14 67 86 37 97 83 44 97 72 28 27 70 10 70 30 11 1 27 56 85 37 12 10 90 73 81 27 18 55 23 20 20 23 70 4 42 17 14 97 87 57 63 22 81 36 14 14 97 52 13 98 41 39 85 2 90 68 47 76 12 53 45 41 90 50 57 46 21 14 79 23 34 93 92 40 74 88 83 79 53 33 68 59 7 32 56 59 84 61 28 31
61 39 98 14 9 37 66 40 90 79 76 96 55 73 64 90 62 84 95 50 19 74 62 8 63 98 98 36 14 64 68 89 91 55 82 2 72 91 73 59 35 33 51 60 76 44 54 94 86 15 97 79 87 71 63 56 95 87 35 41 26 7 4 49 56 83 30 16 35 45 19 98 84 73 83 3 42 4 52 29 99 47 38 97 41 90 14 6 54 19 29 12 9 22 4 44 53 55 25 87 89 42 43 27 3 14 39 43 76 72 52 91 93 76 26 65 23 88 22 6 2 24 24 42 96 19 91 15 8 99 48 13 93 87 56 30 31 66 10 90 46 83 71 23 86 18 37 82 75 33 56 27 49 87 92 67 50 93 62 6 89 59 18 92 2 99 90 52 54 38 97 12 3 38 18 39 83 63 56 4 77 53 50 18 50 8 58 1 30 70 27 17 71 88 88 30 2 20 22 75 73 14 73 61 65 98 8 70 90 35 27 63 27 84 76 77 79 99 10 4 49 89 94 18 50 5 84 35 66 91 72 4 44 94 21 23 44 89 40 48 61 51 20 71 71 31 62 59 29 4 42 5 8 79 62 43 62 64 13 88 18 32 41 70 69 81 83 46 7 93 6 29 68 13 75 45 58 56 68 20 1 3 9 96 92 37 74 47 87 15 64 19 33 63 82 97 56 91 22 54 54 43 44 9 57 22 34 55 65 49 43 28 78 94 53 70 45 58 37 10 92 20 64 60 80 13 84 2 19 50 8 65 5 75 55 29 10 89 19 17 25 47 63 89 17 91 31 41 66 71 30 46 70 63 11 21 11 66 41 68 84 81 83 68 81 57 54 52 26 3 58 73 27 28 78 29 11 7 83 64 9 9 93 50 94 64 92 49 51 33 14 15 24 36 51 73 78 36 21 20 76 67 50 78 43 97 20 59 41 88 99 44 92 1 84 31 60 61 56 70 78 37 63 39 35 38 23 71 27 35 80 50 58 96 36 63 71 46 6 34 21 84 18 67 65 32 40 96 51 75 81 36 88 73 85 76 68 64 68 39 84 53 37 67 29 31 35 20 43 26 81 71 91 17 4 5 78 7 9 16 40 22 1 8 73 2 22 3 90 85 4 26 89 51 60 8 96 45 9 50
79 88 82 43 98 82 52 60 75 86 71 91 85 63 88 76 43 71 75 30 58 15 99 65 53 69 61 36 97 59 93 33 7 61 98 63 48 99 41 43 72 85 93 86 31 52 97 20 88 63 35 43 59 63 19 52 10 9 24 87 99 39 43 59 48 75 68 93 22 42 17 86 63 43 87 67 64 48 32 70 86 39 49 45 18 86 36 22 75 86 38 59 84 42 26 22 6 61 74 76 39 92 23 13 25 93 48 76 53 25 71 53 26 12 88 88 91 41 40 12 60 33 54 92 86 68 52 72 92 52 39 17 12 69 15 66 85 42 88 27 60 20 14 44 4 42 25 90 85 12 1 81 94 7 20 26 8 38 64 35 47 5 93 37 67 2 44 11 6 61 56 25 70 93 61 74 99 20 16 3 19 52 81 30 16 85 88 29 52 65 4 74 55 92 55 9 25 1 60 66 20 92 84 95 32 54 5 90 27 52 35 85 57 95 36 53 55 19 4 62 26 53 50 60 41 30 10 33 25 6 65 15 13 28 44 45 21 72 40 29 68 70 52 67 14 23 63 61 34 96 87 92 62 57 63 19 63 86 79 5 78 24 61 63 39 63 10 17 24 9 99 96 2 31 64 22 98 64 10 99 83 14 22 61 1 74 29 25 36 44 64 66 72 27 7 77 21 40 90 5 84 13 99 98 91 90 37 56 3 29 6 42 13 28 10 75 67 41 83 77 32 14 43 41 24 79 45 81 90 75 3 17 23 12 83 63 47 85 56 46 86 51 7 53 49 13 80 7 51 63 28 39 75 71 90 48 13 82 13 36 40 40 29 88 50 96 95 95 59 7 83 5 91 61 1 89 19 60 11 92 57 2 66 63 18 91 70 55 25 54 12 44 20 34 54 86 37 11 37 38 77 5 92 94 22 2 1 14 69 94 68 52 44 15 67 57 58 34 13 69 60 15 5 21 36 55 86 32 71 26 74 61 56 11 63 18 60 13 87 1 98 68 86 42 86 56 21 47 25 95 40 76 26 93 82 36 34 45 89 2 21 85 25 18 92 58 8 54 90 63 92 33 1 84 21 62 66 75 11 39 86 99 54 14 99 51 89 21 17 18 66 80 67 80 66 69 4 71 69 30
27 92 89 89 58 98 46 99 63 18 92 83 64 76 76 27 67 27 96 18 64 12 19 51 87 48 81 60 53 57 35 96 98 64 34 17 44 67 34 52 49 69 95 64 90 18 68 48 73 2 83 19 67 16 29 85 5 43 28 52 81 81 50 14 89 69 56 99 76 45 92 70 21 25 31 17 58 43 19 17 53 80 42 83 99 66 37 7 13 23 38 58 69 35 73 80 98 33 52 25 91 44 93 26 95 36 80 50 58 96 20 37 7 29 54 72 85 80 10 58 7 54 37 85 33 89 26 10 6 39 15 81 4 17 16 31 32 25 34 12 53 14 62 41 70 78 37 96 1 92 89 70 22 66 52 14 94 3 45 25 69 49 9 12 90 86 13 7 99 81 74 63 29 31 44 12 75 77 72 47 91 38 15 99 81 50 55 86 18 67 22 50 39 11 45 33 11 54 54 50 10 45 30 4 25 62 39 61 90 72 46 47 77 51 31 5 2 78 45 17 29 11 38 97 76 6 23 42 22 90 57 65 43 94 68 81 74 3 85 43 63 15 80 68 99 24 3 34 13 70 92 35 14 39 85 45 23 80 60 18 5 93 1 35 68 49 55 30 33 17 24 48 82 31 42 79 50 72 94 56 38 57 61 94 4 6 61 1 20 46 60 83 10 93 21 34 63 58 21 65 64 85 49 11 55 21 35 16 85 42 8 55 14 49 49 21 30 92 90 39 26 72 5 8 17 36 3 31 50 51 13 8 90 63 92 14 91 9 21 90 28 65 55 47 15 68 68 90 31 11 29 93 4 29 77 45 14 20 41 48 7 30 7 44 73 83 98 47 6 93 89 32 40 37 86 77 30 65 36 38 14 42 24 94 14 82 14 27 5 47 28 27 33 37 79 28 28 40 62 50 14 48 6 46 73 60 21 1 29 96 81 44 36 22 73 45 71 60 19 40 85 92 30 67 54 21 47 51 72 84 49 75 36 43 71 71 93 31 29 19 45 86 99 39 87 20 12 71 27 29 52 82 32 86 57 69 11 85 95 23 87 6 58 33 21 38 56 20 53 61 41 5 43 39 84 13 91 52 74 50 5 8 32 76 55 95 79 61 82 43 77 35 90 96 91 88 14 86 54 18
90 52 8 70 72 98 14 78 96 71 64 81 63 49 38 38 65 43 98 85 84 89 55 8 79 48 55 54 97 59 49 66 32 66 51 78 47 48 69 75 79 95 84 62 28 52 58 51 38 74 92 63 27 97 87 67 73 49 39 39 17 43 63 95 24 83 7 73 42 52 65 50 30 55 67 82 20 86 58 9 89 35 15 71 50 86 83 21 61 62 75 8 23 36 74 41 2 82 6 36 31 46 46 72 54 77 76 21 96 20 82 24 90 81 96 31 39 34 14 24 36 32 88 65 55 94 82 48 21 66 64 85 86 36 46 77 33 95 89 98 20 50 95 81 60 11 53 77 98 79 64 73 91 82 14 14 54 7 60 14 94 46 18 78 51 49 46 88 27 57 86 19 79 38 2 36 15 76 92 32 43 11 10 63 94 65 87 71 49 92 90 90 29 39 24 62 78 30 20 5 2 14 78 66 92 80 8 52 62 60 44 85 75 27 1 98 1 78 10 32 29 40 97 16 8 77 40 91 11 44 73 71 30 65 31 9 18 33 46 39 29 36 54 97 73 1 18 76 22 14 89 57 31 60 27 4 95 2 61 5 54 30 95 54 1 4 3 28 18 64 52 62 35 16 32 20 16 27 80 69 2 14 45 60 14 94 82 3 74 78 82 67 5 20 95 3 39 69 41 67 2 54 58 1 13 41 9 93 80 90 13 63 50 65 8 7 31 96 32 97 86 81 90 3 72 34 11 74 62 74 3 53 41 9 19 49 79 17 44 31 22 33 83 90 86 82 91 79 88 15 17 46 21 64 7 87 56 38 16 14 52 24 47 45 83 70 45 40 39 24 40 46 48 26 61 34 94 3 59 81 52 8 97 81 93 6 86 71 79 10 84 42 26 36 63 36 23 89 6 93 78 68 35 22 65 3 82 33 59 23 4 77 5 78 87 23 54 49 58 57 28 70 26 31 31 49 85 53 21 28 54 53 6 88 37 43 32 36 7 31 62 86 99 96 71 12 26 66 80 20 49 90 76 58 41 99 44 59 53 48 43 23 80 50 63 61 99 69 86 98 11 92 21 67 26 7 80 28 18 12 72 34 18 73 85 71 5 17 25 25 75 83 69 49 6 42 20 71 72 85
70 27 39 77 72 75 90 91 95 38 48 93 72 6 66 98 43 92 61 87 84 39 41 92 47 6 94 98 98 82 76 24 64 70 98 93 62 81 94 71 5 24 32 95 20 87 59 16 14 25 67 59 53 60 95 46 2 75 83 2 69 44 49 88 49 60 78 33 91 11 50 60 57 8 74 83 3 31 32 83 2 13 62 72 71 22 55 19 49 26 82 1 90 91 16 86 26 88 88 93 46 86 31 66 60 88 27 86 55 86 64 83 50 17 92 65 6 77 44 24 58 21 90 25 15 50 85 96 69 34 75 84 66 11 28 61 96 20 85 5 49 72 9 96 54 6 26 19 34 59 76 56 6 32 47 12 50 77 56 47 38 15 32 63 45 55 91 8 73 24 3 68 1 70 52 76 46 26 86 24 36 49 89 44 12 94 68 29 47 62 5 98 64 14 20 50 84 84 93 15 13 8 10 3 16 74 81 44 27 45 96 96 53 74 51 24 45 61 21 44 11 81 4 80 10 45 71 29 33 28 77 19 14 79 45 47 54 46 86 91 47 26 34 6 80 49 23 3 15 37 18 45 21 50 89 93 25 74 29 81 71 58 60 31 63 28 31 54 60 80 62 13 49 25 65 65 43 88 43 52 56 53 48 97 6 41 99 57 1 43 31 92 29 80 1 7 98 72 60 9 42 92 96 7 23 60 59 2 60 44 3 64 38 69 40 54 13 41 65 24 14 39 11 97 8 35 98 96 28 98 12 50 42 48 48 68 11 2 55 69 13 73 8 14 16 97 5 94 3 45 17 5 16 70 8 80 10 34 56 79 8 39 40 40 97 32 19 17 99 14 47 53 32 31 64 13 92 22 16 39 10 47 63 41 27 17 77 49 56 58 29 81 78 53 13 95 45 29 98 68 13 43 12 37 10 8 74 1 47 82 49 72 84 87 56 47 61 85 84 45 6 82 80 31 6 12 18 23 25 55 15 82 99 43 51 37 93 54 55 37 78 16 89 6 84 73 95 79 63 29 14 12 78 23 38 22 39 10 90 49 38 99 25 27 11 15 11 52 90 22 85 16 74 69 99 32 87 24 83 54 5 48 32 15 86 42 24 43 81 90 13 58 60 6 34 44 87 90 75 87
71 71 89 45 80 81 50 91 84 77 64 96 42 91 6 28 29 56 71 8 47 22 78 91 8 45 94 4 37 49 64 76 83 26 10 42 24 54 86 88 49 42 77 14 54 29 11 23 56 93 8 50 86 95 16 84 67 53 53 97 92 17 96 17 29 44 95 42 84 98 31 26 56 97 30 92 67 49 72 28 96 6 59 2 66 66 64 57 12 68 37 77 87 12 88 25 51 22 69 79 24 14 95 75 27 71 18 9 97 18 5 1 78 32 23 90 58 3 90 78 86 67 52 77 55 90 25 68 47 82 77 13 61 36 44 23 27 83 11 33 34 84 84 20 12 33 97 66 34 88 28 28 58 53 83 44 35 82 70 14 62 72 24 85 24 63 92 8 98 81 4 64 42 82 76 42 2 70 64 13 55 56 18 24 71 48 9 76 69 11 7 66 39 26 54 84 62 48 68 97 45 62 73 49 8 3 66 56 93 25 14 44 33 87 9 30 77 80 89 15 44 48 16 40 62 82 26 33 83 87 32 6 5 80 51 69 70 78 28 15 21 57 58 38 4 40 85 68 79 43 97 84 92 45 81 43 58 40 35 6 65 19 31 12 30 77 3 41 16 11 42 74 89 20 20 45 37 34 21 5 41 55 35 10 72 88 92 54 31 22 86 66 73 60 94 97 41 49 41 83 45 89 58 93 33 41 6 18 15 52 1 76 9 20 26 19 44 45 38 34 56 26 83 71 55 42 62 89 68 93 46 7 2 76 76 34 48 40 94 65 28 2 19 67 74 12 51 44 64 68 70 85 88 40 86 22 33 10 18 37 93 13 35 66 74 81 24 90 89 1 41 53 77 31 74 46 15 47 15 58 31 77 70 74 22 18 61 77 9 4 94 73 29 77 52 53 68 7 1 39 6 29 14 13 42 52 75 27 67 82 70 62 91 78 91 65 3 99 20 27 28 32 25 53 55 96 95 98 95 94 28 18 28 89 14 41 63 21 76 18 50 13 80 55 38 30 35 42 42 25 31 49 11 58 31 27 33 66 8 28 10 36 49 55 82 53 93 80 49 76 12 96 70 30 61 89 76 26 71 24 94 47 52 20 3 81 42 87 7 33 81 19 8 43 99 24 49 5 44 8
62 52 11 29 57 87 95 57 84 66 6 88 20 78 77 82 34 93 63 70 57 67 11 15 77 35 49 43 45 81 60 68 2 98 90 37 60 76 26 65 56 2 60 85 77 31 74 88 1 57 25 58 23 93 91 58 49 96 60 80 99 89 79 79 69 32 20 30 7 89 1 75 71 33 42 73 1 14 84 26 24 9 89 40 31 7 76 11 9 85 73 87 85 88 26 10 92 43 8 84 61 72 46 53 31 78 47 87 9 21 82 4 52 7 48 68 76 53 97 44 67 7 98 19 99 82 51 54 75 54 78 66 62 65 50 23 81 43 13 82 47 68 92 91 31 5 7 74 54 21 53 6 36 19 90 59 96 91 83 5 95 22 27 16 66 10 59 52 24 80 39 98 38 68 69 63 7 15 47 96 69 3 40 92 11 85 1 14 86 73 31 93 9 40 97 6 19 41 4 23 29 77 75 92 22 88 29 70 11 12 50 95 72 27 21 80 44 5 11 44 67 93 81 47 71 1 40 2 52 83 73 67 5 92 83 10 1 45 84 33 42 78 43 14 94 22 19 37 94 20 2 73 87 65 97 13 13 31 99 14 80 54 64 43 74 90 27 39 96 36 91 22 51 14 28 90 90 82 74 89 60 24 31 46 80 55 21 27 56 42 30 70 55 1 21 23 4 85 71 57 17 43 19 69 12 71 29 89 17 15 38 85 96 84 17 98 8 81 57 31 88 94 12 20 2 16 4 29 67 35 57 7 6 37 52 6 39 39 78 80 50 48 14 74 69 19 83 13 26 37 15 64 40 39 7 70 94 20 6 66 28 24 26 77 71 65 28 26 20 48 43 79 56 92 97 45 59 30 20 29 78 69 50 63 67 64 92 40 85 33 8 41 50 81 87 78 87 1 81 54 74 57 9 59 60 29 72 79 67 62 82 88 6 33 33 90 64 38 35 73 30 82 10 1 92 72 96 6 55 21 34 37 8 32 4 31 13 1 37 53 66 59 92 37 27 50 5 23 56 81 75 67 23 31 24 38 11 23 6 94 51 1 51 75 68 41 27 31 8 12 96 68 5 57 75 34 66 65 82 51 54 50 24 56 75 16 49 3 71 54 69 63 5 49 50 75 92 51 27 70
96 31 49 80 49 2 66 88 25 71 44 66 40 83 66 15 80 47 42 62 33 22 78 32 74 71 36 73 28 68 47 81 92 23 10 30 57 40 4 45 50 96 23 8 52 89 17 55 62 87 18 98 23 67 90 12 47 81 76 72 14 44 14 67 32 28 98 10 76 81 57 86 15 43 95 81 81 70 25 94 90 24 57 90 20 30 28 89 90 10 90 1 74 14 54 82 32 54 94 3 75 56 10 43 91 16 60 57 9 69 67 73 84 65 45 25 59 43 67 82 68 4 79 98 26 74 53 47 34 77 84 81 94 86 84 49 76 37 25 63 50 50 70 35 8 50 41 94 89 2 19 6 54 61 94 35 4 10 78 53 79 66 47 96 6 1 84 45 63 24 10 21 66 80 90 93 91 7 14 6 22 29 76 45 47 57 22 15 30 51 76 14 41 28 25 3 41 22 48 6 80 51 48 70 40 65 88 1 5 57 25 90 86 92 16 19 34 28 34 10 73 49 75 85 10 36 83 93 34 22 19 72 62 16 33 68 98 30 33 58 11 39 83 3 20 95 10 13 11 53 50 96 46 48 30 91 22 49 30 3 13 62 80 72 71 50 8 61 98 94 64 92 29 80 84 31 42 75 62 9 25 24 41 8 45 37 71 39 60 59 17 50 42 43 95 27 52 79 36 62 53 78 47 4 26 36 54 32 26 7 93 19 61 30 20 81 44 8 87 61 52 50 51 23 56 35 23 80 5 12 94 69 66 15 6 64 92 32 82 73 13 23 98 19 70 27 34 22 86 63 55 17 99 16 31 69 86 92 56 53 14 31 80 93 48 54 60 38 39 37 6 89 6 55 79 97 12 13 91 27 76 84 53 95 66 1 83 68 75 16 15 20 8 99 86 30 14 40 24 25 78 48 52 57 44 52 33 17 84 61 88 80 38 46 46 19 95 79 68 49 30 10 68 65 32 47 88 31 40 33 86 16 59 71 85 48 1 67 4 50 71 57 39 79 61 89 96 24 53 20 32 48 82 92 21 23 75 76 58 47 61 20 17 97 9 15 55 40 72 96 49 98 94 8 79 2 83 53 67 4 27 65 41 44 69 78 70 81 21 93 27 26 98 50 66 8 99 79 67 62
76 69 5 52 39 77 84 52 61 54 46 53 95 98 5 75 58 92 68 48 82 67 7 76 58 5 35 32 88 78 26 98 80 94 78 69 7 44 13 58 85 91 38 77 53 26 95 38 95 81 77 8 49 44 19 87 41 38 82 5 84 46 78 93 4 7 66 13 89 41 71 36 4 88 93 76 89 26 83 91 24 78 96 16 44 47 61 54 99 22 69 30 12 94 72 9 26 25 56 3 64 89 90 44 90 18 85 40 87 88 57 84 69 63 67 80 79 33 16 43 4 54 13 67 92 96 21 79 39 19 4 81 27 38 29 7 20 97 94 73 82 83 31 55 66 61 4 17 90 73 19 78 67 56 74 80 11 27 19 47 81 51 36 66 45 7 70 36 23 83 91 2 63 15 80 52 31 91 83 67 64 16 2 11 96 27 31 86 57 92 97 23 26 33 5 37 27 1 53 33 54 40 50 22 19 19 90 81 45 94 32 34 97 63 43 89 44 43 30 27 63 60 3 85 28 30 75 49 94 9 41 83 30 42 43 44 51 29 17 42 17 44 11 79 42 44 23 40 1 88 26 26 41 94 11 28 68 5 44 73 28 9 10 48 54 95 78 5 33 46 91 41 38 56 86 49 31 89 24 12 85 63 48 76 44 8 35 51 22 64 79 95 72 68 82 89 45 76 22 63 62 8 52 21 1 22 88 54 91 30 97 79 33 3 17 45 26 47 19 8 23 16 32 67 4 29 23 67 2 40 98 50 66 65 84 30 62 95 6 28 78 56 33 88 89 89 37 75 23 12 93 65 45 42 40 62 31 55 54 41 37 52 58 56 26 79 40 81 97 81 51 87 94 6 7 92 4 31 88 42 92 75 80 62 97 26 44 82 33 29 16 27 70 95 37 61 94 47 19 99 11 95 91 16 42 62 42 10 52 2 68 13 80 1 33 22 34 86 9 14 60 64 48 10 36 67 37 57 74 60 64 45 8 6 38 78 38 82 32 99 91 1 32 64 70 85 83 43 95 67 71 31 15 64 72 68 72 16 97 4 16 7 19 61 55 20 31 54 70 20 90 26 16 97 68 52 90 54 87 32 30 9 19 84 88 40 67 47 29 2 73 93 51 76 89 74 11 76 99 48
81 89 72 90 49 70 56 84 50 81 74 58 86 1 99 75 91 67 51 68 73 78 80 65 73 3 53 90 82 34 21 51 73 54 18 58 36 50 77 37 11 57 96 90 62 37 62 84 36 62 35 88 93 6 34 19 17 94 12 87 27 43 21 57 33 53 8 53 35 19 60 10 8 63 75 70 59 35 77 71 96 86 84 91 47 26 45 76 50 80 87 43 47 37 2 88 70 6 33 85 16 57 21 3 91 89 82 70 17 85 50 5 85 93 44 62 79 51 55 65 97 95 73 9 98 79 90 12 38 27 19 32 4 22 92 61 40 72 80 66 75 61 75 59 52 56 32 10 84 19 96 42 94 8 72 9 71 39 33 67 10 56 31 57 9 13 61 19 73 87 62 5 65 18 94 25 72 13 9 87 82 66 66 12 44 23 91 32 41 46 58 48 11 82 90 23 33 37 37 23 92 57 10 37 5 63 68 20 53 4 6 25 18 16 92 2 53 32 70 66 95 22 4 43 20 96 15 51 29 63 99 53 9 52 92 11 20 43 21 57 36 24 86 88 10 45 72 91 62 99 72 87 88 38 8 98 86 46 32 35 44 37 60 96 44 26 32 52 61 60 70 44 21 23 62 48 62 14 1 81 7 26 62 41 74 93 52 61 69 77 48 64 88 87 4 5 20 23 3 76 34 80 30 91 2 3 3 56 93 36 10 92 18 22 96 4 27 77 35 14 9 99 37 92 48 89 11 6 90 39 59 60 57 28 19 67 89 99 16 55 97 95 91 72 2 41 37 48 42 22 19 3 59 46 9 72 53 30 96 52 45 32 70 52 8 19 46 71 84 21 71 8 17 55 71 62 95 68 78 62 75 50 50 5 58 77 43 46 99 14 27 68 68 77 19 69 8 29 50 30 9 37 29 18 48 73 56 77 46 25 58 57 59 19 25 89 7 16 73 65 64 37 22 99 10 2 1 79 70 87 79 51 34 12 71 91 2 63 43 75 19 79 37 47 47 27 55 55 63 19 18 70 86 23 94 79 54 1 87 43 50 40 23 7 23 57 87 11 62 1 70 6 17 10 66 80 78 45 55 94 97 70 33 12 29 52 93 66 25 21 96 45 29 29 97 65 49 96 93 68
92 88 14 72 99 35 7 77 31 30 12 36 92 66 75 22 44 36 72 90 21 49 70 63 59 28 58 56 24 51 98 75 88 53 41 36 99 76 15 79 90 25 35 20 52 17 13 59 81 49 70 66 26 60 15 19 65 33 84 28 41 63 98 50 83 30 34 63 54 59 56 12 80 33 62 49 2 86 74 45 81 23 8 4 30 2 26 57 28 14 55 59 44 31 38 40 98 78 79 26 86 36 5 4 96 30 43 54 39 66 6 69 33 6 96 14 7 66 53 69 23 97 35 63 11 77 59 88 98 97 31 84 11 63 23 27 55 22 9 74 16 73 49 29 20 74 96 71 50 60 98 60 69 4 27 77 61 7 51 87 50 32 28 83 33 81 86 98 53 42 1 69 55 32 95 71 70 29 91 61 56 34 92 99 82 34 20 80 20 14 16 55 7 32 86 24 40 86 14 95 81 40 11 68 94 20 54 12 47 40 46 73 68 22 39 79 26 88 7 81 47 91 87 59 37 4 80 80 75 73 38 22 92 27 12 50 80 21 28 22 32 10 58 10 28 39 18 52 26 73 7 26 67 30 92 21 37 36 54 20 4 55 2 92 99 2 4 99 58 17 3 1 26 13 33 6 31 8 38 13 28 40 53 87 7 77 27 30 86 91 86 68 86 40 38 33 41 67 2 76 48 72 76 3 2 2 95 43 96 58 4 77 4 35 42 45 62 30 80 75 1 45 45 25 56 98 71 80 34 16 61 83 20 27 5 57 25 36 90 64 42 78 10 12 71 80 69 54 36 93 62 23 25 14 24 8 52 47 82 68 16 14 17 4 53 18 33 30 56 45 39 44 79 97 71 1 38 6 90 88 4 67 52 14 51 56 44 54 55 87 58 89 17 16 22 60 30 65 78 97 3 50 1 29 77 19 55 28 65 53 51 1 98 31 25 31 21 97 25 36 94 18 27 45 48 12 9 37 70 84 95 56 50 46 76 75 68 22 28 63 31 23 66 36 35 53 85 23 10 34 59 10 11 22 32 45 56 43 13 74 90 11 4 64 93 63 34 21 91 33 59 55 58 64 33 20 7 45 94 26 77 43 58 78 93 90 12 68 89 2 59 13 14 44 76 48 66 30 68 90
36 46 75 98 64 97 63 28 80 75 79 60 13 24 90 86 97 86 53 60 68 26 68 90 87 52 5 46 59 83 88 48 82 25 29 9 32 92 92 58 37 89 85 1 14 98 98 26 97 54 99 68 43 35 48 89 43 62 62 39 34 69 75 74 65 79 33 86 2 12 13 72 5 72 20 51 88 14 28 83 41 86 1 23 4 64 39 24 56 9 34 35 55 57 57 91 19 75 54 82 88 10 12 94 46 93 59 26 69 7 67 73 67 59 87 25 71 25 48 37 99 52 56 14 85 63 28 75 89 65 37 53 82 24 80 67 86 32 37 2 75 27 53 41 55 41 68 46 91 76 76 11 71 11 79 97 54 51 99 54 5 86 35 72 56 47 24 54 69 84 57 6 46 88 28 33 81 75 50 90 5 36 17 47 86 89 19 23 14 31 62 8 5 31 28 80 34 48 75 92 8 84 53 29 93 71 5 38 28 28 85 73 12 26 75 41 16 38 73 71 57 18 20 63 96 20 77 84 91 26 55 33 10 19 6 91 21 91 42 55 90 80 98 64 44 89 47 4 67 3 31 78 6 69 79 24 26 50 33 21 39 81 5 75 69 58 38 18 75 73 59 41 68 85 96 98 14 21 40 57 56 71 61 26 76 55 40 90 70 17 9 1 40 15 58 9 91 13 11 39 99 60 51 34 78 11 29 30 51 17 48 56 33 44 42 27 67 84 43 42 73 50 2 36 59 12 29 97 97 56 84 45 51 30 15 94 78 47 85 46 61 59 80 76 44 30 23 39 29 5 22 99 77 15 20 42 80 94 61 7 57 49 78 94 70 13 37 45 46 29 29 55 85 1 75 54 70 14 81 53 38 69 24 20 62 78 60 90 38 94 40 39 60 9 33 35 73 34 68 35 27 91 4 99 71 79 75 10 6 70 20 54 78 56 94 68 79 82 48 66 27 56 36 39 6 36 99 41 13 75 24 83 66 22 31 42 37 96 22 60 39 39 98 98 55 32 30 76 58 93 14 10 69 97 10 81 64 49 32 68 71 65 31 69 38 63 23 73 34 58 80 51 4 57 16 59 2 3 75 13 73 11 43 77 50 37 20 95 8 33 80 47 40 63 62 78 46 34 37 60
90 20 91 23 13 60 85 57 29 70 7 63 36 48 68 46 43 7 54 87 2 82 96 59 44 20 1 88 43 25 68 93 46 71 32 28 79 96 79 45 57 47 26 10 58 77 93 26 6 72 63 19 95 58 78 85 79 51 27 14 2 55 55 41 40 36 3 59 25 79 57 28 66 68 19 62 58 61 94 74 93 63 36 92 50 81 94 98 77 63 20 72 16 8 86 79 41 44 81 32 94 87 71 67 34 59 20 16 17 15 51 39 27 71 29 24 29 56 14 75 60 61 93 93 44 80 22 33 36 78 91 61 84 58 47 84 22 69 21 95 17 63 37 64 54 31 96 11 34 20 83 31 60 63 14 77 32 12 11 17 59 57 66 63 75 20 88 13 77 52 80 7 18 41 49 47 58 51 97 69 28 32 98 2 47 13 66 24 71 77 27 22 17 70 58 37 87 18 68 2 9 7 38 70 40 85 4 36 79 94 88 89 61 36 1 72 69 1 60 58 50 92 75 58 8 94 32 5 8 54 88 88 5 86 34 26 34 69 30 58 89 69 21 72 16 25 87 57 84 51 25 68 38 70 16 62 52 28 72 23 89 42 3 84 45 49 63 8 89 6 48 40 8 22 97 20 9 29 8 91 33 60 4 20 6 55 65 77 81 40 23 65 21 99 19 56 15 21 36 79 65 91 21 63 60 36 49 59 26 58 23 24 76 55 41 14 30 74 67 25 53 12 53 46 55 94 99 66 4 67 4 76 87 13 52 27 52 51 62 20 15 23 83 48 6 1 80 81 21 53 62 75 2 90 2 50 67 12 93 56 62 92 41 46 96 76 99 39 66 34 48 41 94 57 81 78 48 75 56 55 25 12 43 46 65 47 69 16 70 50 6 88 67 43 54 70 28 4 13 18 66 77 72 83 43 37 50 93 51 81 64 62 22 66 54 19 25 11 51 58 1 12 36 1 86 91 55 48 22 19 30 74 96 35 40 83 83 62 63 18 85 42 81 84 34 71 25 11 84 59 33 20 56 6 15 76 12 10 37 29 72 49 56 23 56 73 69 38 49 70 99 3 3 55 73 66 25 27 84 23 21 17 64 8 61 14 29 44 81 56 10 55 32 60 89 98 87 50 39 87
