20 500 29392 140.10
81 70 84 13 45 95 88 4 49 8 49 95 84 53 83 96 38 52 45 99 12 92 86 29 78 93 90 54 15 67 11 85 61 85 13 36 97 94 1 52 4 37 9 35 32 83 48 9 94 61 10 29 93 57 38 92 24 12 86 93 88 69 8 5 48 62 35 18 17 91 31 96 24 44 39 87 67 38 80 65 53 86 66 78 82 60 79 54 38 86 29 62 61 14 5 59 76 52 79 31 18 96 93 89 21 16 64 83 38 71 48 51 81 92 62 97 22 19 7 8 50 9 11 96 23 45 7 96 72 90 55 77 26 27 23 44 35 28 36 29 32 40 49 32 14 29 11 21 6 22 9 88 33 42 64 42 24 84 35 57 3 68 49 52 23 67 1 70 44 75 59 60 95 51 17 51 66 50 80 37 59 63 5 52 8 9 29 63 86 81 99 55 7 18 22 99 17 10 86 18 13 82 90 63 23 11 46 19 16 79 9 94 46 92 63 70 73 46 28 72 62 35 76 10 28 1 77 34 68 4 63 17 37 20 16 4 38 23 21 87 85 88 63 91 29 83 65 40 73 4 63 15 20 8 1 66 69 82 21 38 74 89 75 75 48 49 16 32 75 24 78 64 45 23 59 17 83 51 62 81 21 20 1 7 29 81 69 37 12 86 65 17 51 14 34 60 3 80 43 42 86 62 92 85 3 58 2 33 97 13 99 48 83 32 88 40 83 16 89 87 80 89 46 90 64 59 53 42 51 70 81 20 98 76 23 96 52 5 58 56 26 92 14 12 23 81 83 99 55 35 60 51 54 41 14 36 65 74 59 86 63 50 35 60 31 80 99 98 72 35 71 20 74 60 33 7 33 68 84 64 72 98 82 45 89 50 45 43 10 64 16 81 18 90 57 11 76 40 36 99 85 26 29 51 42 41 80 41 38 80 38 5 93 23 31 39 85 6 7 16 15 17 75 27 47 67 29 1 96 64 89 28 37 74 63 52 41 1 20 34 64 34 1 63 1 1 88 30 21 9 38 10 48 99 53 11 70 36 20 39 3 76 6 1 97 56 84 39 7 99 45 78 62 43 18 37 25 61 3 17 18 13 99 84 43 4 92 76 93 50 31 98 76 30 82 80 53 46 97 99
96 85 81 66 93 37 94 54 67 58 44 55 25 92 59 29 74 37 68 45 27 87 17 83 98 69 95 67 49 96 75 91 92 77 3 15 2 68 15 67 11 43 80 47 5 64 88 83 58 69 96 87 90 20 54 87 55 19 18 81 91 2 91 52 76 40 60 95 30 66 43 75 39 87 17 96 74 72 70 44 20 64 17 59 36 51 8 56 26 72 4 36 71 19 66 82 12 68 3 8 33 23 36 43 76 68 56 21 82 14 7 90 48 82 60 34 24 24 56 71 9 7 39 74 47 2 79 45 19 69 4 45 86 72 32 18 58 82 89 94 31 43 77 17 72 63 56 83 35 1 84 6 20 60 56 86 44 72 29 18 17 56 24 46 80 64 3 99 82 82 68 28 58 72 81 12 15 17 28 16 30 28 10 46 62 35 80 21 24 67 45 71 19 62 20 30 80 84 37 40 49 57 58 66 51 65 30 78 81 41 16 13 89 29 37 35 90 61 62 30 7 24 58 46 60 9 7 34 17 95 72 53 6 6 48 53 99 4 55 22 40 46 28 11 22 87 51 23 6 5 76 98 65 86 2 74 48 86 33 19 69 62 62 95 9 99 7 19 71 63 66 17 52 26 31 68 62 15 92 63 53 69 93 71 25 16 8 30 73 57 74 60 20 32 79 33 85 84 75 34 84 92 53 78 60 17 62 55 34 93 11 62 56 70 25 49 8 48 7 88 25 94 62 96 36 28 74 64 15 68 61 59 63 91 59 9 63 74 62 89 7 84 95 35 35 5 20 80 78 78 28 68 2 31 3 72 93 4 65 69 76 85 78 11 63 49 93 49 81 85 75 6 61 83 38 92 5 83 93 19 7 25 2 6 10 32 52 18 89 49 69 68 43 48 78 4 42 75 93 71 35 58 76 46 25 85 42 94 76 11 3 4 55 94 78 62 52 51 9 52 30 14 60 60 85 98 78 15 57 74 28 77 6 91 94 7 43 80 6 10 15 27 15 39 87 27 9 43 66 81 96 13 42 34 43 71 49 89 81 95 68 7 60 95 55 94 23 86 86 71 67 64 64 42 39 79 99 51 87 91 88 16 13 34 95 79 40 69 68 11 31 20 41 61 95 61 52 14 31 45
30 63 4 39 34 90 95 82 19 60 5 87 14 61 4 95 58 93 69 77 78 71 48 97 20 45 97 81 98 61 50 63 32 72 30 39 26 46 51 44 85 4 99 49 93 93 18 88 74 35 71 72 25 56 52 52 94 68 88 78 68 82 63 5 15 47 84 30 96 30 18 60 61 77 45 34 49 25 44 25 30 25 81 92 59 12 34 4 89 31 36 8 2 93 78 72 1 68 69 55 18 19 9 50 99 61 50 31 75 62 74 87 1 4 48 96 69 76 79 26 5 10 14 16 2 42 91 14 61 4 32 22 91 42 97 78 82 82 60 22 40 7 82 8 61 63 4 57 2 59 37 43 10 53 6 23 84 12 83 72 52 26 41 95 9 64 78 24 54 13 54 28 79 94 52 77 41 26 67 89 70 54 11 76 32 56 31 3 75 80 89 22 45 47 31 20 83 6 80 1 15 52 94 66 65 25 62 47 12 51 45 1 89 54 35 83 27 8 23 12 98 82 52 7 61 2 23 17 99 16 79 19 10 7 67 99 63 67 92 50 57 35 56 13 80 25 23 35 20 94 8 33 16 7 3 3 87 86 45 35 24 86 7 58 75 6 44 98 56 22 48 82 62 45 83 49 55 13 21 24 49 83 87 35 72 47 76 80 91 18 75 23 13 96 26 9 18 81 38 64 66 73 80 26 56 5 83 4 76 87 89 85 53 12 32 55 5 19 37 75 51 96 26 35 55 65 82 26 34 58 12 51 67 90 40 74 85 27 8 23 41 35 74 49 20 19 84 89 73 97 26 66 84 47 68 7 54 30 8 94 86 94 44 56 27 16 34 46 51 8 44 3 3 27 59 29 95 60 24 30 56 38 24 40 45 99 89 15 98 18 24 12 45 29 9 54 71 82 85 93 84 59 76 84 29 12 79 72 68 86 19 14 53 66 86 84 5 55 56 24 12 78 17 40 4 50 52 7 33 90 75 19 67 91 53 18 70 92 3 33 32 57 4 96 26 22 93 77 13 9 41 19 98 34 69 64 26 7 47 99 63 68 1 56 49 23 15 54 78 12 20 56 99 17 60 35 77 64 28 96 10 71 77 81 93 18 81 27 86 36 54 23 29 68 10 21 8 13 27 77
14 99 70 64 79 48 55 6 26 75 70 66 39 91 10 61 89 96 98 94 9 69 96 19 48 75 85 38 78 42 60 55 27 57 78 73 7 23 77 62 9 87 47 56 73 51 28 24 30 80 17 63 54 60 3 32 28 68 82 45 33 84 95 93 9 80 75 18 88 89 40 11 85 20 38 73 78 54 39 41 9 50 68 83 64 64 31 23 57 60 45 2 14 40 50 7 32 18 98 71 85 71 34 50 34 52 52 44 35 4 30 41 84 90 16 16 13 68 19 16 89 19 57 55 35 71 75 72 10 41 59 22 60 25 9 5 26 68 32 61 60 79 13 76 12 81 95 49 92 61 60 5 29 69 42 83 50 59 6 67 12 54 14 27 97 88 44 39 32 55 42 84 73 68 52 91 61 65 21 70 30 81 36 24 74 29 93 49 43 48 79 59 7 73 56 33 38 62 55 23 34 4 42 92 81 37 11 35 5 80 98 4 9 19 12 96 75 35 68 20 73 4 1 5 16 26 89 34 64 66 75 23 7 55 39 91 74 54 5 71 3 76 82 5 54 23 34 98 18 92 36 96 45 15 49 9 13 74 84 26 59 36 77 85 39 99 8 76 1 48 71 21 66 25 18 46 72 67 67 58 15 95 46 15 99 58 23 29 3 48 58 76 27 51 84 37 94 79 72 59 63 38 2 49 37 99 61 48 7 97 45 58 23 82 34 34 40 41 23 14 85 92 14 81 38 9 89 16 3 44 54 71 2 68 12 24 50 5 94 75 92 91 1 11 51 50 70 30 46 44 83 82 50 17 65 27 37 49 6 13 83 35 75 18 70 28 53 15 60 8 4 92 52 39 30 2 43 72 12 43 6 29 64 89 51 55 27 14 16 38 50 4 25 81 31 23 27 97 25 72 4 26 3 71 67 73 50 29 93 45 74 81 23 74 48 96 43 17 97 31 13 30 27 15 34 58 32 68 56 33 75 74 52 85 17 95 8 13 92 79 85 95 60 64 95 53 1 48 87 37 97 64 61 87 70 18 47 30 77 18 11 76 20 97 57 35 87 61 34 96 16 52 21 12 19 92 64 88 3 17 60 88 4 87 40 32 39 1 69 42 86 28 7 19 59 77 89 37 91 94
97 30 71 43 64 6 69 65 73 41 75 21 23 76 95 83 48 36 29 86 68 68 36 61 65 65 79 51 71 22 94 94 24 33 36 56 49 12 44 28 99 37 96 21 97 49 83 32 41 93 7 74 63 70 75 64 73 52 64 4 19 3 41 76 99 99 24 32 39 95 68 47 77 54 66 3 28 5 89 8 69 20 73 80 10 77 64 73 73 1 60 64 33 97 86 13 45 30 60 52 99 69 36 52 62 9 75 90 83 67 75 4 21 8 31 25 45 48 29 90 87 31 36 51 96 52 68 29 46 31 92 15 87 22 39 55 76 21 82 13 42 77 79 24 62 28 90 12 52 60 10 61 90 46 83 23 80 65 98 35 67 1 2 18 75 6 59 79 68 19 93 61 2 26 16 96 49 65 31 53 25 98 67 23 19 70 68 41 69 20 43 90 65 18 23 61 93 15 50 91 32 55 67 36 20 80 7 25 70 38 84 43 28 60 44 26 63 33 28 48 8 25 75 95 20 50 14 17 91 28 80 9 49 43 48 33 53 25 15 64 68 23 21 76 13 61 62 21 20 19 89 75 46 67 50 6 51 22 30 12 61 51 55 73 5 52 67 22 47 54 50 49 91 13 32 81 63 20 62 74 15 96 7 3 90 14 97 89 19 48 36 27 60 2 96 38 85 9 51 57 98 23 5 34 3 45 92 74 14 34 81 77 10 23 32 64 85 18 83 50 15 37 31 97 5 7 34 88 39 92 66 23 5 4 41 7 92 53 44 65 73 90 48 55 66 49 35 89 14 24 23 29 5 98 63 2 70 64 75 21 25 90 44 80 8 27 84 25 67 69 33 59 51 13 85 76 4 39 34 86 47 76 61 89 19 24 14 3 57 42 6 41 16 6 50 67 39 80 75 66 23 50 74 48 88 88 37 27 11 7 28 62 46 22 15 1 91 49 2 82 41 29 80 67 44 38 27 15 71 11 67 56 6 45 18 60 14 52 59 84 36 66 24 77 82 11 36 54 99 84 24 8 97 33 14 63 85 41 1 2 34 66 15 53 42 53 98 70 48 92 46 17 42 31 22 70 62 78 13 64 94 82 65 22 92 27 86 87 47 27 5 32 43 50 59 75 34 1 27 86
99 35 95 93 17 85 74 95 89 85 35 40 79 65 12 95 93 29 49 58 70 96 23 75 2 34 62 69 28 68 46 9 56 97 36 61 72 98 4 37 95 62 23 55 20 25 57 53 19 71 62 34 15 37 86 94 65 25 50 15 24 83 46 88 19 26 80 46 34 6 63 45 27 4 38 68 34 43 43 46 10 80 47 34 3 75 35 98 20 22 82 71 99 61 11 89 86 13 59 39 9 12 70 13 47 60 72 62 25 8 17 85 95 55 66 18 46 1 83 37 19 86 56 86 4 7 81 98 12 68 42 98 87 65 15 10 54 57 26 62 18 42 6 90 50 57 96 11 88 87 97 47 32 15 63 33 57 47 91 2 88 29 68 8 40 66 96 36 46 45 5 13 40 76 62 68 1 48 69 13 95 49 80 86 31 26 97 86 99 2 4 39 31 45 80 70 97 8 79 44 55 70 80 18 48 15 91 16 67 84 75 9 46 39 71 76 87 37 9 27 83 21 69 59 41 14 14 32 52 3 32 32 94 5 69 66 1 97 46 51 98 12 97 27 33 9 76 75 94 48 23 14 11 76 69 70 43 51 83 59 43 94 40 2 14 36 34 14 60 30 18 66 66 73 37 14 73 30 17 78 24 98 45 71 86 85 24 51 61 33 52 81 58 56 10 86 18 17 65 6 30 45 80 41 93 29 54 74 19 71 64 1 32 90 29 88 43 53 37 56 83 58 71 20 89 17 21 50 6 86 67 35 97 83 65 56 41 63 56 65 12 18 49 92 72 66 89 45 13 31 59 7 7 52 11 8 7 94 13 34 17 11 50 70 54 7 80 78 29 63 2 21 57 49 24 81 60 98 98 12 95 3 32 4 46 90 89 48 82 56 98 68 90 90 34 19 8 27 31 32 83 56 54 85 54 94 2 38 38 33 70 48 65 16 64 85 61 29 84 5 93 17 89 13 78 5 82 64 50 38 54 88 63 59 99 5 82 65 21 89 16 8 10 10 80 45 65 52 71 70 90 14 35 91 22 21 21 75 63 79 59 15 40 16 13 65 12 57 95 90 46 73 34 57 98 74 78 61 87 60 50 96 50 77 13 54 49 46 90 55 31 4 18 56 61 25 37 74 90 58
92 63 91 90 94 38 98 95 88 61 70 97 53 13 1 16 96 27 36 64 46 16 40 20 77 46 18 58 42 3 7 63 77 32 96 4 81 18 1 99 18 78 21 67 32 84 84 62 77 64 90 45 42 32 96 46 76 28 48 55 1 44 4 37 4 23 86 45 43 17 73 90 8 63 5 90 61 88 98 96 20 7 53 26 40 57 8 73 18 84 40 72 62 86 46 38 73 89 25 76 45 19 41 70 79 23 10 76 68 82 5 23 98 85 3 67 23 71 68 54 69 40 81 3 39 48 78 83 92 15 82 20 50 60 45 12 5 59 35 66 58 21 66 44 27 54 83 74 38 27 28 79 71 6 70 48 15 2 70 74 62 50 44 14 24 67 79 19 7 24 42 17 24 3 28 55 4 39 76 25 8 98 58 73 19 91 16 94 31 15 39 83 38 21 9 13 28 47 85 2 24 63 23 77 46 33 1 3 47 10 43 26 68 95 22 84 19 34 46 83 95 44 5 58 43 26 17 99 47 92 89 2 1 62 71 51 52 11 81 44 60 29 81 97 9 1 58 86 2 2 98 49 55 8 35 42 85 10 27 41 3 10 17 97 53 17 69 47 51 52 11 99 80 97 19 34 5 64 58 64 64 80 9 85 56 11 1 32 29 23 18 61 80 31 20 23 61 34 11 40 45 68 14 4 41 96 22 40 10 29 28 8 57 36 84 22 2 78 74 45 81 72 39 47 93 25 30 90 67 24 21 41 58 10 98 91 77 3 38 64 67 75 37 67 36 71 18 63 8 19 86 49 26 28 32 61 85 67 4 64 95 40 56 76 30 51 56 40 3 79 68 95 57 63 66 19 67 34 45 61 16 22 41 52 30 56 57 71 90 19 29 16 93 29 18 6 88 66 82 5 30 33 36 33 45 66 28 71 53 68 59 24 60 8 47 48 73 96 59 15 90 77 29 20 49 19 9 62 15 46 32 33 9 62 69 16 7 96 95 62 12 32 35 18 52 42 57 19 46 18 45 46 33 13 32 90 40 25 93 4 31 13 65 68 48 53 36 81 21 15 12 21 93 41 77 41 44 38 54 99 47 52 7 99 51 80 50 76 20 60 64 59 7 17 73 51 77 12 99 64
53 81 75 85 97 42 57 28 66 38 80 13 64 82 89 48 16 73 6 14 86 45 91 91 37 39 91 89 68 58 66 90 96 72 74 1 43 66 70 46 38 36 76 72 60 67 82 94 86 49 70 44 77 27 27 69 25 46 25 96 72 17 6 62 86 98 48 23 88 72 41 10 94 47 7 30 14 59 94 87 92 85 20 79 80 18 20 94 32 59 41 94 93 69 64 17 42 14 78 63 21 93 81 84 47 48 15 89 50 22 3 87 9 1 86 56 2 39 56 88 26 32 91 59 42 73 41 45 90 28 36 94 17 75 82 16 67 86 53 52 41 72 15 68 78 24 57 61 12 69 32 18 84 14 97 9 36 15 48 12 34 17 92 66 28 77 18 74 17 48 27 79 47 8 67 19 79 40 5 33 65 53 54 60 13 56 37 79 85 50 20 4 75 24 55 14 92 55 35 78 29 6 51 50 71 51 11 25 25 4 62 84 99 55 68 25 51 1 59 95 63 83 58 67 70 32 43 43 97 87 84 82 5 25 40 60 82 50 98 88 88 88 53 89 66 15 67 43 11 42 13 94 12 35 81 18 91 20 55 58 10 67 24 79 28 34 93 57 32 63 65 63 74 47 25 3 13 43 10 51 16 71 58 81 87 49 66 90 56 57 47 2 10 43 9 36 63 60 34 28 37 68 32 77 68 40 39 11 71 12 78 17 90 36 79 10 47 8 12 81 80 14 54 70 38 25 66 65 39 1 31 3 32 84 35 42 32 13 87 84 92 4 91 69 30 6 23 88 44 44 48 55 68 27 33 35 5 68 5 28 99 59 58 85 96 36 34 51 61 11 78 6 24 76 21 46 14 20 47 63 30 64 96 5 61 88 41 44 78 58 16 88 97 57 52 30 56 38 45 81 82 73 3 46 67 35 42 36 34 86 7 61 96 32 27 23 70 58 47 62 20 22 73 7 14 94 59 83 70 84 35 19 53 88 57 66 94 60 6 56 88 20 48 38 95 38 68 53 69 90 58 89 53 70 17 90 38 16 33 45 59 61 17 69 46 94 5 70 3 26 48 60 7 85 90 39 20 12 18 69 86 8 7 78 32 61 28 77 2 16 21 62 7 82 54 23 90 33 6 14
61 25 53 98 81 36 65 7 89 78 92 35 84 80 47 37 35 37 60 71 99 57 70 24 72 81 14 6 51 39 88 7 40 39 4 22 36 31 88 95 56 93 78 65 70 53 76 47 88 32 61 63 36 52 9 64 21 94 86 69 88 49 5 99 65 68 76 95 62 14 2 11 52 97 91 60 23 98 25 76 9 40 31 2 86 46 86 56 58 61 74 65 35 56 51 55 38 86 34 25 4 58 10 53 41 83 16 91 40 30 77 61 9 55 93 79 93 59 99 78 24 72 58 1 2 60 21 85 80 2 97 24 5 23 82 80 76 61 81 59 52 19 18 71 41 90 1 57 28 3 50 4 87 71 20 13 34 66 55 6 8 58 30 61 27 10 2 53 67 6 85 66 40 39 47 69 56 91 49 12 16 22 16 9 95 95 32 37 15 39 35 90 62 29 30 2 37 33 18 58 56 68 73 69 14 30 79 90 79 40 12 28 11 92 48 49 24 46 75 53 42 73 57 63 3 32 97 76 95 7 50 84 28 7 13 68 64 73 49 57 66 62 78 10 37 32 53 87 70 54 85 8 74 31 85 83 32 34 94 65 11 15 64 50 3 89 63 85 54 74 54 50 55 19 12 47 25 17 56 48 45 77 11 71 71 43 93 14 26 31 6 11 38 30 19 91 45 28 54 40 49 11 18 92 91 29 24 65 2 54 39 73 17 47 28 49 56 88 34 30 5 94 15 27 75 34 20 55 62 54 71 23 1 94 73 72 93 47 32 69 63 61 38 20 24 74 55 89 87 53 18 13 39 3 33 15 67 22 2 21 31 55 85 39 15 43 6 43 62 77 95 28 66 5 55 93 48 75 66 63 52 6 64 5 78 43 73 17 86 50 47 15 84 52 58 56 6 68 82 58 71 80 15 52 21 34 3 98 61 9 45 9 24 78 60 9 86 69 96 41 11 66 45 87 28 87 28 62 6 66 58 78 32 23 68 37 74 18 28 1 90 36 81 65 91 47 60 8 36 18 72 50 39 88 91 22 76 93 5 51 91 17 36 35 10 90 21 58 17 42 98 89 98 23 56 34 3 6 27 77 2 90 89 6 56 64 48 18 84 8 83 70 7 83 80 32 74 65 80 71
98 92 43 8 75 71 71 81 87 26 50 63 72 19 91 67 71 83 41 16 31 89 42 97 14 38 78 17 47 87 83 66 2 47 94 79 43 10 37 75 73 97 74 85 83 65 7 39 33 71 45 53 26 97 70 23 70 46 38 72 82 66 13 32 51 87 93 61 56 30 89 24 25 83 24 49 27 15 11 92 18 67 78 87 1 15 44 13 79 87 83 12 22 4 46 96 70 16 11 81 72 87 61 35 95 11 50 56 36 18 65 20 15 32 74 65 89 18 28 33 43 41 75 5 73 25 90 17 66 55 13 8 55 22 95 96 30 35 88 60 42 9 89 60 21 37 69 15 68 49 34 96 66 25 14 63 19 59 3 45 17 40 2 4 53 13 71 69 18 51 66 55 45 88 20 98 21 3 30 17 57 25 9 27 49 31 3 75 25 20 92 96 12 22 70 1 44 27 7 65 35 82 75 76 38 8 17 22 13 24 34 59 52 46 6 27 81 88 63 83 80 37 31 3 55 1 28 89 34 93 40 1 59 99 30 23 61 34 86 55 42 52 83 35 41 44 71 11 52 27 83 7 17 64 32 85 53 2 12 77 33 67 16 36 90 76 97 98 98 14 80 23 73 27 83 18 49 33 35 64 46 17 38 94 51 91 19 10 7 29 88 27 92 69 57 7 1 18 70 33 39 69 19 68 53 95 18 82 26 43 31 96 41 61 14 32 70 43 98 47 43 10 44 91 31 80 86 19 68 79 90 86 12 76 88 80 94 20 66 68 16 2 10 61 26 5 28 55 52 51 19 49 41 31 47 96 10 82 98 14 58 98 28 33 93 11 56 11 51 1 35 60 97 81 42 34 17 45 21 49 9 4 47 34 43 63 31 28 45 34 72 3 75 72 49 19 15 3 35 85 91 85 58 35 13 40 25 68 75 75 53 5 31 22 86 67 43 48 28 48 34 91 28 54 35 90 29 75 3 8 6 73 58 91 45 89 62 30 60 66 62 30 81 43 78 12 81 71 21 14 54 99 71 65 93 18 61 87 47 92 74 7 4 50 39 54 19 18 32 78 19 52 4 54 20 34 74 67 37 70 30 14 62 68 64 96 27 99 27 61 39 26 24 57 43 17 81 12 80 16
72 80 63 65 31 90 12 18 92 57 67 38 69 60 87 19 49 48 74 56 99 85 52 62 92 11 87 69 18 98 36 7 7 17 87 67 83 67 98 56 45 48 70 78 90 64 62 64 92 8 9 31 71 79 95 83 76 64 3 57 48 41 93 87 86 39 11 40 41 17 54 13 86 55 87 2 72 81 1 40 89 76 57 41 29 51 43 28 97 58 45 77 88 15 52 12 48 44 19 13 76 27 21 72 19 80 95 79 95 89 48 63 43 80 88 48 54 5 13 11 14 46 48 21 62 96 16 48 81 79 4 83 90 2 68 3 56 19 13 31 97 61 7 98 11 65 2 71 85 33 65 85 97 87 26 99 16 52 49 37 36 90 45 25 27 82 51 20 88 5 92 7 99 76 17 76 88 64 21 85 30 23 26 21 30 12 51 88 94 80 12 22 91 17 65 6 10 61 46 99 58 44 5 38 84 67 41 77 71 28 49 11 19 67 84 51 70 8 65 58 57 80 78 83 84 48 95 22 6 21 84 65 20 41 40 34 35 39 65 57 35 71 47 9 43 33 89 9 25 56 25 24 76 83 25 63 37 77 6 72 90 66 90 4 21 82 56 70 28 17 14 33 76 36 99 89 29 26 33 33 40 62 3 80 86 4 76 38 8 99 73 59 6 91 79 72 80 23 63 42 1 38 89 10 33 38 44 88 73 15 18 73 55 72 12 98 39 94 48 25 88 61 22 13 4 8 9 61 36 33 62 80 23 34 83 68 51 17 66 63 83 95 66 49 51 18 61 39 54 18 90 42 42 79 24 31 94 2 7 21 80 80 26 25 72 86 69 35 12 36 99 33 15 80 8 37 31 29 64 47 63 83 41 71 14 33 42 11 19 16 87 2 73 56 53 92 22 66 90 92 38 85 20 18 41 88 55 87 44 81 31 84 97 28 97 9 24 8 63 15 54 81 42 78 39 90 78 62 92 61 68 94 34 19 26 4 73 70 33 91 65 36 50 71 73 82 65 42 37 61 39 75 4 26 74 86 42 22 48 93 14 19 89 42 26 27 58 31 38 14 47 61 16 16 56 10 32 52 71 33 11 55 76 23 73 52 66 19 71 37 28 9 5 2 63 29 90 61 11 56
90 92 90 96 86 65 30 48 61 78 66 75 87 91 60 68 58 68 86 54 98 52 61 95 70 73 83 60 84 72 94 24 58 97 57 65 35 54 76 54 71 64 35 5 31 87 72 11 68 70 81 68 84 83 48 22 32 58 69 12 45 57 93 68 14 54 32 39 81 18 6 55 83 23 76 40 52 11 61 78 27 14 87 92 53 82 92 41 12 81 99 98 42 93 12 87 66 27 41 82 88 69 22 38 54 42 87 30 60 75 17 49 70 49 83 26 83 82 80 64 9 79 48 18 29 89 51 93 82 22 54 22 33 74 30 89 9 38 9 91 22 33 66 5 79 84 25 88 91 45 27 25 27 92 49 26 44 34 40 67 68 97 91 34 3 84 10 60 78 95 25 44 27 17 27 59 61 4 43 65 64 52 19 73 27 49 74 37 4 3 59 91 23 93 31 17 66 39 91 39 22 10 51 75 77 85 81 37 75 70 79 87 47 74 39 8 76 58 71 59 95 33 10 36 81 71 42 42 84 92 59 24 9 52 9 21 59 28 42 35 58 74 84 1 52 73 72 57 22 19 60 71 52 12 6 94 51 25 15 19 84 92 85 55 89 83 72 45 74 61 72 53 36 67 52 23 37 67 91 72 29 83 73 42 87 32 63 58 45 2 49 75 16 14 22 58 25 8 48 46 78 64 21 24 42 60 77 93 29 27 42 78 77 99 12 72 49 99 5 7 6 88 47 63 54 53 4 75 10 81 81 31 32 30 57 99 85 33 57 29 6 71 35 2 47 59 42 25 64 5 90 33 9 18 61 6 17 80 37 96 16 54 71 53 7 86 13 64 24 97 6 86 82 75 19 62 2 5 84 4 82 96 62 22 53 61 25 71 93 4 4 28 78 26 26 84 33 15 4 49 35 69 4 13 29 50 28 42 13 52 67 13 49 67 3 78 8 62 4 80 67 16 59 6 58 83 33 36 34 42 5 4 58 89 14 43 53 79 86 11 8 45 79 53 25 46 50 88 77 22 29 31 13 59 80 11 83 94 25 68 44 62 43 85 62 89 10 11 97 38 74 1 41 5 51 86 82 25 87 41 97 76 44 67 52 28 72 4 57 36 85 22 44 45 20 18 30 49 37 54
63 76 95 90 60 85 87 67 9 29 81 71 48 61 89 15 72 81 66 43 11 16 44 68 87 32 14 70 67 24 89 62 93 80 93 42 70 96 81 52 50 36 10 35 88 13 34 69 2 31 51 74 24 39 17 94 94 73 83 43 55 78 54 62 33 28 42 86 31 77 81 68 26 57 98 54 10 63 44 29 78 60 99 51 97 54 11 63 80 31 53 75 87 68 53 54 79 86 63 67 80 5 70 86 99 71 44 3 67 42 81 13 75 8 94 89 39 80 33 15 17 75 74 78 7 8 47 18 60 66 77 42 53 80 57 25 71 60 3 68 84 5 81 5 97 39 58 5 90 89 31 44 84 58 89 66 48 65 31 26 92 95 19 27 75 32 15 84 63 99 7 3 20 66 37 88 99 12 17 57 86 48 56 1 47 2 62 85 29 20 13 19 98 99 71 55 97 15 24 44 4 28 7 29 27 12 53 67 97 83 78 74 98 60 34 92 27 37 15 49 2 12 38 65 53 95 11 25 99 22 36 9 51 81 39 64 38 50 7 43 3 62 38 34 22 13 6 23 7 69 78 3 40 89 43 83 35 21 45 97 23 43 42 81 15 77 58 57 48 78 13 54 93 87 18 34 37 60 71 4 74 39 80 64 73 54 86 18 24 61 16 43 16 42 73 17 63 89 2 81 85 6 65 19 83 62 43 91 42 30 2 58 89 67 48 41 21 73 32 15 61 51 22 34 39 86 85 23 37 46 84 2 54 79 44 29 88 65 83 32 49 48 15 15 3 33 89 46 91 66 43 55 62 3 11 26 83 7 29 70 17 10 90 88 64 19 49 17 86 16 29 2 24 64 82 72 46 16 72 92 75 68 53 39 39 18 72 90 64 27 13 70 13 58 61 58 19 44 71 69 27 70 68 46 71 45 8 97 66 89 62 46 7 47 58 17 51 12 25 36 35 57 99 26 54 78 73 62 82 68 25 16 46 3 34 33 89 8 2 85 59 11 46 87 51 38 48 28 6 4 75 25 98 25 73 95 40 27 32 97 73 91 20 53 29 83 9 9 47 92 18 54 97 85 16 35 60 56 76 18 93 72 72 55 23 73 52 68 71 35 56 4 18 3 65 48 64 75 21 43
81 13 91 26 15 88 56 99 52 70 46 24 14 31 36 58 98 87 25 14 57 93 68 39 42 61 88 50 7 43 26 24 82 63 84 86 83 96 66 92 50 82 56 73 83 80 40 69 29 78 60 86 98 11 57 10 65 58 47 67 80 6 97 43 89 80 44 35 54 1 81 55 60 55 92 47 34 40 45 23 84 90 89 5 34 4 65 3 58 10 22 20 36 79 15 75 35 97 32 65 58 36 93 61 75 52 57 11 30 64 94 32 21 31 2 63 49 59 45 21 49 67 30 88 49 10 24 20 11 77 58 87 7 33 15 63 23 20 21 79 20 94 99 8 4 98 35 87 64 75 64 25 70 98 25 74 83 85 3 87 88 4 10 68 68 85 86 19 85 47 20 4 1 46 27 63 74 44 41 27 26 35 8 33 19 76 71 53 74 87 61 91 67 50 13 95 7 49 93 91 81 10 89 69 81 43 83 24 38 93 9 1 51 37 16 53 74 63 7 40 27 46 72 75 7 86 84 5 46 3 85 37 40 59 72 35 61 38 79 28 54 33 54 43 59 18 93 25 86 34 69 4 98 36 62 96 93 22 81 22 74 37 60 28 86 63 46 13 30 47 66 76 60 31 13 77 56 28 77 86 81 18 14 69 21 73 93 90 8 67 79 63 8 86 8 65 91 19 5 80 43 20 74 97 93 5 70 71 81 31 11 36 17 2 75 31 28 65 65 2 52 13 79 48 38 52 46 6 85 77 70 21 78 75 4 4 38 24 89 82 25 60 42 15 27 1 33 37 44 99 16 86 56 38 13 63 44 92 36 68 9 44 52 6 58 24 19 28 74 36 31 27 15 39 70 90 67 81 57 73 61 85 29 50 87 29 8 53 94 10 24 41 52 59 10 72 8 46 60 41 39 58 95 91 93 11 69 26 18 41 41 25 38 39 49 10 97 25 88 53 56 42 86 79 3 64 98 46 26 95 41 13 8 38 68 71 87 44 27 9 53 37 46 68 97 43 78 28 50 35 67 89 39 94 72 20 67 90 87 91 46 47 48 88 77 29 72 24 80 82 80 57 57 25 39 2 88 6 60 15 70 47 35 46 5 74 35 94 83 66 21 88 35 94 19 75 28 26 80 14
15 36 33 67 45 88 63 39 98 48 67 79 94 49 66 96 39 47 98 59 88 34 86 72 91 23 21 63 9 68 8 99 70 36 18 56 88 34 82 29 99 32 67 15 37 4 40 64 94 94 18 6 96 58 63 8 52 40 38 26 31 50 79 54 82 5 15 90 53 66 8 81 86 37 51 48 82 90 69 88 26 61 21 8 11 71 2 71 19 23 90 72 41 66 91 84 65 79 99 86 77 74 65 5 24 44 95 82 14 64 78 60 70 71 52 2 29 78 91 92 65 89 40 3 9 36 26 74 49 51 51 2 1 81 48 83 17 63 39 91 32 76 10 78 58 5 12 17 44 42 60 27 43 9 79 33 96 49 20 37 11 15 77 57 66 4 61 15 82 51 29 37 90 73 65 80 53 95 60 70 1 2 97 36 68 2 55 67 60 47 65 99 51 9 66 81 37 7 26 56 55 55 32 55 5 92 55 17 74 61 72 81 53 32 87 85 54 11 88 4 15 57 26 2 43 25 96 59 38 16 78 93 86 4 34 75 57 43 47 73 67 30 10 91 48 57 81 53 2 96 96 49 34 19 86 71 6 36 49 53 71 37 20 67 68 47 54 67 39 13 96 99 49 11 39 98 66 26 88 56 39 44 54 5 11 78 21 70 86 8 87 29 11 61 80 68 46 31 78 60 14 79 90 10 51 36 26 72 57 2 66 72 34 7 83 84 44 20 44 93 52 75 58 13 96 7 32 6 29 39 31 45 45 74 87 66 35 3 71 86 84 42 33 8 94 90 70 35 95 18 26 50 28 36 35 81 97 87 69 52 91 89 7 44 58 2 53 7 25 90 1 30 1 78 78 74 25 12 13 38 57 53 90 49 54 36 72 45 32 26 67 48 84 32 45 24 59 79 92 30 18 56 76 88 68 43 13 10 66 46 60 58 28 98 33 69 36 53 32 31 20 46 43 89 60 54 20 63 67 23 67 43 45 86 12 24 55 75 30 59 73 66 6 62 62 8 60 94 87 94 26 97 61 54 89 31 82 43 80 35 51 12 49 90 15 46 75 30 68 59 17 2 7 73 18 42 58 7 20 42 81 52 48 32 82 71 34 25 91 54 10 80 2 28 53 54 61 62 38 59
32 98 86 46 56 17 2 94 39 67 40 91 66 73 84 78 54 97 49 25 85 44 88 12 38 50 30 34 88 55 47 81 80 45 95 79 86 38 75 30 18 82 73 29 34 29 67 11 48 77 68 21 13 27 75 84 18 2 36 26 41 42 42 70 57 56 2 85 84 75 25 22 42 22 73 14 48 89 9 77 88 33 27 58 36 13 17 74 25 76 7 32 24 92 82 87 1 13 31 30 3 39 97 46 22 66 68 53 32 49 43 78 26 40 16 94 56 78 33 83 62 16 60 58 71 42 3 62 15 25 28 75 73 3 60 74 86 20 61 5 53 54 25 47 70 27 84 84 12 6 32 52 67 55 91 79 35 53 96 68 5 8 97 94 32 5 28 60 36 37 4 34 44 86 79 42 81 16 66 6 1 13 98 27 8 90 52 64 9 67 20 36 70 23 88 62 30 99 15 54 68 96 84 16 59 73 90 22 95 67 54 16 47 88 9 23 48 94 11 97 69 79 34 35 65 96 21 10 7 65 62 76 34 94 64 4 71 13 82 34 47 3 3 3 1 36 17 69 48 74 5 43 51 3 43 14 48 55 50 6 80 61 78 37 81 1 41 63 17 26 26 8 84 59 28 72 74 70 85 45 94 23 12 35 63 30 66 15 11 26 41 22 88 45 34 20 19 70 38 47 40 40 8 39 25 53 44 53 64 75 78 26 83 73 85 98 4 27 25 64 56 98 83 32 38 85 64 84 66 67 62 71 16 46 51 18 56 45 22 60 23 54 22 11 25 71 88 17 79 13 42 21 10 99 24 90 99 82 17 91 53 53 69 92 21 8 18 44 69 30 80 37 76 42 8 54 37 43 65 99 95 37 31 67 9 8 11 59 50 87 39 21 63 95 47 73 7 69 48 44 44 66 33 76 77 70 39 9 7 20 67 59 13 95 50 35 71 86 35 71 31 82 99 16 33 26 34 89 3 57 99 30 28 78 20 14 24 33 37 58 36 97 57 32 7 63 11 22 13 1 91 57 97 99 55 43 54 2 53 44 27 88 74 16 94 97 2 31 42 28 68 63 9 45 25 9 1 48 23 84 53 31 22 9 94 25 64 22 50 22 81 60 37 66 68 24 91 45 46 25
3 67 93 46 10 79 2 68 75 60 75 90 77 35 81 35 37 60 86 58 53 35 48 90 24 74 42 38 36 68 75 59 95 73 47 29 65 62 78 65 74 67 33 76 88 12 91 27 14 22 19 97 79 8 98 1 35 36 47 60 83 15 48 43 79 99 78 68 55 3 51 25 37 7 54 19 87 3 74 1 64 15 40 95 94 79 88 26 62 8 32 20 59 34 30 36 93 48 39 90 13 1 76 18 15 98 14 91 38 87 99 60 26 31 46 30 82 73 77 49 98 37 7 34 74 17 11 85 37 51 83 54 97 59 80 94 26 48 82 28 74 61 93 31 15 88 27 43 78 50 40 97 17 98 17 32 86 12 3 25 9 16 7 13 64 82 40 9 97 14 34 54 14 78 77 81 16 45 16 29 66 95 10 28 97 80 80 51 75 71 15 10 8 96 23 62 27 68 40 97 44 37 47 60 53 11 37 50 53 69 28 25 93 27 70 31 1 68 54 17 92 52 21 55 2 15 91 22 24 5 54 35 7 70 3 62 53 85 81 33 48 48 82 48 80 12 85 53 75 62 62 3 8 20 97 15 75 8 96 86 91 72 60 30 94 8 79 53 91 77 51 67 6 60 26 47 94 55 72 8 10 42 31 17 12 15 32 91 11 23 99 93 14 37 97 63 85 3 78 19 50 74 74 10 32 59 62 62 55 30 49 81 72 41 40 4 23 67 96 97 92 64 37 24 82 68 66 66 46 1 4 32 61 45 62 4 66 4 14 80 86 93 77 76 59 56 20 77 10 56 11 19 7 59 15 26 24 22 64 17 78 30 23 30 3 69 63 16 88 36 3 70 35 81 37 14 60 44 11 73 73 81 19 98 54 46 53 2 23 29 57 49 14 70 80 92 55 69 30 28 37 10 9 40 27 80 28 67 69 91 41 4 32 73 26 26 62 75 29 40 60 97 65 41 39 13 74 24 32 63 30 63 25 39 9 43 42 99 70 40 65 15 56 84 5 84 21 38 92 44 9 60 69 22 37 2 75 77 98 63 12 76 44 21 30 48 26 32 39 43 41 25 62 29 27 4 94 44 91 7 47 41 58 67 12 45 64 23 59 94 24 72 71 58 26 5 63 94 6 58
80 55 26 16 15 7 63 65 37 77 42 71 92 31 1 77 75 22 13 77 15 32 65 33 65 80 43 94 80 63 63 75 17 36 5 63 51 55 8 29 52 53 18 57 28 3 24 94 53 61 57 59 86 29 40 24 53 19 84 42 68 76 3 19 16 10 39 65 42 58 73 90 18 96 22 81 85 98 83 22 76 52 20 36 30 56 96 84 38 62 17 29 75 76 67 47 79 90 95 53 99 89 43 42 17 37 35 3 88 15 28 10 88 74 17 66 63 99 89 38 43 66 43 45 32 62 25 33 7 55 13 47 95 37 47 72 89 22 34 69 2 6 96 88 41 24 37 44 97 54 41 58 4 42 53 57 19 77 15 22 64 99 71 93 33 8 19 59 10 30 64 49 70 31 6 64 16 47 90 65 78 12 57 68 85 71 62 62 53 52 26 3 83 27 97 73 37 16 37 50 82 37 97 14 30 84 24 53 57 70 28 78 8 88 61 97 18 11 20 20 77 68 37 8 50 56 65 75 87 53 14 4 59 29 30 14 39 64 51 46 11 47 61 8 81 54 1 7 72 95 1 41 39 16 22 72 65 14 3 84 52 20 53 84 67 42 73 7 48 56 64 97 76 79 2 78 93 59 64 29 37 84 41 44 58 55 64 29 42 94 29 38 16 33 86 25 94 41 8 47 51 7 6 72 76 75 54 92 40 14 52 72 15 16 27 7 74 89 64 91 7 45 3 13 14 62 44 78 4 86 45 3 87 37 84 27 55 13 58 31 61 58 58 66 43 94 56 21 36 70 4 19 84 72 9 82 80 20 11 85 50 22 68 16 63 25 11 7 53 4 79 54 37 6 57 35 10 21 14 77 15 1 39 22 27 33 88 1 23 20 80 36 78 99 81 11 96 62 64 23 80 20 73 5 12 16 55 84 8 54 84 11 19 92 89 28 25 60 67 30 32 98 61 19 80 4 28 43 3 85 8 54 82 81 47 16 57 73 54 71 70 87 21 66 25 75 61 37 75 24 33 84 89 12 64 76 62 35 88 58 4 59 24 37 26 15 4 25 25 16 22 40 22 21 7 33 30 20 91 24 50 32 69 67 24 3 87 98 99 57 30 35 58 23 87 27 41 36 22 77
75 97 53 77 37 78 63 96 69 91 7 79 82 65 55 36 17 57 4 76 88 63 51 14 94 74 65 20 84 56 76 14 86 26 27 92 40 40 56 40 57 20 27 83 5 40 63 45 23 8 87 82 68 82 29 45 61 94 51 87 28 85 98 13 74 15 58 96 43 56 39 57 94 29 38 82 52 31 26 47 74 35 81 89 96 87 98 4 61 73 83 88 90 63 78 57 49 22 21 62 60 46 14 19 54 86 8 26 75 79 94 85 12 77 12 71 42 49 58 99 92 50 71 88 99 94 82 47 96 92 18 82 99 26 8 47 1 36 66 13 55 47 18 78 46 29 45 5 35 78 1 7 13 26 89 38 13 2 52 51 81 59 65 18 16 11 59 3 32 55 11 75 75 64 18 15 38 5 19 65 92 17 32 35 87 58 78 67 46 33 37 60 23 41 1 55 53 81 39 34 67 50 81 69 26 21 45 31 76 8 10 11 1 91 16 7 23 79 46 35 21 70 19 23 4 27 33 1 7 42 24 83 79 27 21 54 42 73 52 34 96 95 11 17 40 23 75 97 62 95 4 17 5 41 81 6 95 23 24 56 17 67 54 33 46 86 85 39 31 87 3 72 5 38 10 60 40 67 62 99 93 54 2 61 54 72 63 42 13 11 76 58 78 9 16 28 83 54 74 26 72 81 42 78 22 65 12 4 70 18 64 59 87 8 3 89 19 27 73 80 20 15 37 49 51 69 54 62 54 86 55 31 10 27 89 73 7 46 15 31 70 66 72 91 67 87 29 25 73 45 90 96 51 12 29 77 64 51 54 52 50 83 70 69 79 28 20 25 71 27 91 9 11 59 78 8 19 57 67 63 20 77 34 21 41 54 95 45 45 90 84 15 47 75 11 39 44 64 21 16 83 49 38 88 67 8 43 51 70 62 52 53 34 68 31 60 76 30 38 20 29 58 29 79 2 8 16 2 3 35 45 53 54 40 63 62 87 32 9 20 11 12 11 71 80 62 11 15 92 91 94 39 28 10 59 50 89 82 68 47 24 66 87 10 26 63 20 36 14 89 1 40 77 51 70 70 59 33 50 36 90 51 28 12 8 1 64 26 86 1 41 50 26 15 14 16 88 9 74 76
50 34 44 86 96 53 73 78 99 94 94 22 74 78 91 37 85 61 81 76 81 31 36 92 8 63 31 57 77 22 26 35 50 1 64 92 37 65 69 45 26 41 74 18 78 61 13 93 66 2 99 11 9 39 58 80 85 96 35 21 23 90 66 17 13 52 75 44 80 89 93 42 29 58 75 59 26 47 23 19 67 81 2 82 75 98 77 80 82 23 21 94 99 28 33 30 40 15 67 46 3 45 22 63 16 63 32 53 23 56 51 17 27 60 37 99 26 83 76 2 39 21 87 76 83 60 29 6 15 33 62 35 28 66 27 10 20 43 39 75 92 30 75 26 90 97 1 4 12 50 84 43 11 7 37 20 55 62 78 85 79 32 59 24 84 24 54 21 53 50 20 32 96 69 49 18 28 40 53 42 16 2 56 52 65 53 7 15 14 9 15 85 44 20 32 83 76 67 97 51 24 74 45 68 56 73 30 70 54 46 66 56 49 28 20 91 11 9 28 32 58 42 38 11 29 58 42 49 48 50 4 70 63 4 76 7 58 40 78 5 33 43 61 68 62 96 94 84 17 42 95 57 83 39 13 75 78 37 94 64 76 15 53 28 86 89 92 28 23 31 20 68 41 49 15 6 88 42 53 51 52 75 33 41 24 70 44 98 99 11 6 51 21 17 12 50 32 9 45 40 2 83 15 9 39 88 34 59 65 32 72 64 5 63 93 50 6 90 61 1 23 83 54 83 68 50 7 72 52 84 41 41 30 92 86 54 67 54 13 73 47 73 27 11 85 88 80 18 92 92 84 55 9 43 42 21 46 83 83 93 68 1 8 55 14 91 74 16 14 24 97 18 67 67 23 67 64 99 91 83 91 35 54 58 33 44 94 70 8 50 32 15 31 29 79 84 67 27 48 33 85 8 32 8 33 87 49 2 26 74 22 51 64 44 83 68 73 65 12 91 43 3 94 55 60 17 45 21 77 68 20 22 48 29 75 80 69 31 18 8 22 74 24 19 28 93 63 20 54 97 40 62 23 96 78 95 10 32 27 54 9 23 58 16 70 75 52 97 7 59 77 29 47 3 47 25 9 24 58 12 44 13 6 63 46 17 93 13 55 10 36 95 68 13 40 87 38 92 77 76
