20 500 29775 139.74
91 45 49 71 60 93 87 82 65 59 65 45 17 78 61 91 90 81 38 65 88 40 51 5 66 98 48 60 73 50 1 86 17 63 93 95 46 13 77 31 97 25 13 60 95 71 26 22 57 58 81 96 42 57 12 73 34 79 25 85 30 90 62 77 78 14 10 58 93 93 46 87 87 80 82 51 46 79 78 88 34 67 25 25 81 3 88 70 16 84 6 65 80 65 27 95 41 36 44 17 61 19 85 80 24 19 71 86 59 7 22 76 69 36 21 68 12 52 13 76 14 85 63 75 58 34 62 22 9 65 1 78 5 78 48 24 17 47 85 93 86 8 63 88 73 35 74 2 84 77 97 50 43 76 55 63 8 95 21 79 89 38 36 28 57 86 3 74 62 82 72 37 80 55 1 50 33 29 36 33 74 67 8 65 25 90 28 54 6 64 97 47 96 42 75 27 28 50 77 46 17 51 33 13 2 33 89 28 63 26 89 91 92 88 25 90 92 37 85 3 16 35 6 96 97 3 70 35 23 76 6 57 36 21 42 15 31 26 14 7 89 5 57 82 76 7 49 17 31 70 28 69 30 95 43 5 6 55 72 9 8 41 95 79 19 7 49 89 56 74 24 10 9 52 43 69 5 78 34 25 60 47 67 73 76 26 5 22 80 27 11 87 62 31 60 25 16 40 17 64 74 58 52 53 99 29 3 85 27 57 49 22 29 16 40 4 66 57 37 57 63 96 38 46 74 64 94 98 18 41 83 93 3 86 66 98 51 28 80 58 78 48 77 93 1 8 21 96 57 44 89 2 87 33 43 10 59 61 3 30 79 79 14 58 19 48 14 16 64 82 99 93 27 26 92 15 69 5 31 4 2 62 80 23 7 25 65 87 71 45 80 58 47 14 81 7 76 2 71 71 45 22 75 68 27 48 78 86 93 52 29 82 39 85 31 41 17 41 63 60 34 66 46 27 1 39 31 55 97 44 51 36 74 99 72 80 3 78 92 30 59 78 33 95 72 74 52 24 65 80 51 33 93 24 57 29 39 66 98 59 38 93 25 47 60 57 84 39 43 2 89 64 82 98 52 47 7 81 55 82 20 30 12 27 92 16 89 86 15 47 66 85 2 36 38 20 24 99 20 65
79 43 95 89 88 67 84 94 53 87 16 27 80 38 56 14 78 97 89 79 62 18 47 60 51 68 52 9 65 87 53 73 62 59 17 66 48 73 44 11 62 56 67 88 15 37 40 99 10 11 32 58 62 93 98 37 28 98 63 82 2 96 88 83 98 23 1 49 24 75 85 30 23 97 17 17 14 87 47 9 23 19 53 84 94 52 10 41 22 23 58 11 87 1 46 53 67 30 77 87 85 23 38 58 34 84 29 72 56 23 97 55 36 68 65 63 14 8 50 63 85 71 73 8 88 96 34 25 76 39 47 14 21 29 79 65 20 71 23 40 47 95 62 71 64 71 43 2 25 93 25 16 53 51 20 12 1 15 75 76 30 58 60 71 84 86 73 33 23 30 95 15 82 24 70 12 64 4 38 90 41 85 26 2 72 72 48 5 63 55 87 33 50 82 48 33 64 4 90 34 48 32 57 14 33 92 44 4 4 12 34 58 68 26 34 83 81 71 33 42 59 27 71 17 59 36 36 61 46 88 96 63 16 16 80 21 31 16 51 77 13 9 80 81 16 38 14 19 51 22 92 45 56 23 19 52 88 78 82 85 51 76 57 8 90 65 38 87 22 73 23 23 59 9 16 55 84 99 70 66 87 33 86 89 92 64 77 81 45 26 12 65 44 65 25 99 10 30 77 31 62 18 41 67 83 20 32 95 87 54 48 84 25 88 64 34 3 47 4 91 49 56 20 22 50 2 52 20 47 22 63 59 89 17 62 70 75 39 71 5 78 96 40 2 92 54 40 29 22 55 96 21 3 2 20 98 93 69 7 59 3 43 44 53 52 31 71 75 39 99 54 70 54 20 77 88 83 94 92 99 72 88 73 18 8 75 57 54 88 10 24 95 2 97 45 13 22 94 56 12 67 53 68 57 52 56 56 9 14 59 12 29 25 37 86 87 71 41 39 30 73 35 68 50 95 4 91 83 48 83 97 45 7 92 78 21 80 35 26 94 23 82 14 66 49 38 34 86 38 69 71 47 69 6 26 30 13 61 96 4 15 27 99 15 17 94 41 94 17 5 47 65 59 84 91 27 26 37 26 77 42 27 85 86 29 46 9 47 62 94 53 17 76 67 69 32 95 22 94 79
67 89 73 16 77 22 38 58 94 95 54 92 53 1 91 39 64 5 98 92 84 49 28 31 70 6 44 50 95 19 5 82 36 54 96 6 29 22 21 10 14 76 82 1 38 98 71 82 99 56 66 93 64 64 83 97 88 70 73 53 82 28 93 7 14 71 53 44 28 13 98 45 2 75 56 98 93 73 85 99 20 60 69 57 68 57 35 46 30 4 77 23 97 86 47 32 44 36 44 98 40 75 54 52 8 52 96 36 25 59 22 14 21 83 17 52 80 79 63 56 50 65 4 9 13 40 89 21 81 59 85 2 38 50 85 74 62 28 97 24 55 46 33 23 23 34 90 80 88 30 49 11 85 10 89 67 97 4 17 25 15 32 71 91 83 86 27 50 25 23 17 32 49 78 48 22 75 70 95 28 27 26 58 31 7 3 38 95 53 9 15 60 28 12 2 84 93 70 73 98 90 73 77 93 20 60 53 69 51 11 25 25 9 95 36 77 36 33 21 87 53 2 96 37 28 74 46 19 38 56 74 77 41 2 38 34 1 34 52 28 9 20 31 64 17 20 58 85 89 17 87 35 86 36 2 82 4 26 33 20 34 11 7 26 15 27 30 37 76 77 24 71 15 45 2 10 14 82 61 15 33 71 98 94 96 14 9 62 59 41 71 63 2 94 18 1 62 17 96 66 92 74 88 31 5 89 82 7 1 29 26 18 69 83 49 41 73 30 91 73 93 60 36 25 95 43 75 36 32 59 13 16 22 7 71 16 23 85 49 3 21 59 62 34 31 36 57 3 77 24 57 25 19 97 44 9 44 83 11 37 14 15 19 48 91 28 70 11 48 34 13 46 35 11 8 7 13 4 29 29 55 99 84 15 69 63 9 32 69 39 53 25 18 19 30 47 36 78 49 1 4 98 93 67 36 44 64 24 41 80 19 33 18 57 4 92 15 78 59 63 49 22 20 75 19 78 19 36 42 55 8 69 49 84 36 71 30 46 62 49 54 70 73 47 39 58 23 31 31 59 55 36 4 50 80 74 3 96 94 98 31 56 1 5 39 26 84 3 90 57 80 71 84 81 96 65 23 51 30 21 6 92 81 54 92 98 56 16 46 93 38 67 87 33 84 65 91 57 13 92
99 73 82 44 36 67 71 68 73 22 84 51 88 83 98 17 98 62 31 6 85 30 61 87 63 45 84 71 30 5 94 58 56 45 20 55 13 47 31 57 65 70 98 50 98 91 74 7 1 37 28 81 83 99 20 17 83 82 15 73 19 7 59 10 20 69 63 51 24 22 71 27 42 10 82 21 23 71 41 82 81 99 41 88 9 51 18 24 41 58 82 11 89 35 91 12 56 41 92 40 99 92 31 99 18 6 36 52 21 35 49 6 22 21 99 39 8 60 87 54 94 15 82 86 22 56 62 53 4 5 39 14 73 47 40 57 32 55 83 54 34 44 22 55 88 44 32 90 61 81 83 53 24 69 62 57 37 49 62 54 98 99 88 8 31 93 11 9 1 26 47 74 93 22 77 51 2 88 88 85 85 72 1 8 10 7 14 50 94 78 11 72 92 59 73 64 19 72 58 76 74 87 25 26 3 66 28 3 73 63 58 93 68 86 13 55 47 75 26 56 51 45 7 72 91 13 42 73 40 59 17 47 23 78 8 35 36 7 14 20 89 68 28 10 64 7 50 12 27 82 33 1 89 70 45 41 61 1 85 6 48 79 10 20 50 48 69 75 28 96 6 66 75 32 14 21 45 10 49 11 36 93 91 32 55 64 57 56 72 77 1 39 12 56 65 81 10 95 21 36 85 88 66 3 33 69 41 15 96 17 59 20 42 26 77 19 89 20 63 37 70 88 99 42 48 21 49 94 31 31 37 27 95 82 6 45 24 98 61 48 52 44 49 42 8 91 8 40 81 48 14 88 56 52 15 62 18 6 29 33 26 94 23 99 78 50 44 66 76 1 69 11 83 87 19 86 28 53 77 31 85 55 83 49 22 80 70 42 35 35 74 66 5 22 15 82 88 50 40 35 44 55 72 37 30 96 98 33 13 93 91 20 17 34 21 47 44 4 79 5 53 24 3 49 54 91 4 82 34 4 61 33 64 4 68 62 31 47 73 23 7 93 10 58 14 29 93 4 96 5 49 77 16 9 18 12 85 80 90 54 27 32 81 54 17 19 67 16 45 19 68 8 91 44 9 78 5 55 72 66 79 42 88 18 35 35 39 29 77 23 99 36 34 52 77 67 99 29 58 6
85 52 25 66 76 94 83 39 52 86 79 58 91 79 99 90 77 94 6 98 60 83 15 97 34 18 32 85 55 90 95 83 97 58 76 57 62 69 80 67 50 68 72 98 3 52 76 50 47 20 87 44 62 64 96 12 30 60 10 67 68 13 51 5 95 53 81 77 8 95 47 66 17 82 60 61 84 8 56 12 97 95 68 41 23 35 91 49 91 71 81 91 32 40 19 55 46 23 59 87 87 58 91 1 95 37 5 91 7 3 42 35 29 40 38 31 66 41 40 92 52 5 18 89 8 63 32 42 75 72 66 65 40 68 29 46 42 1 1 96 68 33 38 52 39 63 23 11 92 8 66 3 89 70 11 33 26 23 71 65 71 46 68 91 61 23 84 38 73 58 38 12 14 31 49 19 41 48 32 86 45 61 71 20 7 92 97 22 25 51 85 46 81 97 10 51 91 13 76 80 16 43 89 15 73 37 42 41 87 86 54 14 34 61 66 76 18 39 69 80 46 85 42 12 27 30 19 4 77 84 63 39 49 58 8 89 47 51 58 13 18 67 91 50 46 44 94 74 65 42 73 38 77 42 96 16 12 25 18 65 63 45 58 7 51 82 64 41 11 26 69 56 29 4 68 5 29 66 44 78 64 77 7 22 25 43 16 36 27 14 90 69 64 6 37 45 29 55 87 46 11 3 79 8 52 74 47 3 33 80 8 56 47 77 44 25 37 16 72 77 84 79 33 10 19 78 56 74 34 68 80 37 28 98 70 80 76 82 16 7 21 59 28 5 61 29 73 15 85 34 63 6 18 55 34 11 67 14 90 74 29 81 99 47 46 95 33 82 60 40 50 66 39 58 94 37 46 68 32 11 62 91 45 8 70 34 70 1 33 98 89 36 17 57 68 58 11 4 8 57 46 76 71 95 56 67 70 98 5 12 82 50 24 46 58 21 28 47 19 44 7 20 20 43 36 71 21 93 69 63 18 30 6 74 28 65 13 99 57 41 4 75 63 70 91 11 38 96 17 92 39 20 86 87 49 30 75 83 10 69 26 13 45 12 54 6 70 19 74 63 42 82 58 94 41 95 69 12 66 19 84 28 57 71 8 80 58 37 95 71 8 4 24 44 70 7 6 50 75 98
85 63 37 21 97 75 53 16 54 39 82 95 83 89 55 70 71 89 96 76 39 19 84 28 93 18 89 40 13 16 72 4 59 32 67 87 71 20 36 81 39 24 71 29 84 55 37 76 24 16 58 62 51 17 40 30 23 3 36 4 81 99 29 67 59 86 64 23 6 67 9 25 94 39 69 45 69 19 1 55 55 22 39 33 28 99 74 12 34 61 86 66 95 19 90 71 47 24 96 7 32 52 20 62 76 19 21 23 59 24 15 99 7 5 5 92 54 50 33 99 70 99 61 21 50 50 2 44 28 34 88 40 15 33 36 23 81 44 88 63 79 71 54 76 54 8 74 81 63 6 68 48 19 94 67 34 80 47 66 10 40 25 67 88 46 31 51 12 20 42 78 27 23 12 76 71 8 38 32 61 1 91 80 44 37 96 5 65 71 11 7 74 61 10 82 22 98 8 50 81 62 96 62 6 72 89 47 28 19 37 64 89 58 26 24 82 76 81 11 56 52 15 2 83 48 27 33 92 16 98 5 15 39 25 1 7 96 3 82 22 46 5 60 32 47 15 56 59 50 34 41 75 27 37 14 82 17 42 84 63 44 44 42 92 42 17 15 17 5 66 55 85 5 97 75 13 71 51 2 53 70 78 29 61 55 54 84 23 95 17 28 41 63 34 30 59 12 83 48 33 79 28 77 40 54 98 12 30 24 59 71 51 75 77 93 68 77 61 62 82 70 75 22 57 7 48 8 72 30 41 31 71 7 23 19 8 42 46 75 15 3 28 26 49 41 99 69 87 49 23 40 32 5 84 99 73 51 41 48 46 16 29 86 26 9 22 77 82 46 38 18 2 6 53 92 9 95 38 24 56 99 75 13 25 37 10 81 7 22 75 33 53 86 96 16 19 93 55 61 59 93 57 40 86 80 65 74 39 47 91 1 39 28 81 72 49 34 13 34 45 48 71 69 12 26 68 16 96 75 53 27 74 85 45 31 22 41 60 22 44 4 72 54 78 82 65 71 84 98 69 28 96 18 46 90 55 31 62 53 24 91 44 59 44 81 90 76 54 54 17 43 26 32 32 5 85 7 31 29 55 59 26 3 49 67 55 76 47 49 8 40 73 95 29 2 63 21 52 64 76
48 86 78 89 60 99 87 96 10 93 62 82 28 90 5 62 14 75 10 53 58 53 75 64 96 44 97 99 15 49 44 4 12 74 47 64 84 93 74 43 12 71 87 68 94 99 74 68 70 39 30 29 24 61 67 79 72 38 81 86 3 70 63 30 47 93 95 54 32 33 57 86 23 23 85 71 95 33 13 72 83 10 62 68 97 15 57 86 20 62 54 19 63 6 13 34 50 97 59 21 43 90 19 60 12 26 53 8 53 84 91 88 26 61 49 11 77 36 70 56 70 10 99 57 74 28 42 23 42 86 13 10 85 13 64 68 88 91 81 64 69 60 41 33 95 24 88 31 50 2 73 97 36 29 17 21 35 66 81 56 2 19 89 61 76 19 30 30 48 35 53 19 80 6 59 92 1 82 54 73 80 66 12 55 10 31 19 28 71 82 72 71 46 52 41 77 1 66 38 26 74 78 98 1 74 70 72 14 32 19 22 77 53 62 45 47 9 26 82 78 30 22 72 14 40 65 56 22 44 72 47 8 50 35 44 26 50 44 45 25 66 11 86 98 19 83 98 78 6 55 83 8 92 39 33 38 35 94 15 64 43 99 91 36 72 22 84 81 74 44 4 17 63 69 55 72 11 41 23 2 1 8 80 35 10 30 99 66 5 54 35 86 17 56 41 58 93 78 14 73 13 94 19 73 2 45 99 73 21 94 58 43 37 5 11 51 57 19 93 95 30 21 89 96 61 71 43 77 17 21 46 10 43 66 61 35 51 8 48 27 92 25 24 59 32 30 95 69 91 28 4 4 45 81 92 67 94 55 51 9 8 62 97 61 27 78 55 25 80 66 71 85 78 54 58 40 18 53 60 68 45 13 41 38 74 40 68 59 78 27 50 88 85 19 23 57 79 25 87 72 79 23 27 13 45 75 84 83 51 49 89 22 8 45 96 38 3 87 62 80 48 75 66 15 13 32 78 49 19 7 18 66 50 95 57 85 69 34 81 57 54 21 62 20 21 43 95 27 78 95 72 64 81 26 80 88 45 71 6 53 41 10 58 40 24 52 13 10 55 31 32 31 39 41 76 64 25 63 20 56 48 51 30 82 27 85 85 98 16 55 2 37 56 93 27 42 47 49 3 53
66 44 77 76 93 73 72 87 97 95 22 72 87 17 33 97 85 81 62 44 35 74 60 63 51 95 45 20 61 57 99 90 29 74 41 11 47 26 83 27 86 77 53 32 12 63 40 37 85 51 97 55 41 10 40 93 99 69 80 72 54 67 55 12 93 68 31 75 83 98 19 66 47 46 3 84 15 10 45 66 47 89 4 54 9 23 18 37 86 2 97 1 84 19 56 58 44 56 24 5 55 46 43 33 43 1 33 64 28 56 76 18 76 88 66 10 72 93 63 60 92 82 21 27 32 91 46 74 81 22 93 31 32 84 58 89 48 47 75 43 48 47 94 21 12 68 42 71 88 3 23 55 41 6 50 62 66 80 2 27 37 24 6 59 51 84 97 64 73 9 45 35 80 95 81 56 91 20 24 8 49 32 84 18 69 62 3 32 91 6 96 15 86 88 15 61 59 56 83 51 99 49 4 55 83 90 64 7 16 12 15 43 48 51 81 89 97 3 12 64 15 61 59 54 68 21 14 74 91 96 83 55 8 23 68 35 32 21 95 41 95 91 4 41 78 95 56 30 25 41 56 5 9 14 4 6 53 92 17 88 28 26 90 53 41 34 69 12 12 96 44 83 45 20 78 9 18 85 21 8 21 89 67 74 23 94 58 37 95 75 48 92 25 53 93 13 16 15 64 16 9 15 34 57 22 32 20 50 32 77 22 86 72 12 13 33 66 80 34 77 83 28 33 86 6 28 31 59 86 31 33 22 86 33 42 17 64 9 78 4 99 34 49 29 25 67 75 93 16 48 25 20 79 50 78 96 67 11 66 66 12 38 58 68 32 27 16 92 58 40 70 89 80 62 41 28 7 3 91 71 84 11 61 16 59 10 58 49 94 48 25 10 48 46 63 29 38 58 13 35 71 45 67 47 53 36 76 82 94 55 1 91 45 31 22 40 95 44 54 37 68 64 41 10 89 76 82 2 42 74 18 68 35 91 60 71 59 48 64 1 1 8 40 56 58 91 82 11 36 99 59 13 53 82 28 35 82 83 55 13 46 19 13 77 31 78 41 73 75 40 46 27 54 45 87 30 13 87 51 80 13 72 26 18 79 30 96 67 96 4 38 23 38 61 28 66 4 36 21 44
69 84 31 73 73 42 30 79 11 63 41 74 60 49 61 45 81 29 54 29 61 96 40 74 96 64 85 61 48 15 72 71 70 12 45 49 54 28 95 48 76 52 73 27 33 92 86 96 63 64 42 31 86 62 27 85 58 34 55 22 91 77 22 37 69 10 40 57 21 49 93 92 28 5 48 88 38 24 29 6 71 90 3 81 70 44 79 73 72 68 30 35 71 65 80 11 34 20 10 55 37 2 74 62 12 25 29 28 37 19 95 37 38 47 61 43 32 59 69 59 70 6 67 43 47 69 73 69 61 21 79 94 85 27 75 21 3 61 5 1 4 1 22 21 15 84 58 54 19 82 98 34 5 41 85 14 90 28 42 5 69 36 67 4 69 96 22 9 25 99 26 61 47 43 7 55 2 66 10 9 67 31 21 22 99 14 31 91 29 66 53 9 50 80 91 37 9 10 22 42 2 75 73 6 16 41 10 8 48 53 54 4 32 33 67 50 61 96 1 84 59 45 37 81 7 66 51 6 32 43 5 43 97 60 88 6 42 14 21 66 42 52 9 37 93 31 74 63 16 59 54 77 22 41 71 38 17 66 3 70 63 90 32 18 90 50 87 83 93 48 42 2 16 78 12 86 21 9 2 65 48 68 16 12 62 97 17 32 80 96 24 10 72 14 53 2 39 99 51 41 67 84 94 37 5 32 32 94 53 40 2 32 29 53 65 62 83 54 37 32 33 76 94 85 5 8 88 3 11 96 88 11 33 44 79 82 89 57 29 75 48 71 57 65 9 94 41 58 45 59 4 42 43 99 74 32 31 79 88 92 67 79 10 80 55 73 92 54 55 57 48 6 81 26 64 5 86 28 63 5 54 20 73 90 68 98 4 80 88 5 50 90 37 73 76 99 1 45 15 45 14 71 56 32 70 71 63 83 35 42 66 81 17 52 47 82 89 1 80 27 48 61 26 76 3 20 67 49 25 40 78 26 31 69 40 8 80 32 9 43 30 20 39 40 40 48 90 95 46 13 46 58 77 12 11 41 91 15 27 30 62 70 2 22 13 62 64 82 47 60 74 98 59 96 86 46 5 93 89 29 41 17 7 23 85 99 90 44 29 65 57 51 38 5 95 36 47 87 76 29
32 70 81 88 95 18 14 78 56 36 99 2 38 59 87 52 92 60 9 34 96 64 86 96 76 91 16 94 70 95 84 23 46 87 32 21 50 81 45 50 16 37 20 63 92 17 69 84 6 73 8 49 76 46 55 53 26 31 79 5 86 72 90 79 54 45 98 58 6 36 27 38 49 83 80 86 82 54 63 82 26 86 76 19 74 15 37 71 85 55 71 97 16 46 31 79 93 76 24 83 69 11 10 32 78 1 61 8 61 26 28 83 90 51 85 32 51 27 31 35 8 21 69 38 98 5 32 36 52 93 6 94 90 40 67 51 83 50 74 33 81 65 25 84 25 73 76 60 81 65 22 89 47 5 54 17 7 7 48 36 62 8 54 67 25 68 83 46 14 30 47 79 61 68 16 9 1 67 55 58 42 99 29 82 45 44 64 85 89 10 81 23 33 2 68 16 73 12 92 19 7 80 44 67 49 60 67 84 48 88 89 18 11 58 25 22 14 37 62 78 68 44 79 59 8 30 69 21 33 28 63 59 47 80 80 27 76 53 58 89 33 37 6 63 16 16 35 18 82 53 36 53 93 32 98 14 41 85 15 43 9 82 50 15 87 30 84 76 17 33 85 12 98 87 35 80 79 76 93 38 48 60 44 38 1 74 73 62 18 2 54 21 28 41 95 19 41 67 76 18 63 67 78 34 7 1 98 81 59 85 86 11 36 56 11 45 67 15 78 41 12 67 28 68 34 85 61 29 42 21 26 33 70 99 60 31 1 98 8 92 93 2 99 94 62 75 37 71 92 84 81 72 14 68 54 73 69 14 20 22 27 68 63 13 35 81 59 49 35 16 24 79 94 40 82 43 37 63 99 20 76 96 86 24 59 1 86 70 99 8 65 57 2 74 16 75 5 23 1 31 83 99 51 59 7 77 57 73 71 59 22 93 81 65 59 9 74 74 66 64 36 71 56 91 67 70 51 38 72 1 19 18 59 92 37 31 84 94 96 72 8 13 31 72 10 57 6 32 86 83 23 94 87 60 1 35 11 76 65 27 5 72 19 76 75 4 1 57 52 20 32 29 39 97 33 69 29 38 20 82 47 63 36 89 83 41 69 99 65 58 85 32 65 68 31 66 56 60 17 34
87 67 10 62 50 37 11 84 89 99 91 67 56 73 44 74 67 48 98 40 21 82 20 7 6 60 71 79 93 50 77 36 97 97 78 85 10 7 55 87 48 31 28 53 27 79 3 65 66 37 68 75 67 69 50 5 35 86 64 96 68 61 12 43 43 28 13 78 9 65 46 30 26 21 32 49 86 58 69 78 58 1 7 39 8 99 47 56 91 73 64 45 22 48 16 21 4 95 91 9 18 91 99 30 36 25 67 17 70 79 25 56 42 23 20 34 60 52 15 21 93 22 39 26 42 73 31 57 69 82 52 51 45 40 1 36 17 8 81 13 38 25 52 87 66 79 14 78 58 30 70 73 99 95 89 42 59 13 40 93 66 75 4 45 77 87 57 32 15 6 21 52 41 71 18 43 31 41 77 23 56 99 19 38 47 32 74 33 6 67 63 21 45 84 20 21 53 83 90 77 91 81 28 51 33 9 18 1 35 56 81 12 45 63 15 29 68 56 56 7 42 37 29 2 25 43 60 7 32 48 57 87 53 79 66 30 55 80 91 28 79 85 44 33 25 51 13 43 6 59 75 92 6 75 11 46 67 27 70 3 21 39 48 54 1 70 29 28 73 5 46 52 42 15 77 44 9 64 90 39 77 23 80 24 5 74 33 63 93 16 31 45 7 62 51 28 36 11 73 15 99 25 32 61 5 48 12 22 2 68 42 44 4 27 96 49 82 1 69 1 27 96 4 61 35 45 43 82 26 42 23 56 38 72 34 12 41 88 98 13 84 27 10 86 20 72 52 9 66 46 81 76 17 16 66 23 11 15 40 33 30 81 44 22 73 90 67 22 39 23 96 67 69 91 32 72 55 47 41 82 24 21 50 48 57 87 15 24 79 37 35 24 34 47 96 97 52 38 19 86 14 26 69 6 65 66 44 82 74 10 13 36 45 16 61 48 43 35 71 83 33 54 73 80 85 49 77 87 42 97 32 76 52 18 55 7 74 50 32 94 40 16 45 45 93 36 66 39 56 14 17 6 43 80 51 30 70 70 12 4 80 62 28 88 61 71 28 20 98 51 44 37 29 21 10 13 5 71 10 71 74 41 11 88 89 50 10 76 60 11 46 89 99 77 29 34 74 69 57 40
90 23 81 79 62 37 19 83 55 87 27 34 73 66 54 77 60 52 56 95 63 41 38 54 79 86 30 15 78 73 99 43 26 98 66 27 70 69 76 63 71 94 48 83 40 99 42 24 31 70 37 85 27 55 53 5 77 58 46 91 22 54 45 52 6 60 60 27 84 49 1 6 74 85 45 53 2 87 63 61 76 94 92 71 29 78 69 62 30 3 27 1 86 87 44 65 90 3 74 53 31 55 73 7 7 92 51 68 95 43 6 58 2 39 77 94 41 52 5 30 57 99 2 95 58 16 87 92 9 33 8 65 33 69 48 41 11 87 20 16 51 58 33 62 94 49 9 81 76 39 49 26 75 65 27 87 15 50 31 31 46 10 32 27 14 22 67 41 9 97 63 1 23 80 73 80 75 64 94 71 13 2 36 35 24 59 84 41 5 21 21 13 41 57 13 39 29 34 91 99 77 71 19 55 40 96 39 90 55 9 7 1 88 4 2 76 99 5 96 37 25 81 54 57 57 48 64 94 1 94 3 35 69 15 87 27 86 85 18 54 13 71 9 8 36 68 15 70 28 10 35 81 58 33 21 4 55 45 81 90 21 45 4 17 28 94 91 21 79 70 57 12 94 36 90 45 36 30 97 26 58 51 45 81 20 3 5 43 60 14 21 37 99 89 19 25 59 14 48 23 63 65 95 64 21 12 2 69 65 22 11 62 70 89 59 9 74 48 48 81 66 38 36 34 38 26 57 72 7 43 51 95 46 6 99 89 49 94 32 41 37 16 82 48 39 37 66 73 70 85 4 87 84 22 42 26 59 23 97 48 2 31 74 34 76 39 61 15 24 55 48 41 37 70 14 90 13 59 26 25 73 6 52 82 39 68 38 49 88 47 10 75 22 66 2 12 58 36 52 6 19 31 9 35 84 20 40 70 33 64 48 17 8 39 69 39 76 15 82 32 75 26 48 6 56 50 75 65 32 77 40 36 30 37 11 85 23 78 2 17 36 70 89 30 5 18 66 60 60 95 55 61 19 14 29 18 14 94 61 32 27 62 25 32 74 98 73 40 49 97 79 95 28 71 33 20 65 94 41 54 23 43 89 24 36 26 43 60 49 18 10 95 21 42 49 57 26 59 31 95
16 63 92 96 63 91 83 44 99 29 66 72 92 46 97 69 41 28 90 93 56 29 84 70 55 40 77 10 81 91 31 83 41 73 83 87 98 73 41 90 44 76 77 91 93 27 85 59 12 58 25 90 93 60 50 53 37 76 42 50 7 7 88 26 11 95 43 84 98 38 70 85 2 20 96 20 19 85 50 65 86 35 34 41 48 76 68 66 41 41 17 55 84 50 36 78 53 60 58 65 6 54 64 7 43 24 77 40 92 82 85 28 72 48 97 57 21 13 37 60 5 65 55 46 87 43 70 4 12 47 82 3 77 12 48 42 96 13 15 89 65 55 71 96 13 23 36 62 31 27 69 43 79 26 87 60 39 58 96 99 91 37 61 18 14 73 68 85 48 62 76 66 67 47 46 77 51 13 7 28 42 8 9 15 22 15 54 2 43 80 96 43 31 37 78 55 43 70 75 64 40 89 45 92 38 29 8 67 46 11 24 25 34 88 63 84 53 31 71 34 24 28 66 5 95 33 87 85 17 28 9 48 96 64 95 42 76 58 40 93 87 26 98 37 76 86 90 44 72 50 20 30 26 84 29 40 23 44 35 16 87 65 69 69 96 3 72 67 25 61 98 58 3 34 26 22 36 49 54 87 7 41 34 90 33 78 78 87 19 34 54 41 10 8 51 57 2 60 89 6 63 57 74 17 5 96 35 92 74 99 46 49 59 40 22 56 84 82 22 56 42 12 64 29 32 89 74 59 44 75 2 62 54 5 63 22 2 39 11 93 44 69 15 1 10 70 64 91 83 11 75 92 21 46 29 46 38 71 65 30 2 22 76 72 77 60 93 18 46 12 27 90 29 29 57 12 48 77 65 33 92 1 1 69 82 26 94 31 28 26 64 66 61 31 92 14 29 19 54 9 97 9 36 14 50 74 23 27 89 73 37 79 7 20 53 79 91 36 15 96 69 58 42 41 27 76 97 18 75 72 58 39 4 72 10 12 29 9 73 72 5 7 53 3 9 72 55 40 80 81 89 14 24 95 88 62 32 42 16 63 4 41 57 91 97 70 95 23 79 24 77 55 29 86 6 89 97 51 64 33 50 43 11 82 17 9 11 67 86 79 55 11 88 16 94 45 80 80 78 93
46 80 89 64 89 63 75 25 70 79 55 54 83 47 62 78 80 29 17 76 12 65 77 35 69 14 50 50 52 25 48 15 21 50 85 86 65 15 9 88 85 14 14 67 89 21 42 53 53 54 72 15 32 24 53 93 94 51 47 46 29 38 55 87 23 29 70 53 99 16 52 90 63 51 84 18 57 40 59 62 3 4 84 63 90 72 36 62 17 82 21 92 22 88 19 8 5 74 61 92 79 90 16 90 72 80 57 18 1 88 95 6 63 12 97 42 83 83 90 44 50 28 20 84 13 76 61 29 61 54 24 4 30 99 66 68 53 79 28 90 19 96 20 84 79 33 19 56 93 52 76 81 21 74 50 27 68 62 74 40 14 72 95 32 13 23 76 33 90 43 24 69 47 78 13 16 68 73 53 16 72 20 96 97 90 18 38 85 81 43 78 91 87 93 10 41 51 32 94 68 20 1 65 25 21 21 29 60 54 72 44 41 79 41 95 60 73 32 75 14 19 44 37 74 90 50 31 51 40 77 75 11 20 62 34 30 80 22 27 55 32 12 31 36 9 52 66 35 10 36 66 5 75 72 89 36 70 51 74 5 2 7 14 52 22 83 63 88 4 74 67 17 30 63 70 33 85 20 49 56 73 33 59 55 43 37 42 54 43 52 32 75 1 97 53 69 16 52 72 87 43 89 52 61 2 65 50 52 53 2 60 36 8 71 96 41 8 12 52 83 95 79 87 39 85 70 51 56 3 40 17 90 19 30 44 74 14 47 28 57 16 12 78 38 63 4 77 57 11 74 87 47 87 16 86 75 44 95 9 65 46 25 39 44 28 83 25 66 72 59 55 28 99 71 4 99 64 58 35 78 12 63 7 93 22 56 84 97 33 80 13 93 57 31 62 35 18 25 17 93 5 93 52 18 74 4 88 16 63 67 90 19 40 35 30 7 6 96 46 11 16 16 20 37 11 47 58 98 49 26 43 21 20 92 98 4 33 53 1 78 38 7 20 19 12 96 56 41 15 20 93 39 26 40 6 7 29 64 45 94 59 76 69 68 55 37 75 45 27 38 20 63 49 33 84 36 26 79 73 8 27 56 63 5 26 79 47 27 4 68 52 58 79 64 11 86 1 16 55 76
99 85 64 73 24 62 95 65 81 77 73 57 16 68 52 21 16 68 3 42 42 45 93 18 47 73 13 33 70 62 25 62 60 66 18 67 34 36 57 8 44 97 49 99 66 26 4 35 64 22 65 96 19 76 78 10 95 98 7 11 98 66 56 69 3 19 80 72 18 91 27 59 62 56 1 86 78 49 33 48 44 96 60 75 74 61 95 19 2 24 6 3 54 21 97 98 73 30 10 20 72 46 23 50 85 46 59 98 84 38 66 63 59 9 22 70 77 57 18 98 53 89 21 99 36 93 59 10 15 71 48 47 36 35 41 2 22 98 49 7 96 87 57 52 65 53 58 6 46 47 46 5 35 13 60 37 71 73 44 85 7 94 22 43 36 24 20 25 96 39 10 64 73 12 1 62 91 93 47 48 67 50 58 20 79 52 4 79 87 55 7 72 88 36 45 7 75 67 8 52 37 69 89 58 19 47 2 20 16 98 47 68 48 73 21 30 79 63 13 10 43 91 57 59 59 97 78 48 81 1 81 48 67 95 90 31 62 80 25 26 13 80 30 33 88 47 92 88 46 20 13 70 59 75 26 68 27 43 29 12 89 83 86 23 53 38 11 62 60 89 56 55 62 26 1 48 4 61 67 37 63 66 95 60 28 80 55 28 55 11 14 24 66 68 31 16 68 93 24 1 14 59 20 50 76 82 82 48 19 12 52 62 95 14 4 2 50 76 71 15 3 46 65 63 79 88 37 60 22 85 52 74 68 35 9 22 35 71 93 63 91 3 81 75 5 93 13 83 19 25 3 95 88 12 82 8 78 85 13 89 36 75 82 5 47 7 48 90 6 20 93 93 91 56 97 73 20 44 38 11 81 79 68 58 8 88 78 35 81 1 1 40 33 67 72 2 40 51 73 58 93 8 26 5 89 92 34 19 29 32 25 6 91 46 13 5 15 85 14 22 43 31 25 47 76 4 62 6 46 52 54 49 77 72 8 68 7 95 7 56 50 1 64 33 54 3 34 19 56 16 61 66 15 82 57 41 33 79 43 12 7 27 16 10 60 26 37 83 84 17 89 21 77 73 93 28 66 10 91 65 57 76 75 28 55 19 47 73 99 33 83 55 63 20 41 6 69 36 85 42
82 92 65 88 31 90 1 2 4 36 17 91 45 91 90 91 77 60 90 84 95 85 80 62 10 22 46 56 54 40 87 73 71 69 13 55 70 71 89 42 80 32 75 13 72 33 84 12 73 64 16 79 11 3 94 65 31 78 95 96 50 74 86 7 92 30 64 50 67 26 37 71 72 94 59 34 89 57 41 4 82 14 97 87 10 76 5 63 45 73 64 95 8 66 65 13 13 17 12 25 76 55 35 4 5 59 48 57 63 57 13 74 55 79 3 45 38 55 61 80 42 43 89 31 26 64 31 85 47 5 89 16 10 87 89 24 62 5 51 55 33 5 71 41 47 32 79 78 38 68 32 12 11 88 85 16 67 53 36 13 44 26 90 63 71 7 40 22 27 95 90 38 69 16 46 13 97 42 49 13 46 96 66 43 62 56 1 16 10 56 57 10 18 11 87 60 66 68 72 80 66 31 18 76 50 71 96 83 3 19 71 41 5 22 36 21 46 20 24 20 68 31 25 90 25 26 98 22 91 40 8 20 16 54 84 91 95 18 2 14 70 89 7 67 50 64 15 5 85 36 61 42 50 41 85 14 73 21 82 17 46 43 90 87 71 9 96 32 89 32 37 18 92 92 95 16 3 87 71 12 98 2 20 41 27 50 70 43 46 73 24 82 75 48 19 4 32 88 39 33 85 89 98 8 73 2 2 74 65 26 88 18 44 76 35 1 44 22 43 53 9 86 40 12 57 1 4 38 33 86 67 62 26 69 49 78 35 24 19 61 55 48 19 48 7 51 99 10 52 96 41 55 6 30 20 54 29 68 84 68 34 77 29 91 34 6 61 54 16 1 15 75 27 81 60 71 41 35 88 60 38 18 6 87 59 61 9 75 99 72 82 89 15 6 40 48 75 31 97 4 18 36 60 65 44 34 24 16 21 7 57 18 43 54 24 64 22 92 43 6 44 94 74 79 75 37 67 31 79 37 63 8 66 41 54 13 29 67 69 91 26 54 59 91 15 16 58 26 44 80 76 31 50 43 40 92 39 99 57 26 19 96 4 99 51 79 4 44 21 99 46 59 32 6 67 4 73 4 96 40 42 30 3 70 97 84 11 68 6 16 41 76 59 48 35 84 64 20 4 84
13 84 37 53 2 84 87 72 34 52 89 36 45 93 6 12 13 46 94 76 26 55 91 99 57 65 72 84 16 73 83 59 84 4 7 86 89 68 22 68 39 10 2 54 26 42 7 24 84 25 34 54 95 13 35 71 39 8 86 73 78 35 47 92 85 31 86 75 88 38 42 72 91 36 37 90 3 68 62 69 86 63 79 27 73 40 24 80 11 73 55 98 30 38 65 86 86 64 33 83 94 17 26 74 40 93 45 93 83 98 76 90 74 93 31 36 70 24 70 93 60 38 38 9 74 33 84 76 68 52 69 82 62 25 29 39 78 21 72 43 63 81 88 79 74 6 60 19 25 85 2 39 89 2 29 71 8 5 5 99 12 33 35 68 42 53 42 83 92 36 28 71 58 6 59 11 81 93 41 84 83 65 12 63 54 81 40 68 34 64 7 42 15 32 25 34 1 93 66 37 95 90 4 43 79 64 90 77 6 42 61 46 84 94 56 27 81 86 11 39 10 42 20 67 44 31 31 48 47 35 25 34 5 9 24 40 59 79 79 93 83 33 29 72 75 70 84 66 4 1 10 95 87 52 74 73 39 97 1 51 61 90 3 46 82 76 36 27 59 88 42 14 12 7 7 35 36 20 67 16 91 82 89 2 81 77 93 16 59 2 3 84 80 20 4 60 60 47 32 1 72 51 5 75 58 54 44 49 47 82 54 98 33 69 56 23 65 99 68 78 65 96 26 17 27 92 90 81 39 35 25 50 37 56 69 73 33 18 69 98 66 15 17 10 82 14 15 11 34 29 23 13 52 16 18 24 74 85 6 22 58 5 33 60 29 99 54 1 18 42 67 88 3 87 13 5 64 37 98 40 92 19 12 42 83 15 3 22 83 22 58 28 10 74 92 90 96 63 54 59 32 52 7 39 30 22 47 53 76 5 57 61 78 79 50 16 8 55 35 49 17 47 52 52 29 38 32 44 30 51 12 39 91 54 44 80 76 48 12 89 8 60 35 88 20 57 57 47 34 56 25 19 55 76 32 69 76 32 5 56 34 70 60 3 59 65 41 27 92 62 69 29 34 20 55 27 26 81 62 57 70 40 66 83 77 85 2 74 20 58 71 71 12 28 85 49 43 2 49 76
47 78 70 85 43 48 17 62 47 24 55 93 54 58 94 49 69 91 87 70 69 64 51 58 19 29 12 40 95 77 16 28 51 72 77 48 37 96 70 79 44 59 29 12 97 59 69 65 73 92 95 59 54 45 68 82 97 77 47 27 90 14 54 62 9 95 44 77 96 64 88 17 64 70 90 56 48 95 19 60 52 34 87 61 9 45 91 38 56 32 88 63 15 59 78 28 24 84 72 41 89 63 96 49 59 89 32 14 97 47 15 24 71 14 32 56 49 70 20 15 44 83 11 7 38 39 38 42 84 64 63 66 80 40 40 55 75 30 93 38 87 67 32 22 17 12 59 73 56 41 45 80 37 10 84 20 57 36 54 10 20 74 65 48 92 65 16 46 47 34 21 77 13 15 33 61 11 87 33 69 64 98 84 59 9 21 22 94 9 92 93 47 40 18 32 83 2 2 70 19 66 12 80 72 53 76 84 45 48 79 23 75 1 89 24 83 37 11 10 23 77 9 34 62 17 68 40 23 26 94 7 84 84 42 38 41 96 42 22 54 12 50 85 6 65 16 52 70 28 13 41 78 12 26 51 76 34 38 30 16 59 91 17 57 74 35 48 82 25 87 58 12 4 30 71 18 39 49 98 20 53 85 80 41 14 37 76 62 57 19 5 47 47 16 24 47 91 54 43 97 35 17 20 18 98 2 61 83 25 57 43 96 95 64 63 45 4 55 47 92 13 45 6 54 64 38 83 35 7 5 42 18 56 92 48 39 85 15 62 76 85 75 95 56 37 90 46 5 57 27 16 66 79 18 6 28 69 43 66 23 60 27 97 29 35 12 29 98 41 53 81 71 28 34 7 71 70 48 97 27 75 50 12 67 61 80 22 45 98 2 26 92 75 32 72 92 87 71 92 85 8 82 29 28 3 30 1 50 8 80 41 5 96 55 7 93 17 94 66 5 50 3 39 45 93 77 90 3 52 6 44 20 77 22 16 86 38 11 60 27 35 25 37 71 58 68 39 42 74 65 47 74 22 96 29 73 79 91 27 66 93 58 47 73 63 62 45 19 8 11 59 81 95 89 37 20 35 99 21 87 86 84 29 82 2 77 80 17 95 20 88 98 11 29 68 74 59 54 49 70
8 29 84 12 88 44 71 11 42 85 29 94 8 68 86 12 18 51 67 68 74 40 51 80 91 93 74 87 93 93 41 92 46 17 76 54 93 97 13 10 33 12 65 70 93 33 50 40 63 98 73 10 17 48 71 99 77 48 11 96 66 51 8 55 12 84 24 35 88 28 76 33 27 73 41 86 50 64 64 47 72 67 41 98 42 35 85 97 92 96 89 95 6 65 78 30 92 90 63 67 54 79 85 60 73 98 20 83 39 96 44 19 26 80 92 17 11 20 68 10 94 40 96 20 51 44 22 54 50 36 16 55 98 78 53 97 66 91 23 67 26 4 14 38 9 82 9 9 68 29 46 89 57 95 25 58 17 47 36 32 8 53 17 1 20 69 8 73 89 79 68 61 38 13 82 43 5 70 98 85 1 76 96 99 58 45 77 11 26 68 76 30 19 29 70 94 67 82 43 43 82 76 46 35 55 15 32 31 18 63 69 8 47 55 82 59 70 96 18 4 53 73 2 76 45 10 92 49 13 67 51 98 87 67 23 8 86 43 74 12 6 13 22 89 33 84 64 18 27 86 14 36 37 58 11 51 40 68 23 61 61 60 58 3 31 24 26 78 63 75 78 38 72 95 10 81 82 15 36 52 10 52 83 44 9 38 47 47 99 95 77 3 91 42 48 2 38 48 29 26 82 88 90 78 1 59 54 60 27 24 32 90 12 25 19 81 98 53 50 19 4 20 27 22 23 92 30 60 84 71 97 30 68 3 1 97 25 38 59 64 26 16 63 15 41 8 63 70 4 48 73 64 57 90 35 46 81 35 10 54 36 9 18 36 12 75 88 41 83 36 93 15 17 32 81 51 55 64 77 18 60 82 49 67 6 32 79 5 85 75 96 66 78 18 17 21 91 54 82 6 73 22 74 96 94 89 64 56 25 63 65 47 89 97 66 22 54 30 90 79 65 4 17 5 3 8 39 39 77 56 75 46 38 56 38 24 73 7 35 62 14 14 53 91 89 2 2 83 83 75 5 71 41 57 9 74 83 63 9 51 57 66 2 23 3 65 4 17 57 58 68 94 19 88 33 78 76 72 76 10 1 17 92 10 91 61 19 33 61 27 8 93 35 29 38 29 63 45 58 68
32 78 6 52 55 61 67 39 68 53 97 85 95 36 69 74 50 54 83 53 16 75 1 49 40 71 81 86 78 93 97 97 67 16 93 34 83 70 47 48 80 88 92 55 21 2 26 81 56 13 51 19 74 90 58 51 64 47 48 6 11 98 30 78 62 5 1 92 73 81 47 45 62 67 44 82 87 77 51 28 38 73 62 86 80 25 7 25 24 36 66 70 97 52 24 71 61 99 30 92 33 21 16 79 68 97 25 17 44 52 23 18 61 68 59 37 69 47 91 15 32 60 80 89 50 33 37 53 63 38 22 82 91 87 32 24 10 35 41 45 55 2 88 66 8 16 15 72 56 26 22 22 59 25 4 49 91 20 60 98 47 55 95 29 42 56 14 10 80 5 20 30 27 81 75 28 51 31 31 66 53 50 65 79 53 27 93 63 41 65 70 35 60 27 7 62 11 66 92 43 6 73 92 43 19 64 87 34 56 2 92 73 45 47 60 12 37 13 57 49 48 16 57 32 91 29 97 12 80 67 92 27 66 95 63 78 55 55 85 22 49 24 12 86 55 1 58 58 34 46 64 30 73 78 21 45 41 34 64 91 55 72 75 2 63 9 84 82 29 59 81 55 31 34 13 35 74 35 80 58 48 3 75 34 51 2 40 41 4 15 71 98 24 27 72 80 37 4 66 79 38 40 20 96 89 73 97 3 23 84 96 77 70 75 65 9 75 43 17 9 63 56 18 62 57 18 93 95 35 83 12 89 68 57 78 84 42 58 43 86 40 84 10 53 97 5 7 70 20 21 42 83 74 48 40 49 86 54 67 88 9 95 49 36 10 4 34 84 64 47 18 73 18 10 84 66 25 99 1 78 91 90 68 37 17 24 6 85 23 31 74 54 8 4 71 1 36 3 66 48 92 70 21 74 60 13 31 54 71 96 8 15 59 2 41 74 73 65 63 12 62 53 22 60 74 85 75 11 60 99 52 64 63 78 39 16 56 9 15 37 48 6 56 53 97 80 75 24 4 85 16 50 84 2 49 20 63 25 5 31 70 92 80 27 71 98 79 26 99 34 6 72 8 85 80 36 15 90 9 27 44 27 95 75 9 28 10 10 9 11 74 91 4 50 29 83 34 2 26 53
