20 500 29323 139.51
15 55 1 95 74 38 15 26 78 32 69 75 38 28 68 97 99 47 52 18 29 19 6 93 95 65 75 80 66 94 83 40 88 39 49 19 14 31 73 50 87 85 50 50 28 75 20 21 38 64 51 44 57 24 37 2 3 29 36 95 37 87 24 19 89 59 56 94 15 57 6 98 9 51 97 9 41 63 96 79 54 27 43 97 98 30 56 37 48 77 14 73 59 52 92 9 93 39 71 77 65 89 35 9 20 56 23 74 21 38 48 68 83 45 91 57 36 70 67 88 85 16 48 3 64 18 98 54 48 79 28 1 32 89 87 54 82 67 14 39 80 50 39 38 73 39 39 58 67 52 5 12 64 36 81 32 86 64 10 69 28 20 50 51 13 86 33 36 74 71 30 42 45 44 38 79 70 83 89 49 64 59 92 83 41 53 93 19 12 41 11 14 26 75 68 70 88 37 96 39 78 18 99 43 72 48 39 83 95 88 79 64 43 14 49 90 30 33 75 4 81 11 11 31 45 31 28 72 22 24 57 43 22 50 42 15 39 41 27 30 77 73 45 95 80 43 5 28 60 98 40 86 41 55 31 42 88 2 39 8 92 67 28 48 43 84 41 77 61 98 26 44 85 41 65 58 56 23 21 97 2 18 53 19 88 67 39 47 72 45 87 8 91 13 62 55 38 87 12 81 44 81 1 2 49 4 49 58 15 4 44 95 17 64 25 78 18 50 51 81 87 62 84 51 44 20 54 99 57 78 14 40 59 26 32 19 45 47 72 98 73 84 6 80 21 84 44 43 36 54 43 84 99 25 53 66 20 48 84 86 44 41 48 93 91 36 47 24 75 84 43 69 15 85 34 39 88 3 35 94 4 24 82 52 76 22 66 16 22 53 6 71 23 40 21 34 10 16 49 23 79 88 42 45 50 54 27 80 92 7 56 66 90 7 17 64 41 20 53 15 28 67 36 32 89 25 70 20 17 95 62 71 25 10 99 25 51 26 15 58 76 92 58 26 23 96 39 43 81 83 75 55 32 75 4 14 19 76 68 23 48 63 95 23 43 62 38 32 57 35 23 28 64 18 25 46 82 44 85 84 85 89 10 12 11 16 19 34 96 57 18 60 66 11 13 90 4 8 42 18
52 74 35 96 28 54 98 4 56 2 66 36 78 23 91 74 4 91 82 9 80 87 92 12 33 41 53 54 97 81 82 79 42 48 49 87 92 20 33 79 86 55 83 62 73 71 55 42 93 52 73 1 76 13 11 71 53 33 68 26 41 34 32 71 35 96 10 85 33 78 28 56 88 62 83 31 70 26 88 16 9 83 54 6 90 90 7 53 75 82 72 2 42 46 30 99 41 80 63 59 97 33 34 42 73 65 86 36 95 86 7 14 39 35 13 82 26 44 96 91 1 80 10 97 98 22 77 91 78 89 51 32 52 49 64 85 19 12 67 79 56 77 2 71 89 78 41 77 54 1 11 86 78 27 84 90 78 49 31 57 49 92 26 26 55 52 1 84 69 21 39 63 43 77 63 98 47 46 26 90 30 23 52 20 27 10 55 83 8 6 4 12 15 27 62 56 21 25 21 32 24 44 86 63 75 48 11 57 90 29 85 26 7 55 42 69 40 23 84 41 36 15 39 29 2 34 4 90 50 57 65 58 48 90 94 93 43 97 17 71 36 46 49 16 11 93 39 96 91 34 40 62 79 88 45 24 64 49 16 40 19 85 13 40 71 69 78 52 82 35 25 26 29 13 35 91 45 78 83 72 75 26 23 66 19 97 2 43 28 17 10 42 84 39 96 14 90 60 98 93 71 35 31 91 21 79 24 53 71 13 7 97 59 4 63 31 55 74 76 67 54 54 57 1 14 40 55 23 18 78 51 85 83 55 28 19 94 17 74 51 35 77 38 62 37 58 45 60 35 63 7 11 42 60 46 82 33 6 10 51 20 14 88 17 94 27 17 19 73 41 78 41 59 42 90 43 39 7 96 44 18 73 53 35 98 47 63 86 11 34 75 35 2 68 72 46 42 66 14 35 55 80 64 2 71 48 34 74 68 7 10 48 34 1 29 50 76 69 57 18 95 15 38 37 62 38 78 1 37 41 8 72 54 7 23 48 61 80 66 80 6 3 32 30 42 21 14 95 46 36 63 51 21 55 28 76 26 51 13 11 44 44 78 93 51 18 26 49 3 99 54 68 57 67 53 55 36 79 38 92 71 68 75 81 89 3 48 72 65 88 70 87 54 34 31 87 62 2 66 9
76 65 85 34 71 17 47 91 11 40 88 44 25 91 84 24 60 93 17 48 34 20 55 27 71 2 88 39 18 70 98 95 21 51 96 62 8 25 11 41 30 19 69 9 45 70 83 47 94 49 39 28 93 67 17 53 86 55 62 48 46 71 89 23 37 44 57 43 66 33 26 58 79 71 23 19 28 93 20 56 36 93 3 84 42 95 36 56 47 76 33 55 51 15 97 52 52 48 58 86 90 29 29 69 27 86 81 80 45 39 44 63 51 58 15 83 76 38 12 54 70 14 65 6 65 2 2 26 74 41 3 94 35 19 88 79 61 22 77 66 43 15 59 82 73 32 49 88 52 33 39 56 82 69 26 78 98 74 39 28 39 76 20 11 23 35 65 44 96 30 15 16 78 64 6 23 33 81 55 63 33 37 1 26 42 23 53 78 94 75 89 21 65 23 68 42 13 38 19 6 73 56 44 89 3 78 34 32 38 62 49 2 47 44 29 9 23 25 55 90 4 60 95 64 87 34 70 21 52 64 26 86 31 16 32 83 55 61 89 74 34 57 9 90 55 14 32 76 33 96 44 68 52 81 14 13 52 94 59 72 94 50 81 88 40 44 38 61 82 87 74 47 1 12 73 32 4 8 90 42 96 62 90 15 62 39 89 52 74 4 96 39 93 23 3 9 94 15 91 64 82 90 29 15 46 77 38 16 91 59 83 52 57 56 80 88 24 85 20 88 8 83 12 46 2 89 10 16 37 55 14 26 83 65 57 86 80 73 49 48 64 54 26 82 37 97 17 64 81 80 83 6 4 26 71 65 82 90 32 18 72 46 35 78 9 57 73 2 51 2 8 8 56 72 79 4 98 19 4 75 37 55 79 17 24 75 51 81 56 27 20 1 25 79 62 14 86 15 25 71 28 85 26 19 60 95 23 59 70 79 16 63 32 20 8 98 30 80 27 55 93 75 10 74 63 66 92 17 27 22 35 90 41 25 65 74 67 97 5 18 26 37 77 99 4 14 4 28 87 76 38 86 9 98 21 3 1 20 39 82 52 95 18 1 94 24 78 52 83 30 86 67 64 21 80 56 43 55 50 41 66 69 81 52 59 5 59 92 53 54 43 60 31 23 27 38 89 91 60 48
9 48 90 75 48 72 21 77 18 92 48 64 47 84 97 69 27 97 77 75 80 90 71 74 11 88 24 43 31 80 66 40 10 27 38 80 99 4 17 2 25 95 35 96 82 92 79 85 10 18 44 81 17 41 25 83 32 49 88 72 76 87 5 79 92 39 86 96 77 64 69 51 72 42 57 75 35 60 32 24 86 46 57 85 9 74 72 94 25 92 15 26 10 61 92 56 17 62 41 70 17 38 8 82 61 69 80 6 70 53 28 19 23 79 5 55 42 96 21 34 90 65 28 97 10 72 16 30 36 86 88 89 61 62 65 82 64 8 62 18 64 34 31 48 47 96 78 14 12 8 8 3 37 99 45 42 7 79 50 21 38 45 26 93 58 62 38 93 62 8 35 8 14 55 86 64 88 31 64 35 81 42 18 57 67 60 3 2 35 2 7 41 82 79 70 45 23 28 90 40 71 60 44 97 50 45 59 71 99 50 58 61 92 24 53 38 58 63 48 21 48 33 94 55 98 3 8 64 81 72 41 84 80 58 35 91 42 39 11 16 87 86 5 78 63 52 39 67 11 40 36 84 19 36 36 27 54 89 34 90 36 25 44 94 72 14 72 65 87 20 22 25 58 96 81 80 47 5 99 88 91 10 17 84 7 32 34 12 51 94 37 28 82 2 70 25 61 59 13 78 3 78 7 17 56 90 61 24 55 23 62 14 58 28 57 93 27 30 92 8 4 12 20 30 95 21 15 34 10 65 25 43 66 20 90 4 64 55 41 28 39 39 31 54 9 38 11 67 65 44 17 3 35 23 83 4 16 8 61 65 15 1 11 56 54 49 55 74 6 5 32 84 18 51 53 44 37 31 3 6 16 54 78 10 50 79 88 67 71 40 16 32 22 91 69 20 96 17 8 13 54 91 22 69 94 68 42 10 3 37 6 40 67 31 97 82 72 38 76 26 27 62 73 42 64 38 48 61 51 7 39 18 88 88 7 78 25 23 56 53 8 74 59 96 37 84 54 43 90 75 64 26 9 79 34 52 56 92 73 26 76 94 87 92 42 93 68 95 80 60 18 99 18 39 86 72 95 19 52 79 4 37 82 71 92 65 79 82 46 55 21 6 71 26 19 47 74 67 10 75
76 55 51 6 77 82 75 71 11 58 77 27 36 51 3 71 28 25 97 33 78 58 73 82 77 48 13 1 48 76 91 30 92 90 42 27 84 88 47 22 60 53 79 19 61 47 27 29 67 35 39 35 71 20 96 77 52 34 76 14 87 85 90 23 3 88 55 5 93 52 61 41 68 89 22 65 11 57 53 43 46 61 21 83 1 31 91 53 84 77 75 93 77 22 79 14 53 51 49 18 82 59 86 44 18 71 35 44 55 45 36 44 55 81 43 72 16 56 95 84 35 15 88 50 36 27 11 46 46 18 88 49 96 51 44 12 52 6 23 9 98 91 61 81 71 68 97 80 47 51 58 26 57 43 37 58 48 82 28 65 85 17 25 20 38 95 58 3 38 46 51 55 13 97 90 26 95 45 58 13 22 33 22 73 16 39 72 73 34 73 98 40 76 98 92 92 12 61 95 97 78 30 33 12 84 90 43 39 5 58 57 23 63 43 55 5 43 93 38 55 35 62 97 18 36 81 18 16 4 83 43 93 28 49 65 61 39 22 29 70 71 23 33 31 48 48 87 66 40 48 74 12 81 2 48 64 94 22 10 28 53 67 49 91 80 56 21 76 19 32 5 53 43 88 81 1 62 44 47 9 86 71 46 19 76 13 43 68 77 13 65 20 8 3 38 34 59 69 85 61 40 3 8 55 73 72 31 70 1 46 27 28 62 40 11 25 14 67 31 8 96 32 14 39 60 79 3 79 95 5 74 93 37 12 1 87 27 8 31 37 14 47 71 26 39 25 80 23 63 25 71 57 30 87 68 16 61 52 12 12 80 21 76 22 46 56 8 70 85 80 11 56 45 94 69 83 49 30 44 7 68 2 74 80 97 33 8 53 56 67 30 93 26 21 67 15 60 28 5 52 61 7 18 50 96 12 49 27 7 13 34 58 59 66 21 53 86 3 39 29 41 48 93 92 67 81 27 14 8 49 58 37 95 58 6 28 51 34 45 5 76 84 87 15 40 50 99 91 72 16 20 39 89 41 95 21 71 74 27 52 92 47 97 25 47 6 53 64 64 40 77 88 8 15 21 69 98 82 54 10 33 21 39 46 92 64 79 9 92 93 31 37 97 28 19 3 57 43 74 33
8 98 90 25 90 31 33 36 33 79 30 16 64 58 79 90 46 28 97 42 81 98 40 7 26 94 7 57 40 36 84 36 81 89 97 28 10 7 27 52 98 74 9 44 76 32 17 50 38 82 29 89 68 35 66 80 75 79 94 92 46 21 2 71 47 23 38 40 77 72 79 17 15 43 89 28 67 68 44 8 82 58 38 67 76 79 13 36 36 92 81 9 3 63 10 1 63 13 62 11 95 68 96 55 13 23 23 88 5 74 77 89 39 93 86 1 84 55 65 33 28 13 48 19 13 72 8 6 70 92 81 81 85 11 78 62 80 46 38 23 40 25 35 95 54 47 49 5 74 40 84 25 72 70 71 46 65 86 98 83 91 52 32 68 1 35 96 35 51 92 48 64 20 68 18 59 55 74 34 14 33 56 54 11 98 9 83 92 48 2 43 2 83 79 93 60 14 87 20 70 12 20 4 89 41 9 12 57 29 25 21 26 72 4 46 13 30 17 87 24 45 53 18 99 81 67 67 14 18 54 56 31 26 13 33 76 18 59 51 92 69 87 24 8 3 6 57 6 48 70 78 40 64 45 29 34 77 53 11 85 28 13 90 93 60 73 27 30 53 56 74 61 85 13 32 26 21 6 29 53 22 49 40 41 12 66 18 41 7 17 14 74 74 22 63 15 61 20 19 99 1 87 31 46 54 59 74 40 53 92 69 44 90 26 20 19 70 15 14 31 8 83 42 59 43 65 99 16 95 92 79 69 77 31 7 78 55 64 26 89 19 54 22 9 64 86 16 6 37 24 25 67 90 86 76 41 12 33 36 63 71 26 81 17 33 66 64 60 36 90 21 29 44 72 39 82 24 61 91 35 10 23 19 5 42 21 50 65 15 21 92 74 71 9 68 94 35 12 70 57 8 22 17 78 99 11 57 48 6 89 85 6 92 29 73 77 19 51 23 55 13 53 9 21 72 91 1 40 86 76 24 93 96 13 44 94 78 43 37 47 86 85 62 17 74 47 7 95 46 92 55 12 5 90 19 47 12 28 25 71 64 58 78 68 53 70 56 14 17 52 86 7 19 25 5 63 91 5 24 72 32 36 46 55 20 79 76 52 20 16 56 34 58 5 97 76 61 37 40 42
94 44 53 71 69 89 87 28 21 40 87 48 24 52 5 60 5 97 80 12 31 63 61 81 21 24 57 7 62 87 77 72 26 66 51 11 79 31 7 25 6 21 69 84 75 62 66 18 54 51 84 17 43 93 45 61 66 51 97 53 63 90 59 51 77 4 60 52 26 58 36 89 68 26 42 57 60 47 52 52 94 82 71 76 23 10 51 47 6 47 90 72 57 46 13 14 73 66 14 26 43 3 55 23 80 57 75 1 96 11 6 78 64 52 95 43 35 65 46 90 85 30 27 7 95 15 49 1 61 45 12 91 11 62 9 44 9 20 43 72 64 54 22 5 99 48 87 43 85 27 20 58 40 34 59 34 72 20 63 36 73 78 16 32 34 45 65 76 85 8 22 64 27 30 54 67 46 75 62 50 36 87 25 56 50 81 59 36 35 47 93 79 81 25 97 93 48 76 39 21 98 1 24 28 49 90 85 26 68 75 6 77 92 93 8 3 38 3 50 26 40 86 43 97 26 3 23 24 28 35 78 1 93 3 46 26 92 34 42 38 61 65 26 68 15 58 36 50 36 67 7 69 38 59 74 2 83 18 93 86 19 96 46 77 15 38 40 4 39 1 77 91 99 10 66 48 68 76 92 95 8 34 65 21 84 2 14 41 85 94 86 72 42 30 67 2 55 11 79 90 76 3 76 77 43 12 72 48 39 14 14 2 97 53 97 14 62 15 47 90 25 20 86 85 36 21 70 63 28 60 99 97 91 80 32 54 7 60 74 20 30 93 55 91 78 57 72 38 41 7 34 20 26 86 5 66 8 99 37 80 7 42 14 33 11 80 60 91 95 99 44 78 54 95 93 19 83 17 42 55 79 72 65 60 36 61 96 76 64 89 3 4 86 21 55 90 2 73 50 85 60 64 27 34 39 33 17 51 12 30 43 22 44 51 14 13 6 37 97 32 4 38 83 12 67 50 5 51 51 9 2 23 1 42 13 26 2 42 78 9 78 94 99 49 67 18 51 79 55 42 56 27 59 58 82 82 48 82 75 9 69 7 21 41 78 12 6 14 61 77 44 71 30 72 8 27 2 71 43 48 67 86 22 36 90 61 38 60 2 28 76 79 91 1 78 36 84 78 52 12
68 36 50 96 93 23 19 3 78 63 48 94 89 48 98 85 94 74 5 78 88 68 9 59 37 76 81 15 78 13 31 62 69 49 65 27 94 28 89 91 97 85 76 87 35 22 20 99 99 29 67 27 92 25 14 54 5 64 16 95 28 49 1 98 51 18 46 41 99 7 68 64 38 57 30 10 21 24 31 76 27 70 17 60 43 83 4 39 17 11 84 60 78 56 70 79 9 64 31 41 75 2 5 92 64 65 60 25 64 24 42 52 27 22 83 83 98 27 82 17 64 77 42 73 87 48 33 13 68 33 93 68 18 25 95 5 24 32 69 94 85 48 14 16 2 92 96 4 93 39 22 34 51 35 51 54 44 3 98 71 34 96 58 46 46 61 33 57 91 96 2 22 74 20 55 5 8 11 23 14 12 2 94 76 40 91 1 7 55 55 82 22 45 72 52 27 30 23 79 55 41 71 42 61 84 93 46 27 78 11 15 44 86 71 6 7 98 20 42 45 55 82 4 5 95 22 29 54 36 21 7 94 67 46 31 13 90 81 1 30 23 81 30 85 65 34 83 19 56 62 97 61 75 58 15 82 50 1 27 59 62 58 10 10 56 2 93 20 42 6 28 63 47 61 86 83 64 93 37 78 27 67 78 3 46 5 73 3 18 80 38 34 37 73 92 99 13 5 65 85 51 11 36 41 74 11 98 38 68 33 22 58 87 71 24 37 68 54 40 73 96 87 1 64 1 25 2 11 9 6 13 43 9 98 29 4 96 2 81 13 46 56 36 64 57 48 33 81 75 14 37 21 36 22 78 27 72 52 65 47 7 90 41 10 31 43 2 97 1 28 28 36 33 37 24 45 37 74 35 77 74 53 88 15 81 60 92 23 87 4 84 82 69 14 49 28 66 68 34 31 5 64 43 47 8 18 55 94 79 24 9 87 38 17 32 97 42 36 1 25 34 91 92 34 69 27 12 42 63 46 87 35 99 66 92 9 46 97 39 67 73 58 89 16 8 74 54 80 15 43 4 77 49 38 58 64 40 48 67 33 2 1 4 49 11 73 11 53 64 27 28 75 6 22 97 35 15 70 50 64 82 92 24 70 20 28 11 21 64 87 99 9 31 3 53 8 53 5 73 78
32 80 21 15 83 30 87 43 99 34 79 7 61 34 16 46 61 73 28 96 52 93 96 97 81 3 66 51 94 15 26 62 56 74 21 51 35 87 3 64 91 2 40 50 73 5 83 37 74 43 18 81 78 27 91 29 70 23 50 96 11 62 4 7 60 96 64 38 51 72 37 71 40 89 53 91 61 15 98 4 27 62 47 38 1 67 86 33 32 46 5 38 31 40 31 22 70 67 56 1 40 42 35 75 99 73 9 14 80 85 99 28 84 63 56 48 59 46 9 59 6 97 70 95 22 16 65 90 12 22 99 3 63 4 40 29 72 95 56 71 14 53 52 49 14 52 97 88 57 85 77 88 99 9 8 90 57 50 62 55 51 45 43 46 6 8 96 56 67 51 78 14 34 25 63 70 76 28 78 76 25 64 70 27 36 55 3 99 61 30 42 92 64 92 81 41 79 8 8 46 90 20 90 61 90 62 88 4 5 49 55 63 88 14 55 47 36 88 81 75 13 88 91 39 3 39 58 78 12 22 37 12 76 1 10 66 78 68 14 29 44 82 98 31 54 87 45 16 87 64 10 16 40 21 74 29 24 2 90 4 45 6 3 24 38 20 13 57 75 95 39 11 22 70 97 71 22 96 91 60 84 23 56 72 7 17 54 67 57 87 2 19 3 60 7 29 79 76 6 56 84 25 81 69 75 47 84 62 43 50 83 43 1 33 90 27 98 16 59 18 72 68 61 23 10 2 35 72 59 31 13 35 27 25 47 9 63 21 87 58 72 32 53 55 72 96 34 13 82 17 44 12 96 90 31 63 9 45 56 69 14 32 93 91 17 11 21 64 9 93 17 68 1 30 32 73 17 83 77 35 26 29 99 4 48 56 73 88 3 89 86 72 90 42 53 23 36 31 13 13 64 99 6 26 18 48 83 34 90 83 36 80 26 52 30 80 97 55 83 68 81 33 7 52 2 42 62 55 30 21 36 48 63 80 77 95 18 21 93 52 96 23 15 44 61 63 78 9 51 76 86 99 75 23 66 35 39 28 5 63 97 22 80 91 3 88 11 62 65 94 14 63 89 22 48 10 16 12 97 42 87 85 46 71 61 64 74 29 83 8 4 26 99 14 38 61 30 10 24 96
47 68 32 64 36 89 85 20 6 70 88 78 33 39 46 43 79 17 26 83 85 58 2 5 44 17 93 50 31 84 22 29 97 65 29 58 76 62 29 69 71 77 19 74 29 17 31 3 1 41 15 16 63 28 9 44 43 14 32 28 77 53 13 53 28 45 42 4 66 97 70 33 59 80 40 25 86 65 61 45 93 69 93 66 81 84 86 5 72 41 18 93 89 95 55 10 82 27 40 79 86 77 1 86 61 57 74 40 28 88 57 94 42 66 31 60 69 60 75 85 4 77 69 10 42 74 95 47 17 40 13 48 41 87 15 26 41 77 62 47 74 53 76 83 89 81 58 76 72 21 76 39 74 79 32 91 7 55 41 21 74 71 42 83 77 71 15 27 34 25 38 1 69 1 83 76 1 36 91 35 19 70 7 48 92 35 9 14 90 97 75 52 54 65 63 6 61 12 25 17 16 90 19 56 39 71 4 95 82 67 46 91 6 30 39 19 40 30 56 2 69 48 8 80 38 84 78 71 98 22 19 1 14 39 67 6 76 63 11 23 60 54 65 12 17 40 42 17 12 7 3 68 73 13 64 56 35 46 67 9 38 83 21 80 33 69 71 37 11 72 40 97 27 65 25 96 36 79 85 29 16 93 62 89 35 14 11 22 94 31 30 34 97 55 28 75 38 42 3 37 34 55 85 47 93 8 10 44 62 73 85 54 12 76 45 44 43 56 57 47 60 58 44 52 91 90 64 3 2 53 20 80 94 24 28 31 53 12 2 25 73 44 60 64 90 84 19 89 13 14 61 73 48 46 34 13 83 98 10 39 20 51 82 95 6 23 12 57 97 20 40 54 45 55 47 72 19 69 12 84 68 33 30 56 47 1 36 25 32 59 88 14 50 93 30 42 83 60 3 73 41 87 86 11 77 65 34 54 70 43 8 15 20 31 34 19 26 52 97 34 17 96 79 55 31 7 47 85 40 79 11 37 41 2 73 69 98 32 34 52 58 64 45 25 27 48 9 72 68 36 13 74 24 97 63 23 2 79 48 31 19 37 42 74 25 93 54 45 1 75 13 72 61 58 12 1 70 52 29 76 23 56 75 22 5 83 49 46 18 20 64 41 61 93 86 26 79 15 44 83
52 89 5 91 78 8 8 78 55 89 70 80 81 87 94 40 68 32 94 65 88 73 50 95 51 17 6 74 35 39 22 77 47 96 77 88 62 7 84 86 96 82 66 19 82 62 51 98 71 42 68 90 84 4 95 67 62 38 18 3 66 80 58 50 29 60 73 30 61 85 37 3 47 19 84 9 52 25 31 87 91 64 64 32 41 1 27 5 93 47 13 93 68 96 25 46 73 85 3 1 98 41 24 63 14 78 43 2 87 66 49 80 5 18 11 72 42 44 83 24 63 47 47 95 50 55 57 54 48 2 35 15 65 67 43 21 81 34 69 27 45 66 44 77 90 84 85 24 14 40 93 69 75 55 47 80 30 74 11 28 41 88 65 47 56 61 28 67 68 61 68 22 28 93 1 7 64 43 71 60 13 50 35 80 87 60 65 79 17 27 76 84 34 40 45 82 45 19 5 1 12 66 5 93 57 21 81 11 74 76 65 17 2 79 7 64 37 45 51 6 23 98 25 51 56 67 1 62 12 67 29 68 90 81 96 25 78 79 28 4 29 80 73 1 83 83 33 17 59 48 46 50 53 13 85 52 59 23 71 96 11 45 77 97 20 25 79 61 64 71 3 26 51 46 32 1 68 40 76 37 22 20 6 81 9 18 23 47 38 20 93 56 72 5 62 78 10 60 26 34 22 20 6 64 48 98 1 40 55 38 18 7 17 21 1 47 33 92 25 35 49 54 11 12 57 75 30 84 25 13 75 64 6 5 87 92 91 82 53 39 16 6 34 71 51 26 32 28 91 64 22 94 96 95 57 96 26 69 11 61 97 37 8 49 69 28 82 56 44 53 68 29 13 52 8 21 11 3 89 61 96 64 27 9 93 70 35 42 76 87 61 20 94 73 43 16 90 72 4 78 68 4 78 69 39 71 5 41 35 55 93 9 21 48 1 94 17 32 48 75 22 17 26 39 34 30 55 85 51 2 70 21 84 21 18 7 9 7 62 85 90 42 7 90 56 88 58 28 29 93 89 79 28 23 40 43 44 32 75 27 66 80 53 2 31 18 79 18 77 89 24 31 23 27 10 47 36 51 19 6 74 95 50 7 93 16 39 55 62 90 53 53 7 61 63 84 69 12 6 65
43 80 95 91 94 23 97 69 45 41 97 81 47 62 29 59 63 34 80 2 58 83 82 86 31 56 61 87 33 92 13 73 88 46 27 69 71 82 15 50 16 57 96 80 14 48 62 57 5 50 91 21 39 47 83 44 39 22 79 87 67 41 84 80 96 84 30 21 63 37 79 48 51 53 19 95 21 2 79 22 16 79 64 11 28 60 22 79 40 58 88 61 83 99 29 38 92 47 35 18 40 89 97 44 13 89 91 47 26 30 24 18 22 60 98 77 30 10 51 67 89 92 26 47 78 11 20 53 78 78 22 81 37 54 47 8 18 71 28 44 67 73 32 25 9 56 45 20 16 94 93 96 39 23 93 16 35 92 91 26 37 81 9 96 10 94 35 69 28 91 18 99 8 30 94 85 27 91 7 33 63 71 23 29 54 80 6 50 11 5 33 94 72 56 59 12 48 99 50 32 74 41 75 17 13 21 2 64 54 23 54 12 21 29 55 82 33 18 82 27 65 53 46 51 94 71 27 77 67 86 20 45 11 44 53 74 72 91 8 45 6 2 68 24 78 39 21 72 23 65 47 72 17 93 82 84 66 42 26 35 38 3 26 79 33 93 78 68 36 23 88 60 68 35 25 34 40 66 47 71 76 80 15 76 35 63 2 83 96 13 3 32 64 96 13 86 59 5 49 28 17 66 13 82 2 19 11 63 50 88 80 7 29 99 60 95 27 35 96 94 87 34 20 54 8 59 82 23 41 49 98 62 10 83 24 85 75 39 65 10 54 20 79 6 33 41 76 54 32 20 87 12 19 14 2 74 14 14 31 74 40 1 88 56 47 87 39 73 50 45 25 90 62 37 93 12 78 17 98 76 84 60 15 76 38 62 42 66 32 77 29 54 76 61 91 53 5 51 90 21 70 33 99 5 43 14 71 67 72 11 12 4 21 21 48 84 39 11 53 64 89 27 67 12 39 45 5 69 71 90 96 4 47 85 71 49 55 2 4 62 30 81 76 47 72 25 68 44 78 60 17 52 2 24 64 82 13 17 55 75 51 69 77 22 13 7 45 43 65 6 47 24 38 29 24 77 18 34 93 79 58 34 85 4 99 40 78 25 37 20 18 48 85 55 52 26 13 77 40 2
75 87 55 70 4 10 86 56 80 26 40 91 72 2 16 44 89 33 2 86 88 42 82 42 74 12 89 93 90 27 10 33 2 7 54 67 62 57 24 48 75 64 91 1 53 40 49 63 15 56 80 71 82 46 64 66 56 61 27 95 68 79 33 95 12 59 83 68 35 55 53 1 89 23 94 71 46 11 77 34 22 19 24 74 29 31 9 68 76 12 94 9 99 92 69 3 47 68 41 96 48 32 34 99 55 46 51 78 48 25 41 90 19 54 8 16 17 54 87 29 22 52 7 54 92 72 64 47 32 9 85 95 45 88 50 92 69 76 88 66 88 39 78 4 37 45 71 52 94 36 15 1 95 52 16 34 6 2 93 39 44 60 79 33 10 90 44 87 85 75 34 87 16 97 80 13 82 72 78 68 75 94 2 31 57 44 23 91 54 73 4 88 49 54 44 99 56 23 65 37 39 89 4 37 60 60 82 89 70 6 71 23 78 68 76 20 46 40 55 83 93 96 74 16 1 29 70 1 11 66 97 57 82 51 27 75 91 47 52 40 5 96 10 13 81 11 46 95 16 80 49 88 12 77 20 86 46 25 87 63 78 70 65 64 84 6 80 60 14 47 91 11 40 48 72 59 26 34 70 89 35 65 76 9 42 90 8 35 7 39 58 75 6 43 21 33 45 91 58 67 93 48 5 72 85 41 30 63 58 48 5 87 17 64 75 70 38 57 15 9 1 38 31 4 22 74 47 4 55 3 70 73 61 53 46 25 19 66 88 76 15 10 90 39 79 20 19 48 11 83 47 74 61 80 21 35 79 92 11 76 70 48 49 58 5 60 66 3 7 84 82 66 1 12 18 82 8 30 97 20 90 28 74 62 15 32 13 10 67 6 44 83 32 31 39 87 2 40 44 21 46 59 30 34 79 90 91 39 44 91 76 27 66 23 47 47 79 35 2 47 18 41 42 76 45 68 51 61 94 36 80 43 44 30 32 76 79 17 4 56 3 47 7 54 36 77 83 72 61 81 69 47 28 83 18 51 55 25 93 78 9 34 43 55 61 11 19 65 4 16 62 53 10 94 94 45 5 58 6 18 31 29 9 53 19 64 93 89 72 89 51 1 91 87 4 57 70 63 62 86
5 97 50 85 84 84 35 94 84 85 10 36 60 97 70 79 49 99 41 95 62 8 41 9 99 25 28 27 89 38 99 57 71 34 98 33 63 97 37 61 62 26 57 18 92 71 32 36 22 45 86 96 97 67 9 81 80 8 62 75 33 52 87 58 70 70 82 3 71 4 53 18 27 69 92 52 52 69 97 14 46 18 7 30 83 19 93 27 63 9 55 98 62 73 3 72 51 72 66 5 46 51 34 87 40 41 41 93 79 33 92 98 22 20 68 7 59 55 97 7 27 10 28 24 21 59 42 33 60 4 47 19 95 52 91 71 27 66 80 61 83 78 13 71 59 28 18 93 10 5 73 3 97 5 82 96 29 31 46 51 68 36 85 77 71 88 12 9 60 21 63 44 67 11 38 20 5 20 4 77 56 3 24 77 9 49 52 47 17 93 84 53 31 31 76 14 66 84 1 6 42 1 43 81 57 31 95 70 42 86 19 88 22 67 53 78 58 60 24 25 9 11 4 47 93 82 4 84 34 97 65 14 64 30 74 60 55 28 82 93 51 58 74 52 65 81 65 78 78 70 23 3 22 48 70 82 84 81 8 83 90 21 35 53 76 17 87 39 89 95 41 13 38 75 38 3 93 73 5 49 11 86 4 10 61 52 88 45 21 32 43 52 90 78 85 5 45 90 28 8 70 68 23 77 6 24 69 45 58 33 22 86 72 93 57 98 48 58 11 16 46 28 15 58 22 48 96 35 80 11 55 50 33 76 6 97 37 25 36 54 61 15 95 70 70 60 96 87 12 14 25 94 53 10 72 59 54 57 5 14 15 94 82 14 31 4 25 18 73 62 24 26 74 77 54 14 30 99 7 54 40 24 54 12 16 97 65 27 66 65 36 69 14 26 52 32 38 87 74 61 61 61 82 61 46 19 43 52 6 27 80 47 25 62 64 40 50 65 33 93 12 65 76 12 42 63 85 6 10 48 85 16 29 10 2 73 51 94 44 21 16 25 28 7 3 28 69 33 62 1 17 43 93 21 86 97 86 34 23 91 12 39 11 77 58 41 19 19 48 76 12 95 27 99 13 2 23 34 20 46 57 91 29 7 46 68 11 84 53 61 35 79 50 69 50 26 13 33 37 95
30 89 89 93 6 44 96 45 41 7 1 66 44 91 84 60 30 87 12 78 17 50 52 5 19 5 20 94 63 14 82 29 66 93 69 95 61 75 68 59 60 38 12 5 77 45 14 58 88 74 69 94 91 19 59 75 24 50 36 50 47 93 49 47 55 80 67 36 34 19 49 54 41 22 52 10 19 37 98 86 86 18 81 38 17 99 3 29 7 59 86 11 50 71 72 80 26 94 84 99 83 54 82 62 34 49 74 39 10 26 30 8 58 45 45 12 52 47 52 90 95 23 43 75 40 21 95 46 35 27 1 69 50 44 94 91 47 18 42 6 72 88 81 19 84 72 31 49 32 67 63 46 77 54 77 87 24 5 5 47 68 28 34 45 47 52 89 37 77 32 14 9 67 90 68 64 65 84 92 66 57 38 31 62 92 22 93 71 39 45 88 24 29 94 8 48 98 68 48 67 76 97 81 44 57 93 81 68 13 58 20 33 85 4 85 73 3 25 15 47 74 4 83 65 23 62 17 4 13 94 67 65 24 99 42 67 12 46 43 8 68 2 97 35 1 22 52 23 33 64 96 70 2 46 16 90 18 5 19 8 63 41 16 14 81 63 79 91 15 38 71 34 33 52 41 14 93 76 46 42 90 2 22 67 48 34 34 63 69 50 96 55 81 93 39 82 90 76 33 23 81 43 1 15 93 14 70 43 39 15 88 67 78 43 95 27 67 20 39 73 18 81 81 22 37 11 66 39 34 48 66 1 33 27 25 9 38 18 4 73 64 91 95 18 33 3 82 76 12 66 21 57 43 92 60 17 66 9 52 6 11 30 58 90 9 26 18 6 83 26 35 49 6 76 70 11 18 27 83 36 50 97 75 75 10 7 52 6 18 17 51 54 63 80 78 58 41 70 48 14 80 73 28 46 3 78 27 64 74 53 80 35 37 55 19 5 48 86 61 68 23 62 63 67 29 74 95 9 73 22 34 35 73 34 16 6 34 26 56 8 82 86 6 81 33 58 8 91 74 53 50 85 19 92 44 55 97 64 13 38 38 15 8 64 16 81 4 71 52 9 55 28 18 41 17 3 15 89 90 52 76 4 19 72 54 1 90 92 23 65 83 57 97 58 24 75 67 74 39 78
99 18 98 48 59 2 84 39 93 5 94 16 15 89 25 87 13 99 74 98 51 59 89 28 82 85 74 56 57 77 83 64 74 16 86 40 37 76 78 52 80 12 52 97 27 87 56 21 46 94 61 96 15 43 8 57 90 10 27 38 62 90 45 10 98 6 8 56 27 74 71 89 4 64 14 76 73 86 6 72 9 72 16 81 14 42 72 61 87 36 97 92 6 78 96 20 72 69 68 86 53 68 31 83 57 37 99 91 84 70 43 65 83 42 21 72 95 3 4 9 94 6 67 13 66 93 26 1 66 38 13 32 82 56 71 21 29 49 50 10 87 63 17 4 54 60 70 11 16 49 33 40 45 60 55 42 14 75 42 58 27 75 42 87 81 69 53 22 30 29 18 81 11 54 50 36 8 12 75 98 94 40 45 35 63 82 90 88 13 93 24 44 32 68 46 90 97 36 53 73 27 58 59 43 89 79 72 81 25 95 52 17 32 37 53 39 90 63 61 3 45 17 8 15 97 89 63 2 8 34 2 70 53 38 62 4 81 26 91 84 86 32 12 8 49 61 12 88 5 48 28 3 38 41 50 23 6 74 99 62 54 76 89 63 39 13 53 69 58 85 62 98 2 22 76 8 41 34 84 94 36 93 95 60 5 94 87 84 1 69 63 92 53 15 35 44 57 38 88 73 66 46 45 36 44 24 40 14 41 94 97 20 27 27 15 11 70 64 83 1 74 30 19 14 54 49 41 71 74 15 33 83 78 22 46 14 21 75 13 4 26 64 75 29 68 38 56 58 49 16 79 41 13 12 87 8 26 89 25 51 27 81 71 39 21 75 75 56 79 66 59 63 18 10 26 37 13 16 42 41 26 31 1 8 34 13 39 5 34 36 6 37 14 52 68 35 39 56 4 79 67 1 45 20 26 75 64 91 92 44 32 25 93 37 61 70 94 33 2 65 23 23 52 89 65 41 35 32 46 61 5 25 66 41 24 87 6 27 24 89 23 41 87 26 83 43 34 50 87 33 13 77 21 46 50 67 61 27 11 93 6 55 74 71 56 84 62 16 57 92 31 48 6 41 41 83 54 64 90 30 91 39 38 27 13 39 39 48 76 4 84 27 49 17 65 19 99 29 80 98
18 85 94 66 20 81 9 42 94 82 76 45 40 39 76 98 23 84 42 64 19 65 80 2 96 82 87 85 27 72 39 92 94 83 58 61 43 28 32 95 37 23 93 82 25 47 72 72 45 57 34 21 70 94 88 63 51 93 87 36 36 45 98 11 63 24 2 71 56 16 1 93 4 67 59 78 32 58 19 87 58 61 45 74 95 71 99 48 53 22 87 80 43 1 33 12 81 34 17 23 25 67 47 93 91 6 94 29 78 17 85 1 4 87 90 39 16 89 22 59 97 85 47 92 38 96 37 78 72 31 9 35 60 31 79 14 73 93 18 35 65 1 64 93 55 74 28 43 83 6 42 28 43 35 41 53 58 26 87 31 24 19 76 9 19 77 45 76 30 89 51 85 86 67 47 43 43 76 28 70 68 92 58 46 39 1 70 73 91 4 80 95 78 3 86 5 27 31 98 41 5 58 89 48 99 23 17 54 43 58 78 33 48 57 43 75 34 21 12 95 41 29 13 48 92 56 71 71 99 56 92 91 99 30 38 10 43 85 13 73 23 3 13 94 29 28 51 47 22 26 55 65 55 18 48 52 63 45 28 33 81 37 15 34 52 44 51 98 98 58 24 44 91 80 73 14 26 21 38 22 94 41 56 1 7 52 12 91 14 50 4 26 41 30 54 40 20 60 46 55 28 12 94 20 32 18 69 84 13 74 36 72 40 81 4 7 8 95 43 76 47 43 36 60 79 96 84 36 27 64 35 33 2 11 11 52 37 12 19 11 68 87 35 76 64 28 39 85 86 7 6 50 5 87 66 56 56 18 17 6 66 75 92 77 6 31 12 37 73 5 29 12 21 72 77 52 72 81 69 84 98 4 65 4 31 4 68 76 22 22 29 44 5 27 75 91 16 48 78 71 14 32 52 17 3 41 61 58 10 9 94 30 95 22 21 28 5 2 80 76 51 35 21 20 40 80 45 20 33 92 22 42 58 90 33 74 63 83 77 61 41 45 53 75 98 47 12 9 76 26 83 75 3 58 67 5 47 12 72 97 17 92 66 21 50 30 15 72 69 48 50 65 49 63 22 68 90 48 90 27 40 26 71 36 14 87 37 71 33 73 6 20 31 5 51 82 49 81 19 64
71 67 48 28 59 8 66 97 7 71 47 62 11 42 89 7 76 42 76 88 45 21 66 84 7 70 89 2 93 47 11 61 54 35 12 50 47 64 94 42 99 99 80 53 91 39 60 91 51 28 90 3 88 33 50 9 15 99 79 44 73 96 66 58 25 77 91 25 8 70 84 58 24 66 16 47 89 28 72 92 93 30 16 45 70 98 51 38 58 30 15 94 96 61 21 58 63 35 15 96 18 26 57 68 78 75 49 25 50 83 84 69 80 48 32 71 8 31 14 15 93 95 34 46 32 15 88 45 97 41 83 31 79 99 86 36 28 73 83 73 16 4 39 64 17 48 64 32 43 66 36 61 44 51 64 1 35 99 29 68 15 44 61 33 61 79 77 10 50 4 60 83 14 18 83 54 3 93 58 44 30 85 44 6 69 29 70 17 83 62 52 26 74 24 14 62 86 52 34 21 23 15 77 19 41 34 28 22 34 83 4 85 42 62 7 41 5 67 14 7 83 75 72 47 13 13 80 16 33 58 74 1 5 2 50 26 28 50 26 62 87 77 42 1 15 70 66 39 13 13 7 26 88 2 74 64 29 93 15 34 7 46 5 13 75 76 85 43 90 76 90 16 6 76 68 48 33 63 33 56 3 98 47 24 41 31 24 21 34 87 62 67 23 29 86 53 65 10 34 73 48 98 31 80 72 53 63 16 76 99 77 90 23 32 15 62 37 87 13 8 18 21 82 8 4 10 35 33 56 35 65 9 30 37 99 90 63 19 39 22 36 1 28 17 47 3 15 3 21 84 86 60 3 60 20 88 59 69 54 7 17 35 10 27 51 20 19 66 1 19 62 64 25 52 64 14 89 74 98 64 51 74 44 2 22 56 14 40 17 6 3 14 16 10 2 66 79 15 97 65 61 75 85 27 10 81 32 87 4 94 44 21 83 14 9 59 2 51 85 42 62 56 59 72 59 72 10 74 13 9 62 28 34 14 60 76 3 94 13 64 43 87 79 42 43 19 11 33 4 40 64 81 89 89 64 46 75 21 64 29 36 11 69 85 81 3 32 9 35 34 63 33 61 32 61 75 67 62 1 35 96 18 74 33 73 54 40 73 6 60 89 89 43 34 33 49 22 53 77 88
67 16 81 81 59 81 12 60 82 69 2 64 57 51 26 56 3 85 79 25 41 57 66 93 98 60 1 57 61 3 57 75 45 87 93 23 60 56 18 11 34 9 97 50 76 83 88 22 84 29 50 50 5 84 88 4 93 14 33 70 27 26 87 4 35 47 68 21 3 80 49 36 3 62 54 41 26 38 99 67 8 93 38 3 19 53 31 83 51 83 2 55 82 59 20 61 81 33 50 83 25 53 86 90 83 48 13 93 64 35 45 13 2 65 29 82 38 46 38 91 24 76 62 97 40 86 16 82 61 72 18 96 81 67 59 78 19 36 76 63 13 19 75 68 72 43 18 34 77 63 62 40 96 18 94 98 59 53 82 72 19 67 78 28 82 52 81 78 84 79 79 59 61 94 19 56 65 79 32 76 27 33 83 29 55 80 69 7 36 68 13 60 23 76 6 61 93 88 69 58 48 5 57 50 1 77 82 84 5 71 47 19 83 67 12 20 48 49 41 13 50 17 66 99 24 64 17 63 28 77 21 53 91 15 88 71 37 19 66 4 13 30 76 10 16 83 64 62 99 50 46 15 41 24 63 41 39 99 37 67 93 2 94 58 20 41 72 62 13 63 7 48 24 52 10 74 10 27 50 33 50 45 86 86 54 14 86 39 1 3 34 49 69 35 53 15 65 14 60 73 26 13 91 99 22 10 1 38 37 36 39 94 79 75 9 82 31 13 69 58 28 9 91 9 98 30 73 1 45 16 15 30 16 50 43 48 97 19 11 92 49 51 72 10 39 58 10 6 38 13 13 86 48 88 89 13 19 70 89 41 84 49 38 7 24 61 19 49 37 16 70 66 85 66 18 60 87 70 38 67 30 71 49 9 43 84 78 5 35 65 79 35 86 72 61 41 5 2 75 37 67 91 27 82 62 42 81 3 13 69 5 7 43 58 8 2 60 50 6 73 7 68 48 97 3 22 24 16 74 3 30 3 82 99 74 60 54 11 5 33 41 98 26 25 63 37 63 37 77 41 20 66 94 95 40 21 57 30 25 52 5 1 42 25 2 79 62 34 94 69 66 64 27 24 41 77 46 55 40 88 30 9 41 48 59 14 78 40 91 95 41 20 90 43 11 73 46 84 90 25
67 35 74 44 82 69 97 26 56 50 85 49 28 10 13 81 29 29 70 91 64 78 61 2 94 84 40 15 35 56 45 42 57 90 58 16 35 84 95 86 31 70 46 59 64 82 6 66 93 12 63 50 81 3 36 86 27 88 85 61 81 1 88 36 29 72 48 7 96 73 15 27 28 44 93 89 11 3 58 95 38 37 84 44 51 99 6 22 50 53 15 20 42 94 43 20 76 92 78 29 24 29 82 72 87 35 56 45 14 6 59 91 69 44 46 31 17 10 21 22 55 86 56 43 80 92 12 57 84 13 39 11 93 11 62 39 51 9 37 29 65 98 91 62 16 10 99 92 23 62 36 64 28 93 87 48 38 6 32 86 97 10 92 59 51 32 13 61 12 73 17 83 41 87 71 28 82 16 53 70 45 44 72 12 71 59 94 95 96 3 32 52 5 61 3 26 92 10 9 18 81 33 83 41 6 11 31 51 67 26 97 53 79 4 53 57 10 7 15 82 99 24 4 39 2 44 1 30 58 19 67 97 66 42 5 91 33 85 95 36 59 14 4 16 15 70 51 61 42 60 88 31 65 79 49 55 15 25 72 1 99 48 60 73 23 92 40 10 88 44 19 97 6 14 11 67 84 57 81 55 85 55 18 50 87 93 32 96 48 76 6 17 60 43 48 58 32 86 11 15 13 84 86 94 73 3 61 46 35 36 74 82 58 55 5 65 89 4 33 96 20 79 64 79 82 13 76 36 82 47 19 3 18 65 58 76 14 62 4 48 55 97 22 2 1 76 90 53 2 41 88 45 41 50 58 70 96 39 90 14 90 1 29 73 15 38 62 81 71 86 26 79 5 7 55 78 29 92 88 96 80 51 93 65 62 57 72 73 36 6 98 1 97 32 36 28 8 20 4 71 12 90 16 98 41 73 25 7 48 37 74 89 30 94 82 40 15 42 31 79 6 31 83 57 87 12 97 82 23 10 11 4 26 75 2 18 65 67 47 31 15 2 63 20 27 47 59 52 53 6 42 76 66 50 30 76 34 3 72 2 46 90 97 72 36 90 17 4 64 53 64 39 22 28 53 22 38 9 30 46 90 10 79 52 68 7 21 73 44 2 89 28 23 73 42 81 77 89 97 91
