10 20 1834 0.60
17 68 82 80 13 80 30 21 25 67 43 33 93 64 14 4 78 72 4 67
70 69 2 59 83 57 82 33 46 3 71 49 77 85 59 76 35 46 76 3
65 96 77 59 70 57 32 98 3 50 66 55 84 76 70 86 19 21 86 50
32 45 98 31 64 31 77 22 60 87 1 95 96 11 73 95 58 25 95 87
93 5 10 30 88 79 10 77 43 30 39 81 34 14 11 7 48 14 7 30
88 39 34 53 19 26 95 36 79 9 72 48 29 99 57 72 93 42 72 9
94 62 74 93 79 98 30 45 77 43 48 25 14 88 98 46 39 17 46 43
75 54 80 90 92 77 36 96 67 25 38 20 98 35 15 67 55 3 67 25
61 73 97 65 97 3 31 26 21 29 96 44 51 27 56 61 24 75 61 29
66 90 48 64 38 36 72 81 63 85 69 18 67 44 81 27 31 82 27 85
