20 500 29563 140.21
42 40 48 50 54 94 9 20 20 90 63 64 93 45 71 41 44 49 45 88 37 99 58 20 47 93 60 47 67 60 41 88 6 55 11 6 88 50 55 32 95 22 84 88 22 63 38 47 73 38 97 1 44 26 81 65 30 63 57 28 69 73 93 90 42 70 73 39 11 56 34 15 87 84 19 84 53 80 18 37 40 65 98 98 92 22 74 24 75 13 29 93 33 80 70 59 54 50 88 93 9 45 87 34 12 38 88 32 94 28 42 4 96 22 34 60 76 68 17 11 1 83 49 59 24 69 33 30 50 9 62 27 39 72 40 35 54 53 37 90 14 4 77 34 77 53 62 86 9 13 40 8 28 15 91 66 82 53 21 86 24 7 49 79 9 63 45 12 69 86 96 49 18 29 90 93 48 58 13 12 51 70 98 11 41 22 26 96 64 89 68 15 8 11 84 10 12 92 5 79 9 65 50 65 86 71 63 61 5 96 30 26 68 46 72 33 18 12 35 53 33 11 41 12 4 27 13 55 14 5 76 15 93 97 78 45 66 4 34 19 97 77 20 99 87 29 69 58 27 83 22 61 68 41 17 21 58 38 33 41 6 51 14 85 88 44 60 10 59 36 63 77 76 53 37 65 59 11 37 54 10 14 26 77 80 74 39 6 13 37 55 77 74 25 38 46 43 44 52 22 55 65 82 43 40 49 68 76 51 73 69 14 12 42 64 17 68 8 17 77 14 36 61 95 53 94 72 33 85 95 12 74 81 89 58 78 5 53 80 6 65 95 35 92 26 31 22 22 85 55 70 45 82 16 78 27 73 83 3 41 34 16 99 40 20 9 29 54 97 22 44 3 77 37 20 95 94 35 78 33 27 47 28 81 65 81 23 72 30 36 48 93 6 71 8 44 58 55 99 36 90 17 92 88 26 29 45 93 16 97 24 32 3 93 70 66 5 52 19 59 97 5 97 92 8 16 92 61 39 19 11 31 66 79 56 83 81 50 69 3 84 70 57 5 84 86 20 68 39 33 50 50 17 92 89 86 1 73 55 81 15 20 3 30 32 48 69 77 76 69 86 53 38 83 67 74 72 95 58 11 35 35 8 74 84 10 74 2 70 28 8 22 77 18 83 5 57 16 11 88
58 48 26 89 74 84 97 24 97 92 90 33 79 41 86 48 79 47 90 70 60 6 5 14 15 80 85 64 4 87 49 80 16 29 98 92 15 75 23 42 34 94 78 6 75 94 63 79 12 56 64 17 27 59 50 96 69 57 99 26 63 60 15 33 18 16 12 36 33 9 49 36 58 86 57 91 25 70 90 92 46 13 15 7 26 17 34 82 29 33 52 98 38 36 23 54 70 1 56 56 49 44 80 75 65 91 72 64 80 18 55 71 67 96 26 65 83 68 10 95 74 28 26 71 61 46 76 46 87 31 1 41 10 39 82 24 27 33 59 87 42 98 50 74 58 82 4 34 7 69 81 61 81 18 88 46 74 48 13 16 41 43 43 5 58 27 73 51 80 59 25 77 53 92 88 45 5 7 38 19 32 81 49 37 51 81 83 86 51 97 33 98 42 55 81 84 29 48 38 60 58 6 69 56 26 11 99 36 26 61 24 19 94 51 15 96 81 22 3 40 51 41 88 48 6 53 90 80 33 41 55 14 77 34 58 63 95 8 43 7 20 35 33 51 69 6 30 2 93 2 39 12 58 74 46 4 19 30 15 93 77 29 9 55 79 70 62 30 85 29 1 28 68 45 86 51 27 89 4 83 8 24 15 22 90 16 99 20 13 86 66 17 15 93 31 13 9 8 93 12 18 5 44 85 1 41 32 20 90 74 35 54 30 60 69 4 41 13 4 72 38 57 48 98 89 96 70 85 65 31 98 58 28 23 2 11 59 82 72 29 20 90 58 28 28 93 5 26 64 10 65 84 87 22 56 72 67 39 97 28 24 59 74 21 99 26 87 51 13 88 90 91 18 61 25 11 21 2 87 42 23 33 8 13 73 63 16 34 18 99 85 1 18 27 43 3 27 35 40 9 24 96 15 79 27 3 74 84 29 3 5 95 47 29 21 58 28 33 54 96 41 30 27 63 20 83 38 70 8 40 25 16 10 92 17 60 34 78 40 63 31 4 92 56 34 55 20 75 96 65 58 10 26 23 19 14 42 2 65 75 46 23 17 39 61 70 37 47 42 70 80 95 37 23 13 11 60 53 36 81 43 71 70 78 80 83 9 81 11 24 67 69 22 32 93 70 7 84 47 70
80 52 98 90 76 61 16 91 42 88 27 87 93 92 80 28 88 21 74 26 49 30 74 88 71 98 96 30 55 22 58 64 65 24 97 14 6 60 62 94 40 46 49 48 8 56 73 95 4 37 4 83 72 16 65 3 72 66 85 72 11 43 18 94 69 10 19 86 70 9 39 40 61 86 56 93 59 26 99 18 81 89 74 67 98 77 44 18 40 89 63 21 64 94 13 71 37 12 50 77 78 71 18 18 57 57 31 8 91 86 50 86 21 2 80 73 49 19 87 16 63 25 94 52 6 93 60 94 60 67 26 53 95 10 53 32 77 65 53 27 86 16 57 15 86 50 47 52 78 85 28 93 18 47 59 22 72 12 8 66 60 39 20 74 48 70 5 71 76 47 93 5 57 93 15 26 69 84 39 44 71 53 27 16 59 68 42 86 27 51 83 59 88 58 30 33 89 83 73 23 82 90 75 33 38 30 63 40 95 25 42 37 2 1 16 34 85 3 85 83 26 74 15 11 31 61 89 25 52 36 21 84 81 39 91 61 41 39 6 82 59 3 40 87 5 62 23 17 44 72 97 3 35 99 7 77 72 72 46 26 12 98 8 53 31 2 87 8 90 39 19 45 45 39 22 74 81 90 31 16 85 10 11 11 22 70 68 13 5 78 38 5 77 25 26 34 97 57 95 16 10 97 57 48 21 7 24 39 24 52 81 8 51 61 20 92 72 25 35 45 60 24 73 51 94 34 30 9 37 80 53 87 62 44 17 34 44 91 50 71 81 27 39 31 83 23 33 19 62 95 45 6 94 41 90 61 92 35 83 87 92 17 50 69 13 95 96 65 51 83 44 20 89 57 56 81 96 81 98 35 14 27 81 93 38 34 59 14 84 7 18 19 95 92 23 79 59 51 21 70 86 69 43 23 25 11 69 69 38 14 10 77 97 25 60 59 96 34 49 85 85 77 12 46 3 13 15 49 51 29 47 82 86 11 30 56 86 3 72 43 30 7 69 30 81 74 53 63 19 23 22 70 72 14 31 57 35 79 98 44 63 99 65 64 8 49 61 42 39 2 46 23 60 45 83 91 25 16 83 80 23 60 18 1 89 15 10 75 66 64 32 28 69 12 38 25 55 94 88 26
71 69 34 98 18 79 55 99 13 75 59 91 85 78 26 77 85 60 50 15 97 81 60 55 16 67 38 88 89 31 71 88 86 13 60 77 56 81 67 66 62 34 36 38 71 13 92 56 59 30 9 53 64 91 37 73 30 3 98 75 80 52 14 42 42 19 27 60 29 62 84 17 66 35 74 57 51 98 35 74 66 16 3 85 40 13 44 1 10 13 67 44 42 15 57 63 9 91 85 82 74 53 1 27 75 5 79 91 34 30 89 29 16 20 31 56 14 59 9 26 4 27 72 96 49 38 70 6 50 86 55 11 31 41 39 69 33 69 21 45 57 22 69 5 35 3 14 46 11 59 35 52 87 1 45 6 83 55 21 98 91 8 78 37 45 47 33 45 46 65 56 88 7 83 23 11 8 56 37 80 71 49 28 81 26 34 79 75 87 16 36 96 36 2 12 37 20 37 14 32 36 93 4 11 58 66 46 28 11 20 17 57 75 2 35 50 10 90 53 65 32 27 67 81 87 27 31 10 43 20 44 99 95 77 17 31 73 3 99 5 69 14 14 65 61 7 15 66 27 56 14 81 41 70 96 46 75 51 33 86 30 66 65 43 46 35 72 52 50 95 69 98 43 47 65 43 66 63 33 97 44 34 12 95 41 54 49 30 63 16 69 30 51 49 44 49 1 34 37 15 62 46 51 8 6 41 80 78 91 72 60 53 70 14 26 37 84 38 87 59 10 47 85 80 56 99 68 67 27 32 81 40 41 12 66 14 5 58 21 59 73 5 17 71 53 52 57 80 21 94 1 97 58 79 68 65 61 79 48 95 73 19 23 90 9 13 54 49 90 93 12 28 37 37 2 24 74 39 66 42 39 10 62 47 15 54 26 78 65 33 41 26 36 37 2 84 39 24 66 70 12 91 59 3 97 45 14 84 54 69 37 62 56 84 42 1 7 46 12 49 55 61 22 5 48 43 25 60 38 82 31 48 45 60 95 93 57 7 69 16 75 27 46 2 32 59 54 28 37 82 77 23 28 41 97 84 23 22 39 10 87 56 22 83 51 6 38 91 6 73 79 5 45 36 25 52 79 43 63 58 33 68 81 46 61 1 14 88 78 85 20 66 17 34 92 73 60 10 62 15
73 84 87 49 43 80 66 34 51 3 3 15 84 6 90 53 93 68 63 12 90 60 33 52 65 36 97 55 32 47 45 54 91 4 16 14 94 74 18 16 97 54 44 64 92 23 44 33 41 92 81 33 4 79 71 2 63 43 80 89 68 69 62 73 9 38 63 3 79 42 47 72 34 45 12 30 73 32 66 85 54 47 89 41 81 13 56 92 79 51 59 79 66 28 47 18 94 9 43 49 32 3 17 92 63 88 38 81 65 80 54 68 65 75 96 19 24 83 24 66 89 13 79 2 76 26 8 89 34 15 14 53 37 10 66 32 33 58 90 1 64 57 30 37 43 49 64 1 33 51 19 49 70 45 14 97 4 55 46 53 96 80 6 84 7 35 74 54 7 28 10 1 26 31 50 41 32 50 59 9 39 36 64 45 83 99 91 15 16 95 81 55 9 91 60 66 19 74 14 17 96 13 39 66 31 79 71 19 62 95 77 57 76 12 17 25 64 89 76 23 46 50 76 98 25 78 69 97 41 85 92 61 28 7 69 2 82 49 75 17 61 70 2 66 27 8 20 29 45 88 70 31 86 79 82 33 68 11 44 99 2 39 44 78 84 2 30 13 67 92 6 73 16 75 11 40 34 31 14 97 13 87 54 89 35 80 20 83 63 28 29 68 27 96 96 69 71 23 34 71 7 79 68 2 23 26 1 72 42 79 47 22 51 39 73 70 79 72 3 20 82 4 97 66 65 9 55 94 40 65 64 16 54 15 29 47 94 27 11 10 58 14 9 15 90 6 83 58 86 90 15 27 68 99 46 71 80 40 55 61 88 47 19 63 63 13 53 40 26 95 86 23 23 21 63 93 12 80 70 69 70 81 46 5 34 36 71 32 4 27 93 31 37 39 91 23 84 20 14 18 34 28 43 82 84 16 58 74 11 98 69 77 97 43 66 21 30 65 68 28 62 94 96 38 54 66 23 56 49 50 96 27 37 43 24 38 28 4 99 87 43 8 90 70 72 89 57 32 6 93 53 14 17 81 88 3 8 14 13 13 79 55 90 43 84 99 2 53 92 51 95 72 62 18 92 24 82 20 75 49 52 23 74 33 76 61 49 82 9 3 44 38 47 10 96 32 99 76 69 12
88 75 39 20 76 84 79 26 68 57 84 81 77 95 49 79 60 66 71 95 31 22 56 94 21 94 70 69 88 12 98 27 23 98 62 97 67 37 26 24 82 82 55 54 59 44 61 23 83 62 79 51 1 47 95 49 42 58 44 75 69 56 96 88 94 2 13 97 91 85 38 85 76 92 94 53 14 54 2 68 83 19 39 50 98 84 25 97 92 18 30 14 86 98 90 88 90 26 87 65 24 95 37 84 10 73 57 53 13 76 32 1 96 41 27 51 5 89 61 83 38 32 12 75 35 64 16 8 34 26 18 34 76 3 30 10 76 78 4 69 38 9 22 15 84 80 65 52 34 42 21 21 34 54 12 79 32 97 29 99 8 79 45 26 41 76 94 25 64 78 8 97 73 7 52 65 60 20 64 70 40 95 13 81 46 27 77 79 93 14 27 92 61 62 22 73 99 9 45 69 80 63 70 96 57 91 87 73 92 42 15 43 53 33 24 78 79 7 74 98 13 11 6 78 33 55 29 12 71 44 28 22 55 89 73 9 75 83 69 27 74 49 94 2 21 51 29 71 52 52 26 26 63 20 10 92 78 33 10 79 46 2 34 19 84 2 7 34 1 21 93 63 23 30 75 1 55 19 3 59 73 22 70 72 91 75 33 85 77 86 93 40 44 11 36 72 97 83 82 9 75 24 14 11 66 59 41 4 53 11 88 60 85 18 28 59 39 27 43 39 89 89 81 30 60 89 73 75 99 19 31 40 77 17 71 89 19 72 95 69 43 62 79 31 1 49 60 2 83 49 7 89 18 77 46 28 15 61 51 50 3 73 61 14 88 36 32 65 86 62 12 75 77 83 1 62 99 70 81 3 17 39 1 57 25 82 7 70 55 80 21 17 62 20 39 10 42 36 20 2 26 84 61 48 19 27 71 56 31 30 71 76 56 43 67 50 18 26 51 72 23 9 38 41 93 37 1 95 42 47 5 63 63 79 9 58 99 20 54 18 74 6 74 56 84 64 32 11 6 77 17 7 89 65 29 47 74 99 50 62 94 56 57 52 69 39 80 19 95 92 60 40 98 54 68 20 40 1 73 48 48 92 24 46 59 5 66 63 66 31 36 87 18 12 80 32 82 65 25 95
93 25 36 80 87 54 94 40 63 40 72 73 62 24 20 8 56 63 72 49 50 26 83 78 68 17 58 89 84 39 14 92 12 89 5 40 83 70 6 80 10 53 48 75 75 77 54 87 7 90 85 93 24 52 30 96 76 99 61 45 4 56 60 40 34 43 86 54 19 81 28 64 36 55 56 21 89 83 59 14 53 50 74 70 6 83 19 42 26 74 22 63 84 94 20 86 17 39 72 14 70 9 8 89 93 79 39 23 84 50 51 56 35 52 47 16 17 17 63 7 96 86 93 48 11 9 73 18 86 50 24 74 97 51 9 73 98 31 80 59 29 2 29 91 46 40 60 82 58 27 20 80 32 24 15 63 5 48 29 47 42 18 64 49 29 65 98 28 20 15 86 27 63 91 75 23 1 27 30 97 52 5 46 9 96 19 12 54 94 52 5 17 59 14 37 6 31 89 88 26 78 6 31 47 63 93 21 55 31 90 62 69 48 39 56 33 63 8 46 48 20 24 25 86 85 67 53 41 43 15 56 23 39 69 71 41 22 3 5 33 28 84 9 27 5 89 21 69 46 89 94 79 91 75 95 34 9 36 98 3 13 47 21 84 97 41 67 14 64 44 81 26 95 38 47 42 77 58 61 8 26 19 57 23 67 40 35 36 56 42 10 10 49 45 7 62 14 99 67 98 40 54 11 47 76 63 83 19 33 20 48 19 38 15 19 90 37 6 54 71 68 19 89 26 75 72 41 23 50 63 7 4 73 4 69 77 93 41 86 46 24 87 6 19 59 54 61 18 73 70 20 85 32 71 96 30 90 99 25 75 56 62 62 14 66 82 35 83 73 79 19 34 57 72 72 52 20 18 78 34 40 4 17 63 29 91 98 97 15 61 37 44 83 94 19 60 71 9 21 29 63 34 50 25 74 21 74 32 10 27 6 93 93 4 98 70 71 53 99 96 55 83 13 49 94 91 76 32 20 55 20 25 37 74 69 54 5 49 71 73 62 60 60 90 73 72 5 70 18 77 46 71 26 35 1 47 63 40 3 12 7 74 14 99 90 96 97 46 93 50 94 97 74 78 27 72 87 77 34 32 32 60 37 31 37 85 24 22 90 95 44 76 29 34 33 61 98 29 91 49
62 10 46 36 80 69 48 53 96 77 73 38 8 93 74 52 24 83 22 93 11 61 94 87 78 74 70 30 53 93 10 82 94 81 75 52 4 25 73 94 55 83 5 78 87 60 70 97 73 18 29 93 64 4 62 21 49 58 69 19 68 77 53 25 87 75 52 5 7 47 35 48 8 2 49 70 54 71 61 58 72 96 29 28 75 59 74 96 68 96 14 44 4 68 89 38 54 21 33 75 45 76 71 12 81 33 6 96 7 95 19 75 36 34 49 91 51 59 39 1 8 66 32 34 63 63 62 60 69 78 74 89 84 41 82 38 7 11 58 97 4 89 49 4 34 5 51 25 7 53 82 10 60 84 9 41 80 13 93 47 64 6 2 84 23 2 29 98 17 9 34 23 98 27 72 49 69 91 99 50 93 74 25 32 1 13 65 61 91 2 76 17 55 19 70 65 28 31 51 36 16 38 42 29 20 74 81 50 56 20 56 19 52 53 51 43 88 52 99 71 79 47 31 23 51 88 97 61 12 68 51 39 68 46 69 58 61 64 62 46 55 98 3 83 81 87 53 2 23 32 25 38 19 40 2 94 94 20 24 90 91 52 13 25 54 5 9 12 68 67 52 45 27 79 37 8 15 9 94 62 22 12 48 1 53 67 84 45 60 95 89 41 22 36 12 11 63 6 77 76 91 95 43 93 62 4 50 77 50 79 68 31 18 1 64 6 85 68 89 35 71 17 45 87 89 78 52 38 57 7 85 63 49 71 2 8 67 79 18 8 16 40 49 2 39 9 71 59 64 75 38 34 18 65 33 56 86 98 58 30 3 11 25 13 91 54 33 33 65 22 49 31 99 69 45 62 11 37 78 60 60 58 84 36 6 69 39 84 2 45 3 1 18 20 59 49 9 57 10 44 24 68 40 79 39 94 19 89 65 26 91 72 69 61 23 98 69 42 48 22 77 34 50 41 7 86 62 88 27 71 53 23 20 38 45 35 58 63 62 77 36 90 75 2 99 12 33 93 18 99 73 15 43 94 64 15 48 59 35 37 59 60 15 83 62 6 32 4 92 57 73 40 33 17 2 11 69 49 12 13 77 54 42 52 25 3 63 10 63 30 67 89 93 69 92 12 35 95 18 93
83 73 17 64 67 81 95 98 45 17 66 93 22 58 29 46 52 38 69 91 81 36 98 45 60 36 26 21 79 93 89 96 52 21 97 51 31 73 83 35 55 85 66 91 23 68 61 98 73 26 83 1 63 33 28 94 16 15 63 61 80 85 72 54 99 54 95 70 75 27 63 8 90 39 63 49 46 88 7 92 80 26 41 89 3 50 85 44 58 39 52 94 3 10 93 22 3 78 38 46 58 70 26 92 99 51 92 31 14 84 3 52 20 69 17 84 62 90 98 54 17 95 63 22 75 25 53 18 99 13 2 67 14 56 84 10 64 42 43 13 93 69 22 64 31 69 90 9 39 91 99 36 32 99 15 39 89 48 15 1 40 43 76 14 48 30 88 47 8 28 31 52 25 40 87 11 57 87 96 80 18 10 3 55 71 37 57 38 31 17 74 87 43 9 81 91 82 20 6 37 39 10 10 85 33 94 1 44 36 42 73 84 34 63 5 58 9 28 85 1 46 29 72 74 42 60 61 84 6 22 68 16 69 70 58 55 78 43 35 80 83 45 60 93 23 18 51 24 27 83 85 74 17 59 53 4 79 35 45 41 99 16 15 40 69 9 69 36 93 22 54 29 62 48 81 69 86 91 4 86 20 97 37 19 35 42 80 21 31 9 3 66 94 66 84 96 59 11 82 57 17 23 9 71 82 93 53 21 24 5 70 53 50 18 45 21 62 78 39 84 85 24 82 80 99 23 38 55 38 64 25 96 5 76 24 51 36 42 96 84 9 90 12 51 39 2 50 10 70 5 23 59 43 74 28 57 29 12 21 91 48 27 6 39 57 61 66 85 59 31 69 99 32 32 65 11 60 62 30 64 49 53 49 50 59 83 7 75 94 14 15 19 8 40 52 4 72 47 80 37 13 36 69 96 92 89 87 30 91 86 4 70 56 28 14 91 98 57 23 65 57 56 92 44 92 82 9 21 84 93 28 65 20 70 57 82 94 82 35 19 1 88 63 88 4 82 28 66 68 11 92 15 99 19 62 52 1 16 70 88 56 97 84 5 27 97 42 23 18 36 90 19 28 15 36 62 89 27 61 50 46 9 5 65 63 12 66 30 16 59 92 97 63 9 49 67 53 21 4 91
43 46 90 72 75 94 71 88 64 72 33 41 91 52 88 55 72 67 99 19 76 58 40 49 45 76 76 77 62 88 49 69 93 72 47 82 81 40 46 18 60 87 46 84 55 33 45 87 20 23 29 28 98 85 2 63 30 33 18 91 47 76 14 30 75 87 41 7 74 36 67 67 83 48 18 89 84 64 31 7 66 49 53 23 48 26 72 71 35 4 53 59 57 58 93 48 23 33 76 94 71 14 91 78 97 6 71 22 40 11 99 39 25 38 48 77 47 18 31 75 29 79 94 90 77 47 46 33 79 68 6 39 18 36 8 62 54 15 18 19 24 44 14 26 15 82 57 91 35 78 32 85 97 83 98 3 13 57 69 75 56 68 73 65 32 21 14 37 29 14 80 95 30 27 20 34 68 10 23 51 12 13 27 49 21 24 74 84 65 99 88 94 25 51 75 83 70 87 82 35 42 36 18 3 45 60 19 77 15 91 73 44 63 68 62 81 11 6 69 11 5 60 3 3 4 45 66 84 68 11 38 70 82 75 4 36 50 63 62 85 68 98 21 68 13 77 11 9 30 96 91 43 93 10 22 25 76 93 9 35 74 43 60 52 48 69 66 64 17 17 37 17 97 33 26 45 42 29 40 69 59 84 38 31 98 16 24 42 29 71 49 22 93 69 54 58 28 18 66 11 34 12 46 78 51 63 22 61 85 6 72 10 90 38 68 97 25 66 96 79 66 22 53 61 31 55 9 20 67 39 65 35 52 90 9 10 30 10 54 88 77 67 41 55 31 76 58 57 81 39 15 60 28 14 48 42 51 7 58 15 82 16 48 3 16 41 11 59 17 55 1 6 27 59 16 58 54 33 53 11 2 63 70 23 11 6 73 96 56 41 63 58 15 68 18 61 82 5 28 43 12 34 8 77 89 79 75 71 96 23 8 1 8 3 12 82 67 39 98 80 20 54 57 66 53 7 52 32 27 97 8 23 90 83 5 14 97 62 72 76 61 25 56 38 59 46 93 86 22 13 50 40 71 56 23 12 46 92 46 67 8 22 32 13 36 82 52 36 90 35 70 38 85 99 97 21 41 50 50 7 2 14 70 8 40 99 19 17 46 93 99 34 58 5 9 61 91 34 72 19
52 98 51 77 97 89 11 91 27 84 68 54 79 11 74 67 75 83 41 70 80 19 86 72 83 69 26 70 76 54 10 34 36 69 65 17 68 36 55 87 2 7 43 64 74 73 91 5 55 42 61 49 52 63 61 29 87 79 43 78 67 88 92 45 14 76 16 14 48 5 63 67 42 16 34 82 91 13 58 26 16 67 97 76 11 43 18 58 29 89 39 45 3 20 91 64 53 54 13 17 49 79 80 76 61 89 54 97 88 51 51 16 72 29 97 23 94 67 86 91 23 45 62 97 49 65 43 7 52 89 91 31 63 94 93 86 34 10 22 83 73 11 65 90 56 57 98 54 10 4 80 28 1 46 57 37 28 25 31 16 48 21 71 78 23 78 7 3 48 64 15 93 34 75 57 34 6 59 2 86 29 71 47 47 96 53 38 70 78 61 41 33 89 66 9 12 19 97 68 29 33 44 34 41 55 99 68 46 51 83 50 35 34 66 96 3 71 1 27 28 40 66 48 15 35 24 33 90 35 97 1 5 39 78 48 28 70 28 59 1 7 51 41 33 30 12 11 39 19 76 37 26 70 32 6 89 6 24 27 43 57 36 89 68 63 93 83 96 22 29 44 79 7 35 21 15 63 74 51 64 20 66 23 37 60 96 50 22 50 84 70 85 67 65 88 61 18 92 32 10 2 84 15 78 83 93 75 88 75 49 1 66 51 84 97 67 74 96 58 27 36 53 15 49 58 66 48 74 25 14 85 23 19 80 39 86 33 93 64 39 80 57 56 77 8 19 65 85 33 10 14 5 30 22 36 20 10 30 87 3 35 92 26 99 62 99 57 80 11 63 65 30 86 94 33 36 47 32 35 81 9 80 40 18 58 97 33 59 84 46 88 29 95 72 92 29 73 99 61 59 23 28 86 55 7 77 78 44 80 96 78 77 31 12 38 56 62 45 27 4 25 8 45 77 19 98 31 30 92 15 71 43 56 55 46 69 84 49 45 64 95 76 73 52 72 75 14 37 97 16 37 67 24 95 12 44 19 37 73 39 61 45 25 61 60 41 82 30 68 40 43 47 95 46 58 12 30 43 82 73 68 55 79 86 38 30 52 51 21 95 71 73 52 40 36 1 99 19 65 70
72 86 96 67 59 99 24 79 97 6 94 38 44 46 38 59 38 4 90 92 81 50 98 46 58 50 76 9 66 85 83 93 49 93 1 45 47 73 95 58 82 52 78 63 45 40 56 70 3 89 84 86 95 25 81 60 12 76 5 14 98 67 53 58 28 47 96 20 13 99 18 88 84 45 74 14 82 36 88 56 88 15 94 79 61 98 65 51 34 92 18 20 68 92 26 31 49 48 27 92 34 68 70 71 36 9 18 27 61 52 93 68 40 46 37 48 62 29 28 68 64 13 21 18 76 93 22 85 2 66 20 22 87 77 95 91 46 63 87 39 50 74 55 67 74 58 93 45 60 67 81 74 25 62 91 55 46 38 69 13 16 9 23 98 51 60 61 37 55 7 96 50 52 31 32 90 94 20 10 99 34 88 7 32 44 57 32 70 49 23 72 2 8 5 69 98 89 22 50 42 36 14 26 97 52 13 98 6 80 58 63 30 46 70 22 53 54 73 13 93 10 84 62 30 50 27 37 52 93 49 9 36 27 90 76 6 71 37 20 99 43 90 12 84 93 29 77 4 52 71 15 27 96 29 86 85 68 55 7 58 9 35 54 16 97 30 25 62 13 14 15 54 98 20 3 56 5 7 54 1 84 19 98 66 25 51 3 84 11 37 54 59 12 54 23 78 91 80 82 16 54 40 15 88 18 29 3 63 15 94 17 35 84 94 47 8 4 28 8 49 99 74 68 13 59 69 45 20 48 56 49 71 87 89 4 71 89 42 38 8 83 93 59 58 29 87 54 19 77 57 20 13 76 4 95 24 65 22 32 34 1 99 17 26 36 40 87 90 57 45 63 92 47 52 34 46 14 55 88 42 15 36 83 22 19 33 23 24 60 67 86 94 81 13 21 7 82 97 6 5 52 18 89 83 29 15 1 14 61 58 11 25 13 43 90 59 57 61 70 66 41 66 90 28 12 14 14 58 53 21 66 20 87 18 26 71 38 73 71 72 6 10 53 79 54 41 37 99 74 3 56 2 56 86 75 58 23 10 66 11 54 77 66 55 94 94 84 59 99 33 58 5 48 1 8 86 98 83 84 66 78 73 36 37 70 39 88 56 80 18 71 75 77 19 49 48 82 96 25 92
62 84 98 48 21 32 2 46 61 11 47 88 21 65 25 38 24 92 15 7 44 47 16 14 68 18 39 12 80 79 75 78 24 71 43 79 20 94 72 41 21 48 4 13 37 43 82 50 94 80 7 33 20 81 77 20 28 51 4 86 50 35 68 50 36 96 24 74 28 63 8 54 49 32 61 75 53 6 60 26 59 86 34 36 79 55 19 48 61 82 97 68 57 75 37 34 46 8 14 7 86 88 79 18 28 23 28 11 80 7 30 2 79 93 19 43 45 49 58 58 55 8 58 60 87 53 69 32 87 24 58 88 61 9 66 52 18 71 51 56 92 9 23 92 12 42 56 24 82 7 83 59 62 28 84 55 16 11 85 79 87 83 57 32 28 19 1 97 12 82 56 70 53 51 62 70 34 76 17 16 36 77 1 18 80 76 72 7 36 18 91 96 32 86 8 10 66 15 68 93 23 54 19 5 34 36 73 81 40 75 34 56 38 69 6 73 44 80 97 99 41 5 70 90 42 75 29 51 38 12 93 7 70 80 82 28 4 41 94 51 63 75 96 41 20 6 89 33 20 2 54 19 10 93 2 18 74 74 55 46 70 73 29 54 14 88 53 97 90 6 7 33 35 57 7 27 16 53 4 6 3 34 64 17 89 92 57 9 22 41 32 52 84 23 96 91 72 25 63 31 2 16 84 91 22 79 86 86 71 31 96 21 64 97 42 47 89 98 66 4 95 21 4 58 80 32 82 99 99 80 12 56 43 59 33 7 47 84 31 52 36 40 61 21 54 71 34 24 47 59 26 8 92 65 14 69 60 24 7 45 1 38 93 67 25 66 63 5 40 74 63 67 47 19 22 86 23 80 13 66 7 56 89 26 56 92 80 74 80 45 47 58 25 8 10 43 32 32 96 28 99 67 82 95 34 24 10 95 68 88 64 55 45 88 26 43 14 53 87 56 16 14 90 12 11 43 23 26 18 74 11 32 39 31 15 47 28 15 56 67 80 91 9 63 99 99 97 15 47 63 41 98 38 38 70 35 77 68 26 41 78 90 22 73 82 32 33 43 44 45 28 77 35 51 43 77 16 77 35 27 78 7 11 48 26 61 47 28 89 19 1 53 56 97 65 99 65 16 70 7
31 94 99 84 46 47 99 2 54 87 37 91 19 85 45 84 91 78 33 30 41 70 23 29 7 23 4 63 33 90 81 15 38 79 36 99 40 45 26 48 76 62 12 91 37 64 21 65 66 62 49 98 65 91 82 65 5 62 41 28 59 53 51 58 42 39 57 26 72 93 44 71 51 76 56 11 64 73 93 34 40 87 53 94 37 67 92 22 92 50 19 37 90 60 6 91 44 81 20 17 3 97 58 63 9 34 72 75 52 48 88 35 29 77 80 4 81 69 7 62 93 64 99 28 63 11 70 10 95 79 81 29 8 94 94 56 37 91 39 89 73 55 89 22 32 95 56 67 24 86 19 60 68 59 11 52 15 99 28 18 50 14 45 9 95 41 94 41 31 39 80 40 25 4 21 26 89 18 16 64 92 39 95 11 97 23 88 97 67 11 86 59 22 13 53 34 60 19 3 56 85 28 87 12 7 43 88 24 76 69 63 87 46 24 10 60 17 89 36 47 39 33 33 63 49 25 78 55 48 73 64 53 76 36 94 33 3 22 76 89 81 83 78 78 33 53 25 75 36 13 64 82 5 50 27 51 38 48 10 97 30 5 70 43 90 61 4 16 4 98 62 44 50 31 86 87 79 63 53 91 78 46 49 26 1 76 87 33 12 35 89 4 55 91 33 18 88 78 18 39 34 86 31 48 53 6 8 10 83 11 19 11 38 48 30 69 29 36 4 66 54 65 32 80 2 25 63 75 72 79 92 75 2 65 75 75 16 57 36 2 7 6 62 57 77 87 21 95 39 78 60 52 5 61 27 64 52 9 42 47 24 75 84 41 5 24 49 81 35 47 40 28 23 51 8 88 42 11 71 92 9 36 11 87 10 20 46 41 91 46 5 35 23 30 92 86 15 26 26 89 49 64 20 78 54 58 24 67 59 81 15 15 76 5 28 97 96 61 8 21 76 54 82 42 36 7 81 77 4 92 31 38 44 30 79 6 3 45 99 63 25 8 79 33 45 84 90 40 1 14 47 11 99 66 99 78 12 76 5 79 32 31 97 88 75 98 62 2 30 38 6 30 92 72 29 16 5 85 11 59 53 2 82 75 45 98 70 50 47 12 77 36 83 31 96 91 13 9 60 30
19 60 72 77 98 14 74 88 99 26 80 88 54 74 85 55 63 91 79 78 31 86 73 84 68 60 82 88 49 18 95 70 94 68 77 44 69 6 80 15 9 17 43 20 32 65 14 76 21 80 7 80 34 95 44 67 94 18 64 38 8 66 83 61 36 97 79 91 95 56 77 99 54 71 9 19 97 11 15 75 16 37 15 86 20 22 63 24 32 68 94 73 80 53 64 66 92 97 85 36 50 20 49 8 40 99 5 26 48 71 33 74 25 61 64 17 77 60 89 82 80 46 57 97 45 84 64 83 2 93 52 11 74 10 69 50 46 40 40 45 82 96 20 64 89 73 60 67 80 21 99 24 57 36 53 88 88 37 63 33 37 35 52 40 27 48 99 49 17 59 91 51 77 29 10 14 87 9 42 40 48 22 38 28 23 43 61 63 28 26 9 94 16 90 22 11 94 73 74 93 9 6 3 30 64 91 75 76 92 98 95 27 89 12 47 84 2 69 29 50 3 33 73 58 24 28 48 77 84 25 17 21 68 60 41 30 35 54 12 83 70 62 52 46 70 81 26 92 56 12 97 35 12 98 50 87 22 34 6 3 69 80 4 18 7 17 90 81 73 74 48 79 74 76 70 5 5 78 69 64 21 86 40 80 64 51 74 11 26 30 26 65 65 12 54 85 10 70 12 94 70 47 36 55 1 7 46 5 65 70 45 73 29 41 1 19 31 46 94 54 95 88 75 57 40 80 65 77 48 69 11 15 20 39 92 25 75 25 94 73 50 86 79 71 8 60 15 58 70 41 41 26 39 48 15 72 77 48 31 87 31 33 91 48 31 29 7 75 15 47 69 71 51 26 27 1 11 86 90 31 92 71 68 48 59 7 88 45 20 71 19 51 94 16 73 44 81 50 73 7 1 96 88 25 62 18 1 91 31 42 81 23 28 38 42 46 31 91 21 31 28 67 73 21 64 11 85 53 9 19 54 33 53 14 77 10 29 78 91 31 8 92 38 27 22 78 55 75 29 15 46 76 16 36 95 39 27 36 97 16 27 67 95 61 7 49 2 26 51 30 52 11 30 16 70 39 49 48 3 17 38 9 16 95 37 15 21 71 32 18 5 48 10 92 53 81 25 27 40 78
37 22 81 56 72 46 81 35 92 89 90 36 92 51 32 76 47 66 80 87 39 87 93 9 76 38 41 91 31 86 73 94 62 71 49 70 55 78 43 43 80 18 68 92 65 95 18 69 90 33 94 62 72 80 65 82 86 55 56 9 96 37 15 98 46 76 99 88 20 68 73 15 24 27 86 19 17 13 80 15 50 18 79 31 34 74 33 54 63 6 69 36 95 8 21 36 97 83 28 9 76 77 60 40 57 1 26 73 5 69 97 94 68 28 39 39 89 12 41 5 61 37 53 75 49 93 61 72 70 3 83 47 97 84 46 43 70 50 10 85 93 47 53 68 27 9 33 34 2 71 24 54 92 23 25 23 98 57 52 29 23 51 49 59 5 74 95 64 69 39 97 75 19 33 6 61 32 64 68 56 83 17 83 55 48 15 77 4 32 60 53 24 64 92 88 6 53 38 6 68 23 96 43 55 35 59 94 31 2 40 3 64 92 22 13 55 41 7 15 63 88 19 2 24 18 20 10 9 12 52 24 28 42 55 45 8 40 31 84 1 24 94 57 12 78 22 51 29 88 84 27 21 37 46 13 30 31 50 83 39 54 83 1 64 46 34 58 32 78 34 3 94 72 56 4 44 7 31 15 29 53 33 65 94 7 8 60 72 77 88 84 97 56 73 99 20 84 31 10 20 49 58 29 35 95 71 86 20 3 60 71 20 40 43 67 15 15 30 96 46 2 90 19 17 21 87 91 66 53 80 35 93 3 94 29 84 49 96 37 83 9 79 43 86 13 98 20 2 90 91 2 15 24 44 66 91 70 56 86 75 56 77 24 43 68 44 68 28 50 47 65 61 80 53 95 74 48 91 73 13 45 13 1 86 42 56 1 10 2 17 26 59 15 19 56 40 21 42 35 60 35 37 86 21 40 75 55 1 35 68 7 27 19 34 84 55 24 22 98 18 12 82 58 33 4 16 80 20 54 41 48 76 69 95 51 21 27 66 15 58 91 21 42 93 65 53 13 28 64 45 89 58 88 46 25 78 39 12 41 21 58 63 50 73 84 31 23 79 37 64 53 99 43 59 22 52 79 98 22 46 30 42 69 63 44 53 17 14 59 6 5 11 83 27 46 63 89 76 12 87
67 79 22 45 42 23 97 26 73 73 43 16 77 39 34 69 35 34 48 68 25 93 40 73 99 72 69 15 31 7 87 33 27 43 72 50 69 44 37 8 62 49 85 87 83 15 61 75 82 99 82 91 90 21 75 29 33 56 56 34 4 25 83 62 74 25 52 66 74 73 39 95 56 78 22 50 7 93 22 71 4 66 88 75 94 83 43 71 95 13 6 36 26 58 73 33 93 67 10 8 40 19 95 18 64 55 35 29 18 43 23 47 66 2 57 21 24 20 31 55 64 73 61 61 11 1 20 33 5 37 96 38 26 86 68 60 3 24 65 2 69 11 81 33 32 39 57 20 77 4 36 7 35 36 16 68 45 72 90 33 72 76 34 3 86 38 91 22 78 22 75 8 97 74 21 46 62 52 91 76 24 25 79 52 52 81 41 89 82 51 42 25 85 76 75 82 85 42 22 51 80 50 50 80 59 72 33 76 37 34 44 91 36 32 93 71 11 67 91 28 92 26 61 25 55 38 31 71 9 1 82 48 63 80 41 2 76 42 68 14 21 30 38 36 90 34 26 1 19 30 23 15 34 41 56 52 87 98 80 52 57 21 74 75 12 50 11 44 43 49 48 10 28 1 80 79 33 46 41 20 91 96 41 13 80 30 17 70 99 88 13 97 54 74 18 53 58 27 7 14 58 97 91 24 39 24 66 50 63 17 86 93 22 74 3 33 71 92 56 20 20 22 76 9 26 51 97 4 12 10 52 72 23 62 1 88 65 64 48 58 18 61 29 8 37 80 89 97 79 6 2 90 21 96 67 49 44 63 4 74 78 40 36 38 75 46 48 62 11 67 47 36 56 25 83 11 42 29 9 26 53 66 13 80 26 36 18 69 79 4 84 98 20 86 19 35 91 77 64 61 10 18 76 24 23 37 63 6 9 40 18 34 47 94 74 76 39 11 8 28 50 43 20 7 60 9 41 53 87 11 88 3 63 36 64 10 55 29 58 65 39 16 9 58 70 15 26 94 53 88 81 32 52 22 82 85 1 64 31 36 63 13 18 41 11 25 71 69 51 76 56 39 12 93 17 27 41 51 2 17 25 96 45 92 45 33 40 45 41 76 34 78 83 49 4 42 37 11 95 68
83 81 58 82 51 21 95 88 63 15 75 61 90 68 76 73 34 58 41 96 98 58 16 50 41 40 69 83 28 87 48 10 77 8 27 59 84 70 79 53 50 38 80 39 93 29 15 25 81 69 75 23 72 16 37 86 77 82 78 62 7 73 64 1 96 81 25 87 85 8 91 3 98 29 83 16 14 89 27 51 89 51 34 3 25 57 64 58 1 94 91 81 60 26 26 69 12 91 13 29 39 41 17 85 24 50 49 11 32 5 28 16 30 61 17 66 28 6 26 39 46 75 20 16 24 6 2 54 3 50 99 56 76 4 99 67 53 67 62 21 30 80 49 53 80 96 35 62 64 81 62 88 4 14 68 95 45 7 29 35 78 29 68 61 99 85 54 96 58 49 50 73 36 99 78 35 95 61 11 56 22 34 67 55 58 59 25 3 80 4 30 39 4 34 3 30 43 13 25 93 1 11 91 18 98 40 94 28 46 68 87 64 6 95 21 11 62 4 69 3 53 63 92 67 21 1 73 1 10 29 53 26 71 71 75 80 97 1 2 7 4 31 71 77 36 54 66 42 2 5 5 32 8 49 8 18 98 38 89 92 37 15 9 67 42 76 35 12 64 83 44 7 32 39 80 7 49 80 32 17 88 99 11 12 46 50 27 33 2 44 34 66 26 92 12 70 6 72 11 24 83 75 30 77 9 83 61 67 47 35 28 95 17 93 87 33 52 1 72 87 61 18 93 30 20 63 99 52 46 1 45 1 78 93 42 68 57 7 4 58 55 47 75 23 24 45 57 38 72 55 46 36 26 94 28 75 13 92 42 20 40 65 4 50 37 91 70 76 94 28 71 19 32 3 89 9 60 27 35 3 37 19 97 5 34 72 44 96 82 61 57 18 98 51 50 89 14 14 37 37 6 34 80 27 59 10 38 56 13 96 68 12 66 32 91 57 4 24 3 3 55 7 81 61 20 17 30 40 70 90 28 67 26 15 85 57 72 64 11 43 15 14 24 27 68 20 14 25 97 45 67 4 23 35 67 53 74 2 3 2 31 78 92 13 2 12 26 65 13 64 57 36 53 52 46 54 20 30 15 63 34 14 96 94 59 13 40 16 21 71 17 41 51 91 45 34 92 45 47 96
94 62 72 57 53 77 46 83 97 49 55 68 35 56 89 21 94 70 33 6 53 14 80 79 95 48 5 45 74 4 34 18 51 91 52 12 30 83 52 93 75 88 70 15 29 70 43 6 68 92 19 20 32 9 3 76 77 32 43 86 53 98 55 12 69 19 53 67 65 2 64 5 5 72 71 23 60 39 75 75 80 97 9 51 29 83 13 94 78 66 84 22 83 70 91 43 8 21 70 54 19 51 28 12 29 65 23 73 70 53 53 48 88 72 93 69 35 90 83 59 24 69 23 74 7 57 25 73 56 3 68 36 19 28 81 18 54 33 24 37 54 88 1 17 56 51 72 51 92 53 46 48 51 65 15 55 45 63 36 4 33 97 67 37 71 33 9 7 57 84 77 47 90 35 50 86 86 5 60 19 7 28 91 43 52 71 80 11 25 88 81 9 34 50 57 94 44 39 67 98 76 75 96 61 4 25 14 46 58 55 27 3 47 59 48 67 19 84 49 62 34 8 26 41 84 71 31 84 20 63 26 94 12 55 5 40 17 92 49 13 9 68 17 61 64 16 7 53 41 76 48 16 96 8 98 34 1 44 12 34 70 57 79 37 96 1 97 3 57 87 98 91 14 31 49 80 10 47 1 36 7 11 11 63 66 89 37 35 13 34 54 50 72 12 53 84 55 5 78 13 76 19 90 85 15 4 15 28 91 24 78 92 82 62 14 58 77 32 45 76 8 81 45 29 12 51 35 50 47 15 28 24 63 84 53 53 93 46 10 89 86 39 47 77 28 5 58 13 19 36 69 1 41 41 37 75 57 54 60 95 49 97 7 11 9 7 54 10 83 69 54 36 45 6 15 55 37 79 49 93 1 10 86 82 40 49 71 20 43 23 12 5 59 10 95 42 89 8 37 91 74 22 83 72 13 88 2 6 40 73 76 47 75 17 17 52 5 21 24 77 30 14 9 45 4 47 15 15 84 65 56 17 77 63 53 38 13 89 31 4 37 86 5 21 62 19 4 55 75 97 84 24 65 63 57 97 60 1 58 36 69 99 59 95 69 4 77 88 68 15 12 52 83 59 57 35 91 69 49 37 38 70 6 43 96 20 73 94 68 55 98 1 47 71 52 1 19 67 57 6
41 86 18 37 35 27 75 40 15 91 72 10 65 85 76 82 35 11 46 59 28 66 1 99 61 73 34 74 21 35 52 16 75 51 62 71 19 15 69 89 58 55 86 47 12 77 10 6 68 79 70 33 86 97 43 12 73 62 5 18 89 22 49 65 57 48 82 44 73 52 42 92 86 94 77 81 46 59 68 50 71 15 19 91 36 18 29 5 84 72 32 57 38 78 80 22 62 51 34 72 49 72 32 18 21 30 48 76 82 46 43 63 39 19 22 35 23 1 45 60 11 41 7 85 44 46 37 78 63 39 46 19 29 27 29 40 36 6 27 37 4 18 98 82 84 27 11 78 66 74 58 15 40 70 21 66 40 90 12 1 88 43 7 44 58 13 87 9 86 59 54 70 39 5 23 60 39 62 69 53 89 20 7 86 8 9 77 54 13 39 74 89 43 37 64 76 9 50 65 57 62 47 11 38 54 71 17 12 88 4 86 5 64 31 66 60 20 51 67 49 25 98 15 62 24 61 87 62 94 32 32 44 55 17 61 75 53 41 98 1 75 4 50 47 38 82 74 58 25 96 54 56 63 99 75 68 70 39 85 34 57 94 56 94 53 37 83 73 25 36 12 86 96 17 76 4 86 82 39 46 9 24 59 62 47 77 31 7 17 69 46 29 48 46 61 49 54 41 5 88 47 3 55 2 81 84 27 13 20 10 44 52 20 80 47 72 18 65 82 64 24 16 35 63 56 28 63 81 73 83 40 62 19 71 58 90 19 67 51 66 98 3 27 5 68 97 58 40 99 89 14 41 81 89 15 66 19 38 14 14 72 49 71 54 21 27 27 2 70 9 21 13 64 34 79 67 30 82 41 9 68 95 38 86 7 74 85 93 34 99 54 28 71 25 66 14 13 26 6 57 67 77 35 53 6 33 25 32 8 52 46 35 93 70 1 24 44 50 24 75 31 8 49 85 16 92 27 85 90 8 80 13 1 20 97 9 92 70 88 6 25 82 25 89 45 32 3 85 4 78 10 6 76 47 53 5 48 16 72 36 61 73 47 72 97 94 5 57 56 54 42 62 96 95 84 44 74 32 97 89 90 12 7 35 83 66 8 45 14 44 34 44 84 82 29 5 23 14 83 59
