10 20 1648 0.59
21 79 35 10 93 84 55 37 55 1 49 49 80 85 79 15 65 18 64 1
86 51 44 26 54 74 58 40 58 24 3 53 94 22 55 59 65 7 83 24
89 55 41 81 13 79 16 53 16 55 60 88 23 2 59 15 11 26 17 55
1 25 71 73 55 24 16 89 16 91 12 47 58 67 94 46 43 17 3 91
95 49 71 48 15 94 48 59 48 72 75 19 86 41 88 60 27 87 94 72
51 98 72 1 31 37 69 80 69 32 31 61 57 66 1 47 34 32 38 32
96 7 38 17 63 75 94 42 94 26 70 78 80 7 65 41 47 9 10 26
85 65 97 68 38 16 62 37 62 11 20 78 9 50 38 38 64 26 62 11
10 99 49 73 61 67 7 85 7 94 88 30 62 4 10 34 21 33 70 94
84 89 19 75 90 60 55 30 55 3 9 41 65 74 8 22 83 34 17 3
