10 20 1532 0.61
43 6 51 7 47 32 31 31 36 73 94 49 58 82 45 20 75 54 19 73
18 43 62 55 41 21 52 87 1 27 3 75 58 16 83 12 67 61 18 27
23 28 19 67 31 26 77 21 81 85 39 90 4 45 86 7 52 9 85 85
92 83 3 79 43 29 38 89 66 51 1 5 37 85 3 92 8 31 44 51
96 50 11 31 12 51 4 61 7 33 63 7 58 25 15 8 54 7 27 33
36 19 77 39 71 57 40 22 82 8 86 6 39 85 8 48 82 69 24 8
25 85 58 42 86 74 50 13 55 95 44 13 39 44 73 16 79 58 24 95
82 12 64 13 70 22 29 2 77 3 19 4 43 17 6 45 74 88 40 3
46 68 74 74 15 46 88 36 67 42 55 40 68 3 55 95 13 8 67 42
66 66 30 42 32 50 13 27 29 92 67 40 79 30 8 41 18 27 19 92
