10 20 1644 0.60
1 26 35 96 5 64 54 16 35 9 39 13 19 90 4 18 86 65 17 9
24 16 14 6 93 48 87 11 14 22 73 34 78 46 16 68 10 92 12 22
6 87 57 94 2 30 33 55 57 49 13 52 61 42 20 9 33 83 32 49
27 99 33 24 18 84 87 37 33 16 14 84 22 34 13 17 87 31 87 16
60 15 58 1 90 9 40 89 58 57 5 66 61 25 16 28 38 98 90 57
51 92 1 44 73 93 5 21 1 87 77 2 23 69 17 47 32 13 93 87
88 57 40 34 21 71 40 56 40 57 65 40 78 35 48 24 40 20 29 57
63 93 98 65 81 72 50 58 98 67 31 20 69 7 89 5 68 41 61 67
97 39 44 95 89 33 7 86 44 34 58 7 34 8 12 50 18 81 6 34
70 37 84 47 32 85 49 55 84 31 59 54 83 40 25 34 27 72 31 31
