10 20 1514 0.60
28 20 13 11 99 77 36 66 35 92 47 85 5 28 29 98 34 42 77 92
3 67 86 67 1 46 39 37 39 25 80 20 29 20 22 1 74 2 85 25
97 67 63 2 17 79 46 35 27 12 51 23 83 11 73 59 35 71 18 12
62 16 46 2 19 22 58 47 14 46 63 22 27 39 35 50 69 94 72 46
5 25 64 40 2 20 36 13 85 60 60 72 72 6 39 28 33 51 67 60
66 83 22 56 76 96 46 56 26 83 70 27 15 64 66 52 28 98 44 83
95 42 89 77 57 75 14 66 35 3 39 76 9 6 90 43 47 58 56 3
75 85 85 47 89 1 23 59 62 21 33 13 22 22 65 12 34 6 1 21
55 71 6 60 97 37 65 72 3 12 5 93 10 33 47 17 41 46 90 12
70 53 54 64 5 14 30 37 51 33 9 25 91 78 27 79 1 42 14 33
