10 20 1699 0.60
84 65 73 69 64 12 69 58 31 58 46 5 23 4 7 88 65 95 46 58
49 66 13 54 43 12 52 49 45 78 29 31 98 21 2 52 66 46 63 78
49 7 56 55 9 5 94 3 82 50 60 8 18 3 15 76 7 20 75 50
36 15 98 23 38 28 10 29 58 55 72 19 33 11 26 69 15 21 38 55
52 81 1 10 2 98 84 16 27 90 55 74 19 21 21 76 81 20 10 90
6 56 57 47 79 96 22 99 9 42 3 6 29 54 75 61 56 12 49 42
5 8 41 71 16 50 15 26 82 7 85 38 20 9 25 12 8 25 50 7
94 51 33 38 85 42 68 74 9 32 93 20 15 63 17 56 51 28 70 32
89 55 71 68 89 83 69 41 30 76 44 79 64 96 22 64 55 77 25 76
92 81 83 53 69 8 19 24 98 74 50 58 21 21 41 50 81 43 20 74
