10 20 1699 0.61
48 33 20 28 70 9 76 82 86 71 12 38 22 29 93 97 69 9 19 71
36 5 23 21 74 91 4 44 71 13 27 36 15 21 46 25 38 91 54 13
20 83 98 75 5 96 24 38 7 80 17 72 78 27 73 80 15 96 78 80
80 84 30 49 47 73 74 86 17 53 10 24 5 69 10 11 58 73 88 53
98 95 2 2 63 37 19 16 51 9 89 1 38 17 89 94 95 37 94 9
89 52 55 76 61 28 46 97 52 21 49 11 4 87 5 82 42 28 58 21
72 17 95 93 39 32 27 69 3 34 47 60 70 60 58 71 26 32 18 34
52 18 49 49 96 27 82 85 59 97 57 76 30 2 23 70 42 27 63 97
80 67 65 44 3 4 26 37 77 68 28 24 68 10 49 18 93 4 67 68
27 69 18 28 46 83 63 8 50 14 67 74 3 53 59 43 13 83 4 14
