10 20 1726 0.60
16 28 27 37 37 19 98 36 33 1 39 82 39 24 84 57 1 51 37 1
19 17 43 92 4 23 7 24 65 56 9 86 87 26 71 7 75 7 92 56
13 82 4 18 43 89 21 26 58 4 72 81 48 66 49 37 9 37 18 4
77 4 60 94 28 60 83 38 85 18 93 61 24 10 20 36 34 1 94 18
83 13 22 47 17 77 26 48 26 97 8 10 85 84 29 15 30 87 47 97
70 77 46 47 18 85 32 91 49 40 75 77 98 74 16 94 2 72 47 40
98 69 30 34 99 10 85 58 82 39 16 34 29 28 85 14 16 63 34 39
49 92 69 10 97 63 71 33 41 13 98 95 54 51 46 88 51 66 10 13
93 77 45 98 21 97 32 95 91 71 65 50 45 74 14 17 64 73 98 71
98 75 29 20 29 6 85 68 53 63 21 84 50 29 61 34 68 78 20 63
