10 20 1774 0.60
41 26 39 97 3 37 90 43 72 84 95 46 75 62 30 41 62 4 74 84
70 92 42 56 37 71 34 80 31 36 73 36 14 29 75 32 29 56 70 36
44 20 94 92 69 12 86 12 83 64 38 63 62 66 32 22 66 90 84 64
6 61 78 65 83 38 84 24 80 46 95 49 21 97 47 80 97 9 63 46
70 91 65 28 12 84 90 11 91 21 41 67 30 47 5 14 47 3 72 21
17 58 83 26 36 31 91 51 78 53 41 3 37 73 74 78 73 2 78 53
45 70 92 63 70 99 50 60 43 10 53 2 43 54 11 45 54 4 33 10
95 20 79 30 71 87 19 36 37 71 6 99 87 41 52 42 41 55 87 71
89 86 28 47 57 33 88 93 25 3 69 27 3 48 61 53 48 6 3 3
63 36 18 88 66 80 67 96 42 39 81 44 27 17 60 31 17 33 28 39
