20 20 2507 0.64
48 92 46 84 39 1 90 66 68 27 39 93 81 65 78 43 50 87 34 48
97 52 83 13 2 93 56 84 57 66 9 12 73 39 77 65 78 1 43 38
91 82 82 17 54 85 43 55 39 85 10 6 48 4 85 87 36 72 19 70
63 18 33 29 41 4 88 4 53 53 60 43 99 31 45 80 85 19 98 21
80 83 47 84 49 39 92 51 31 31 98 69 8 13 20 93 9 88 44 15
81 28 68 69 57 80 64 22 9 26 96 37 41 96 61 36 75 74 95 33
70 70 43 31 63 46 94 20 75 85 6 76 51 25 36 89 46 88 19 92
10 46 90 83 47 28 3 80 46 36 56 75 82 59 65 61 73 22 73 98
6 33 80 10 65 73 49 8 6 76 36 93 25 42 79 26 71 18 87 73
28 35 58 5 9 2 40 5 83 89 33 6 25 35 74 3 7 41 64 95
77 80 10 84 21 64 49 65 37 1 15 93 55 46 79 85 49 35 18 79
89 94 26 74 86 83 53 65 40 24 59 54 58 19 51 22 3 44 7 55
92 23 81 79 89 17 88 11 53 55 15 13 16 97 55 2 60 41 26 59
12 58 73 24 1 3 47 43 89 91 46 55 16 1 25 67 12 71 17 94
74 86 48 94 95 94 19 27 59 72 60 15 48 15 49 41 75 71 87 88
19 57 1 37 51 38 61 34 80 32 47 31 69 62 98 66 31 72 32 1
59 80 17 75 96 10 78 47 42 26 41 63 94 47 7 7 70 38 9 65
74 9 68 16 85 62 78 64 37 11 38 38 62 39 65 50 20 97 26 38
82 62 73 67 10 70 30 21 85 94 34 61 7 31 99 4 88 49 33 10
57 65 75 60 84 17 41 83 30 3 22 90 55 2 89 74 9 19 34 8
