20 20 2296 0.64
6 47 94 58 36 51 7 5 20 19 54 45 49 31 75 43 32 31 73 82
43 41 3 58 1 62 55 72 12 18 61 83 75 52 67 18 21 87 27 16
28 31 39 4 81 19 67 77 7 85 9 86 90 77 52 23 26 21 85 45
83 43 1 37 66 3 79 42 92 44 31 3 5 38 8 92 29 89 51 85
50 12 63 58 7 11 31 94 8 27 7 15 7 4 54 96 51 61 33 25
19 71 86 39 82 77 39 52 48 24 69 8 6 40 82 36 57 22 8 85
85 86 44 39 55 58 42 98 16 24 58 73 13 50 79 25 74 13 95 44
12 70 19 43 77 64 13 13 45 40 88 6 4 29 74 82 22 2 3 17
68 15 55 68 67 74 74 47 95 67 8 55 40 88 13 46 46 36 42 3
66 32 67 79 29 30 42 86 41 19 27 8 40 13 18 66 50 27 92 30
44 90 98 72 12 72 70 1 60 98 14 22 42 46 6 79 82 51 84 41
88 79 30 89 23 54 60 70 43 84 4 44 15 3 32 63 52 2 12 20
98 59 21 49 25 29 50 46 31 71 22 17 19 17 84 18 53 64 42 60
70 12 63 77 60 75 45 67 55 16 47 1 79 48 67 20 32 26 72 35
87 52 75 35 15 78 10 61 79 1 52 77 65 21 94 56 29 40 93 8
37 68 20 15 92 64 15 94 54 19 63 23 10 20 69 50 51 45 15 94
27 51 57 42 26 95 6 86 92 31 14 42 35 26 75 28 63 71 94 32
38 53 73 54 78 40 50 64 15 78 53 79 60 25 39 11 74 24 56 67
93 74 71 80 10 86 98 29 64 96 95 30 12 6 17 18 81 56 50 13
40 98 38 91 83 8 62 87 33 95 38 22 41 25 93 4 26 58 31 27
