20 20 2504 0.65
97 19 47 46 66 95 61 84 10 85 45 13 19 75 11 79 52 49 44 24
7 88 8 98 85 53 16 26 73 12 44 42 63 73 58 85 2 23 19 69
24 73 93 7 61 51 25 28 76 32 38 90 59 90 94 44 2 87 85 61
53 55 71 64 4 63 96 66 40 85 35 94 15 4 7 16 2 10 81 26
56 40 30 11 96 4 42 93 69 67 50 36 87 63 25 37 99 74 22 56
33 82 53 3 48 96 35 64 71 64 85 11 36 43 61 58 1 69 58 56
32 17 32 53 11 2 76 39 38 90 10 9 69 7 83 88 87 49 25 24
91 69 51 67 51 21 57 50 71 41 23 51 19 96 21 88 28 24 3 26
31 10 12 63 56 59 4 62 63 57 6 43 54 47 49 11 91 65 36 39
75 92 67 87 68 22 41 24 39 15 18 87 31 78 91 2 29 37 77 69
94 94 99 37 88 41 71 11 14 72 47 97 77 36 44 42 16 51 94 34
87 37 82 69 3 44 93 31 7 86 25 59 33 49 78 38 91 48 66 54
98 37 44 36 79 68 75 34 6 24 10 39 62 94 76 58 3 93 44 62
98 99 66 74 60 43 76 11 83 6 43 35 8 82 52 78 28 44 91 27
30 60 90 40 33 99 2 36 1 16 24 62 3 91 15 25 62 11 73 27
86 67 8 83 66 7 23 77 67 97 38 71 29 78 85 38 87 67 23 19
95 27 95 49 61 97 5 46 48 82 76 92 52 57 46 94 3 6 4 37
72 98 55 8 22 99 25 80 57 87 54 82 68 65 33 7 11 29 85 22
95 75 69 47 8 90 36 26 55 72 61 24 98 14 55 26 74 98 11 42
66 47 57 86 89 39 80 74 47 41 94 38 5 47 59 92 30 28 3 41
