20 20 2475 0.64
48 18 83 4 55 15 25 65 74 81 3 51 36 22 61 84 19 82 74 70
80 19 2 59 86 62 53 81 60 67 17 9 28 52 61 55 61 91 11 77
46 14 90 25 49 79 50 81 98 59 5 24 57 36 38 39 4 98 62 19
55 52 56 98 56 41 32 57 54 63 95 7 75 97 24 29 62 91 19 8
98 64 31 43 94 65 95 82 85 41 26 90 61 36 39 87 87 5 39 58
94 23 91 29 85 73 64 44 31 26 36 51 29 2 25 58 79 72 53 92
29 61 80 30 38 32 16 72 14 10 72 43 92 10 64 42 61 64 28 91
79 83 40 47 85 39 66 32 92 3 34 99 20 44 84 63 40 29 51 79
79 19 31 4 49 70 55 92 28 8 32 27 60 36 55 92 61 52 84 81
28 8 76 81 90 6 62 22 51 57 19 75 35 14 34 79 49 6 17 65
51 90 5 9 54 96 1 52 64 26 39 13 17 16 19 65 35 18 4 86
24 46 93 22 87 6 24 87 48 16 73 34 12 11 78 92 14 68 16 10
39 42 2 49 33 94 6 30 30 87 13 52 32 55 61 83 57 9 20 33
59 34 18 16 87 24 27 51 84 99 14 84 87 37 22 31 33 17 13 87
81 25 90 57 40 1 60 90 9 15 5 66 90 89 61 98 58 28 16 38
95 69 73 87 5 44 51 92 93 92 77 2 93 21 23 13 1 47 17 32
63 35 21 57 40 34 88 99 71 57 65 40 29 56 78 20 40 24 48 40
97 7 81 67 50 65 63 19 72 93 31 20 61 58 69 41 98 5 89 68
35 8 89 34 7 95 97 62 33 39 58 7 6 86 34 81 44 50 12 18
46 40 32 31 49 47 70 28 85 37 59 54 31 55 83 72 84 34 25 27
