20 20 2509 0.65
72 52 97 55 55 37 86 26 47 75 61 41 96 74 40 34 36 86 29 49
72 73 79 61 71 65 1 98 45 58 46 93 75 23 94 77 46 28 7 76
79 95 26 14 7 28 95 40 55 16 75 65 41 5 46 80 18 89 51 59
95 93 34 12 99 7 50 36 67 25 20 57 80 4 90 86 48 63 26 73
1 17 30 68 62 89 47 83 83 67 61 36 84 38 69 5 76 61 99 72
90 88 55 91 44 1 78 5 30 26 22 23 68 14 69 40 31 7 90 51
37 42 69 25 19 56 23 79 32 33 5 73 19 24 3 57 24 79 96 5
92 95 31 94 34 68 61 77 82 92 80 50 4 25 18 57 58 27 46 85
94 24 5 71 37 25 34 80 82 93 22 21 12 61 98 19 55 98 99 74
15 27 80 66 28 84 51 83 50 38 86 12 93 20 12 79 95 97 54 59
8 46 77 26 65 1 81 46 35 24 43 38 9 96 25 65 82 50 16 41
62 89 95 33 40 34 46 73 44 96 19 70 66 57 20 99 42 72 10 21
89 23 11 56 77 77 60 14 99 31 98 86 21 2 34 11 25 23 97 68
96 39 82 76 25 27 24 89 47 95 72 38 3 94 43 43 22 13 71 45
89 74 60 9 43 65 93 21 93 57 14 99 8 38 2 27 35 60 70 54
54 26 60 68 6 61 45 34 68 21 70 46 45 8 47 73 3 44 52 51
46 61 71 39 72 57 86 27 88 21 94 19 72 61 6 14 10 17 4 33
94 88 58 51 48 27 11 68 91 33 46 36 74 39 56 81 27 13 74 94
40 85 87 98 90 65 9 24 58 6 61 10 4 35 69 12 70 41 20 67
28 59 19 29 77 70 50 14 23 53 25 66 88 64 85 41 58 14 76 4
