20 20 2455 0.64
11 54 22 23 97 51 66 43 70 74 32 65 41 20 99 62 30 1 66 55
33 12 48 54 75 97 21 32 41 45 28 50 63 63 34 70 6 16 70 2
59 30 22 95 35 28 45 74 46 39 93 3 2 48 82 4 11 71 66 22
95 46 33 11 22 15 56 85 4 88 12 16 14 24 53 41 52 71 17 59
66 78 4 78 9 17 49 68 45 76 99 87 44 87 45 88 52 45 31 51
28 15 83 78 1 93 39 61 11 45 61 93 12 13 20 34 71 49 53 31
50 22 67 89 59 96 13 51 44 6 48 29 36 69 70 22 65 83 87 26
34 75 19 79 15 49 34 88 58 4 42 54 18 25 80 65 35 18 86 45
19 88 71 59 13 45 22 32 79 63 11 82 56 22 8 56 82 14 92 82
18 60 24 93 98 81 53 60 54 98 1 11 71 8 11 99 20 92 62 87
44 36 86 94 70 41 40 70 87 8 10 37 62 25 76 13 40 10 27 87
28 82 58 92 70 67 17 59 19 90 9 60 92 7 74 58 97 19 80 60
78 98 86 34 50 37 72 69 94 71 7 58 33 69 77 68 82 18 46 8
37 5 36 30 4 47 50 70 68 16 66 86 82 7 29 17 65 37 92 52
14 61 77 85 96 21 99 88 8 52 7 47 53 62 37 9 50 10 62 92
92 59 72 39 56 59 50 34 58 20 17 70 4 59 90 19 22 7 56 2
38 92 12 73 23 51 26 25 60 4 97 65 50 46 34 8 60 82 80 42
90 15 67 60 94 61 99 25 76 41 27 80 48 79 70 40 89 50 42 65
20 69 25 61 31 38 61 75 78 2 23 44 55 37 12 55 27 43 13 2
74 99 85 29 4 77 1 77 91 94 81 30 54 91 5 63 27 20 55 27
