20 20 2514 0.64
77 44 3 38 93 92 39 90 14 92 33 20 60 66 37 77 21 17 63 45
29 6 83 48 64 2 20 6 59 37 19 57 50 25 92 52 24 9 64 68
95 38 86 56 12 2 36 24 99 41 12 55 85 90 15 47 19 43 98 90
39 20 56 74 19 73 65 38 71 32 57 48 42 73 12 40 29 98 28 49
67 78 88 20 22 38 34 43 33 63 43 44 83 82 58 72 61 8 64 33
52 54 70 33 41 28 25 90 37 69 80 36 23 87 34 90 51 50 22 42
72 77 59 36 55 77 44 97 78 85 65 60 43 15 49 89 5 83 46 40
10 50 42 13 11 6 29 81 7 74 7 21 79 23 36 91 91 56 87 66
50 88 91 19 4 51 20 23 10 34 9 54 46 46 90 15 71 64 50 98
31 71 18 64 1 15 91 18 38 5 84 82 67 55 4 34 49 34 44 71
53 41 36 59 39 1 95 67 62 82 12 49 48 9 90 87 33 81 17 57
80 74 40 84 3 23 57 59 90 40 13 36 49 3 66 47 28 3 39 4
75 97 33 64 30 99 39 31 38 55 99 58 58 5 2 56 33 85 68 40
94 36 87 39 57 21 1 11 65 77 96 58 7 83 4 68 77 91 41 25
69 78 36 37 68 26 81 79 82 55 81 15 45 74 14 94 93 4 63 20
82 81 79 39 28 21 40 60 7 76 20 84 74 26 93 57 25 69 25 41
39 16 56 82 45 51 63 72 18 76 5 36 15 82 51 57 15 30 70 92
96 61 72 60 54 91 99 18 41 23 93 83 17 74 10 12 40 75 85 20
95 7 35 43 98 4 97 68 40 24 44 39 89 1 61 22 77 71 54 34
27 65 78 50 96 88 45 77 80 83 41 36 42 14 45 99 17 54 54 54
