20 20 2403 0.63
54 83 71 6 47 45 92 45 30 20 23 88 96 42 42 13 23 21 70 74
59 14 47 21 60 68 66 31 49 47 40 16 62 77 64 41 79 8 38 63
2 55 4 68 19 33 28 75 10 34 82 83 57 31 47 84 17 61 37 8
2 23 83 59 76 43 62 7 91 24 73 60 82 67 35 13 12 62 4 21
11 86 15 23 68 34 57 7 68 49 95 18 19 57 75 69 33 67 75 14
85 68 45 44 44 53 53 41 40 6 6 56 62 23 29 3 16 28 81 19
99 70 66 47 35 25 46 1 54 44 99 96 2 58 29 14 24 30 95 71
77 76 37 57 88 53 58 4 78 12 96 56 78 94 4 47 63 70 78 50
88 34 41 84 45 86 69 63 53 99 60 46 72 30 85 58 65 92 94 24
74 12 27 88 31 55 26 6 20 98 15 80 64 51 48 7 34 31 50 54
13 45 57 51 59 56 86 22 64 46 15 50 35 12 24 78 79 26 60 77
53 58 89 65 13 80 10 98 82 47 98 2 98 34 33 77 40 65 41 67
68 60 1 22 31 83 64 6 57 67 45 49 9 3 72 19 30 13 18 20
44 28 97 36 86 58 37 90 68 90 94 62 70 65 20 44 48 6 55 72
80 55 39 97 34 3 83 85 58 99 40 44 46 56 60 37 27 24 88 34
89 97 97 5 75 63 8 92 28 54 35 25 59 75 15 28 34 49 50 17
82 92 29 52 62 33 41 21 83 20 26 84 71 2 53 50 31 73 77 23
93 30 88 6 58 58 13 75 90 59 53 26 28 65 12 38 52 68 79 91
92 32 17 97 71 4 53 6 50 16 71 86 55 61 14 15 96 31 55 1
62 62 76 54 16 41 36 83 13 61 66 67 44 70 30 30 7 25 31 26
