20 20 2476 0.64
1 15 12 28 59 99 34 96 80 19 30 66 21 12 80 72 57 95 7 51
6 54 15 93 75 74 68 36 39 60 75 71 74 42 68 37 53 10 25 22
10 70 77 92 25 28 39 65 74 6 20 68 39 14 75 50 99 43 77 83
28 70 66 13 77 14 11 13 40 13 97 2 74 27 89 17 18 96 71 41
69 22 39 73 58 95 60 34 65 67 24 4 10 86 55 3 91 5 98 30
95 17 94 54 22 65 67 75 65 98 34 57 24 75 28 88 3 51 83 37
90 40 61 44 72 99 37 38 39 98 18 21 20 84 93 29 85 24 49 76
87 76 66 70 72 36 43 32 18 34 19 16 8 65 33 3 17 7 54 95
80 24 92 59 79 39 65 10 91 1 70 57 63 44 28 43 14 96 89 88
60 81 23 33 95 28 30 70 48 86 48 3 38 17 43 50 94 50 94 80
17 55 99 53 17 91 28 74 40 35 1 69 87 49 88 12 39 39 14 67
13 47 31 67 54 36 68 98 73 79 34 56 79 27 25 17 20 65 57 33
66 55 26 78 98 41 91 30 27 28 15 98 89 67 94 18 45 28 44 77
79 38 67 46 91 51 28 12 98 89 97 51 96 52 27 14 78 78 29 62
79 76 79 79 85 97 20 93 37 7 72 40 25 1 35 92 61 89 59 24
6 39 63 76 94 46 99 73 65 71 51 62 64 26 38 61 30 23 30 87
43 73 24 32 25 15 42 45 80 98 4 13 46 46 7 43 9 42 10 38
3 35 78 31 31 25 54 69 38 13 36 8 38 3 5 90 61 52 8 62
36 98 99 85 61 56 82 98 85 16 25 21 7 2 63 41 3 58 5 26
67 79 16 33 50 99 45 96 1 39 84 39 70 79 73 38 89 44 5 55
