20 20 2447 0.64
43 27 67 55 82 59 65 82 9 31 64 83 11 56 27 96 37 21 77 63
1 65 39 74 13 37 89 46 97 90 72 69 21 41 88 88 54 10 36 71
67 34 70 99 43 28 62 28 9 62 46 63 16 82 29 69 91 14 14 7
32 41 98 34 71 37 73 39 3 21 67 64 43 67 26 31 79 16 83 11
6 83 47 59 30 36 28 76 94 74 14 22 68 33 24 30 17 71 49 53
4 14 51 20 11 18 47 42 44 55 58 19 42 35 91 73 19 25 81 13
75 52 22 94 74 54 11 24 89 86 85 42 17 43 27 30 83 68 77 54
84 32 68 12 23 26 39 78 13 28 15 75 29 8 42 38 83 15 21 10
77 59 70 76 11 49 25 20 14 17 20 23 3 4 80 29 35 45 25 94
53 81 57 12 98 62 96 37 5 85 7 22 92 78 75 8 94 58 13 24
69 86 39 97 87 83 6 85 61 19 95 74 60 44 12 37 97 93 11 68
58 64 2 50 37 61 10 82 43 13 12 24 20 71 28 34 57 27 86 94
32 75 34 5 76 96 73 35 31 30 16 2 43 87 8 17 22 66 33 62
14 76 99 76 7 24 11 5 13 7 1 16 3 5 14 19 47 59 52 67
86 81 94 84 62 38 81 94 12 87 96 72 17 21 90 13 43 4 37 57
35 88 24 4 87 43 22 99 52 47 45 7 45 24 32 58 31 88 53 99
50 16 93 75 95 71 65 98 28 65 15 26 83 39 84 94 13 38 72 17
29 13 61 79 40 84 53 19 51 11 14 93 94 35 98 35 29 97 68 49
20 97 75 18 72 3 47 63 13 49 95 93 50 85 83 44 30 7 2 7
88 47 15 99 73 4 19 57 92 31 83 69 80 52 70 59 99 21 41 11
