10 50 3446 2.30
53 76 66 32 13 8 11 97 38 85 90 10 52 49 44 79 2 61 42 47 98 7 69 23 7 75 12 85 26 16 2 85 84 24 45 73 19 95 46 85 58 63 44 73 88 46 44 24 61 85
37 30 64 25 26 69 85 73 42 11 87 93 87 2 4 51 74 35 56 40 4 96 94 99 55 59 7 94 22 50 10 93 81 90 25 15 4 16 61 63 67 63 28 71 56 61 96 40 36 11
2 71 48 41 11 32 61 33 23 11 96 71 1 69 88 58 28 35 9 53 53 67 24 49 32 43 90 64 39 76 87 3 64 56 85 7 36 96 3 88 83 69 58 38 17 3 10 91 26 11
2 67 63 91 39 39 57 69 41 87 31 51 24 91 22 21 37 6 69 63 56 68 43 29 10 19 49 21 77 18 65 24 36 51 57 54 47 11 51 59 15 78 50 12 75 51 4 92 87 87
44 6 88 24 97 82 44 94 10 3 94 14 16 51 58 42 3 71 59 99 69 36 54 48 87 36 86 72 31 93 91 44 11 34 47 49 77 41 37 38 78 33 94 7 37 37 25 98 62 3
25 90 74 15 27 1 6 37 2 40 3 44 93 28 99 68 11 43 27 83 60 33 35 62 99 62 52 76 73 24 44 36 91 39 75 8 82 78 79 43 16 91 34 66 30 79 76 60 62 40
97 57 66 87 71 95 85 86 54 61 65 67 87 67 7 38 11 23 92 8 49 8 37 6 95 78 82 97 46 5 3 85 77 19 38 57 29 7 83 94 46 52 23 48 27 83 76 72 22 61
92 57 47 59 42 47 72 98 80 86 5 55 29 74 39 99 28 61 41 55 8 89 24 30 75 68 55 33 3 94 98 74 11 82 25 98 14 26 22 90 41 47 80 69 66 22 36 47 38 86
16 34 2 54 22 41 36 18 53 59 77 41 92 39 62 75 93 81 94 14 79 22 81 32 15 20 12 56 43 87 23 27 88 58 94 40 65 91 27 66 1 93 37 51 78 27 5 30 30 59
62 81 93 39 82 93 11 41 34 38 27 46 47 22 90 39 49 81 81 97 23 62 87 84 12 50 59 68 57 10 32 51 54 23 66 2 91 64 24 26 10 40 24 23 11 24 22 11 21 38
