10 50 3350 2.31
82 92 95 56 19 10 76 66 94 64 35 60 52 22 33 12 93 33 19 76 18 12 27 18 68 72 79 85 8 76 59 61 40 25 1 72 18 62 66 67 11 69 67 20 51 85 42 43 13 64
99 36 12 11 18 21 75 42 75 30 93 19 1 59 22 28 20 73 66 5 72 92 27 7 72 56 72 60 70 60 31 91 78 39 2 64 72 17 55 51 66 68 3 57 9 61 75 99 63 30
10 51 24 86 32 98 36 19 39 95 11 96 56 68 36 9 44 46 1 42 49 10 29 72 68 22 8 81 55 10 35 9 75 9 36 52 49 34 67 82 58 49 65 65 73 98 61 69 10 95
98 58 88 15 30 83 34 77 40 36 20 24 92 26 58 70 18 26 9 4 46 74 60 63 9 72 79 28 70 2 78 16 96 37 63 77 46 9 66 45 29 75 32 39 39 10 77 13 96 36
17 93 20 79 55 99 20 1 9 32 91 77 62 27 68 54 33 40 58 52 2 17 47 5 24 19 81 51 30 41 97 19 68 23 7 33 2 3 37 94 31 21 62 7 16 99 30 75 26 32
92 30 80 73 78 54 33 78 55 79 67 57 96 43 63 65 26 3 82 32 23 19 90 58 60 26 7 52 90 38 43 86 57 27 42 61 23 45 68 17 55 66 9 47 55 4 81 23 64 79
82 48 80 51 61 41 77 85 61 16 19 44 56 29 88 20 15 70 24 97 23 34 6 47 67 23 93 57 17 36 43 42 23 28 98 77 23 59 37 18 67 5 18 45 73 80 2 98 45 16
10 84 81 82 76 59 86 59 33 68 26 2 3 43 39 41 74 7 40 11 72 10 31 8 19 89 62 36 54 40 38 90 14 85 94 21 72 20 58 67 9 71 90 48 84 24 49 85 50 68
87 85 91 54 96 1 56 73 52 60 29 46 85 79 18 20 43 33 32 46 13 82 22 56 52 6 1 63 85 8 51 58 74 46 43 63 13 82 84 16 19 15 75 19 26 2 75 3 22 60
64 28 49 80 90 94 73 50 49 15 85 44 6 52 31 95 75 92 95 57 96 70 32 27 80 78 66 71 10 6 31 22 92 30 5 11 96 86 78 45 18 45 57 22 14 94 4 11 16 15
