10 50 3355 2.31
52 54 77 5 46 46 66 73 48 98 17 71 18 50 78 8 5 25 34 72 1 81 45 1 2 88 56 58 66 57 3 60 8 30 38 28 57 23 88 54 17 14 43 23 23 19 93 40 20 98
35 85 53 73 65 63 55 12 94 35 52 46 85 7 53 58 22 71 30 45 33 30 90 37 27 5 95 12 87 2 26 12 23 21 3 43 20 36 54 10 74 2 56 4 4 10 29 65 91 35
54 33 23 56 88 35 65 62 5 65 67 10 65 74 25 89 25 49 75 15 61 72 79 23 1 87 70 5 57 50 40 2 11 2 18 87 33 18 16 96 95 7 89 85 85 54 46 14 8 65
83 93 73 95 87 72 57 19 71 21 55 62 70 54 62 35 28 48 11 93 24 4 74 36 7 16 75 12 31 16 79 31 70 6 81 72 2 74 16 67 10 89 24 94 94 82 18 98 71 21
93 51 40 96 60 66 58 26 36 60 59 71 58 9 45 84 96 5 93 23 78 12 92 88 17 84 15 56 85 55 18 60 83 69 4 51 38 19 7 85 38 53 66 6 6 84 3 93 56 60
87 98 33 76 7 23 38 81 27 5 49 56 49 76 64 88 43 13 44 90 40 26 81 60 6 27 93 27 94 9 71 51 5 1 62 35 21 94 63 67 10 5 65 25 25 9 6 76 2 5
45 80 68 36 29 13 5 35 77 95 67 6 93 67 46 18 48 36 95 97 74 15 81 59 42 61 44 24 31 88 41 85 1 54 1 98 79 25 41 22 76 88 25 70 70 21 62 40 31 95
89 92 70 1 88 40 26 71 55 60 65 23 56 29 18 51 92 84 2 93 41 55 79 4 98 94 64 44 17 42 27 44 44 84 26 2 25 79 99 10 74 72 79 6 6 12 29 39 15 60
48 4 75 97 97 41 66 51 65 32 66 22 66 28 6 21 43 74 1 74 41 54 2 34 70 59 39 55 16 46 23 32 70 62 28 63 99 11 54 45 70 33 12 2 2 63 50 30 11 32
66 45 68 85 53 95 93 82 17 22 3 95 87 49 59 12 35 48 41 9 46 4 78 17 71 4 87 52 88 78 14 56 16 71 45 76 15 51 44 99 30 33 45 52 52 11 31 22 22 22
