10 50 3448 2.32
18 10 38 55 73 58 49 90 31 25 55 72 78 60 24 2 25 30 71 91 97 53 95 85 33 33 23 56 19 93 98 53 2 37 50 34 49 15 73 69 5 30 53 53 7 51 78 14 19 25
51 91 59 90 89 27 76 98 36 52 90 19 65 32 83 36 55 51 45 69 3 85 57 55 26 13 26 37 37 21 44 53 35 71 89 26 42 56 37 95 58 65 85 8 32 38 16 50 59 52
36 39 48 72 88 35 60 46 80 44 41 63 28 56 5 58 39 94 97 12 91 1 8 82 4 95 52 87 77 19 88 53 6 45 92 52 22 64 55 21 58 29 1 61 28 25 95 85 75 44
43 56 78 63 62 80 40 67 51 28 85 48 86 29 73 26 49 89 18 97 79 47 7 53 37 15 38 15 25 3 88 46 19 41 65 4 29 1 20 46 75 44 47 16 26 97 47 23 35 28
66 5 56 63 43 97 32 50 76 38 16 38 71 51 18 78 92 49 78 31 29 48 40 51 64 5 97 74 87 48 9 46 13 13 80 65 96 62 47 8 9 27 48 69 33 91 86 60 86 38
74 43 95 75 62 16 17 49 76 90 35 82 42 39 79 32 96 13 80 46 98 11 52 20 80 36 94 18 68 28 3 19 91 78 19 71 22 80 36 95 8 35 11 91 41 6 93 93 97 90
91 98 19 18 87 75 33 86 47 1 1 36 67 53 69 97 51 67 10 60 75 7 18 81 38 94 72 32 77 66 64 90 6 48 61 36 53 21 70 12 97 15 7 42 43 40 14 58 3 1
53 90 8 4 74 44 98 92 28 62 88 97 31 39 7 17 99 4 30 83 27 34 59 39 92 70 76 53 80 77 21 35 11 7 16 2 43 74 21 60 10 39 34 6 79 47 30 55 67 62
28 93 90 42 42 83 90 84 88 60 90 61 73 76 73 58 19 35 87 29 94 38 9 65 61 60 10 48 3 81 30 43 55 59 15 49 81 55 48 62 27 10 38 14 66 80 83 15 74 60
27 68 70 93 50 9 75 1 95 23 57 56 72 51 99 74 3 39 10 84 19 98 73 71 54 27 43 5 20 32 18 83 81 22 21 56 53 8 75 53 6 81 98 13 31 28 32 13 10 23
