10 50 3516 2.31
96 76 57 5 7 52 2 63 35 90 24 34 43 75 82 16 57 47 74 39 47 52 47 42 96 41 96 16 58 29 13 17 45 57 16 73 94 94 74 33 94 38 58 44 11 71 77 63 22 90
94 72 88 67 61 94 79 27 24 27 61 2 37 6 96 96 73 15 32 76 84 57 15 4 41 40 76 16 73 29 21 3 10 85 13 9 39 58 9 4 96 36 85 59 44 88 51 85 23 27
18 86 54 20 77 92 98 21 31 21 16 41 77 83 37 93 15 36 39 7 80 10 36 6 14 23 63 77 41 55 68 64 7 93 42 90 1 56 58 81 72 98 85 47 81 5 57 21 97 21
87 24 39 97 46 75 28 87 65 43 38 8 34 20 22 66 33 2 85 73 3 63 2 17 8 82 53 38 16 49 50 35 32 77 37 77 35 66 66 76 78 82 51 73 94 67 30 72 59 43
32 82 49 41 85 30 82 58 79 3 88 99 80 61 3 13 47 5 81 38 11 29 5 64 16 48 53 5 12 72 25 13 87 67 68 57 13 55 5 84 65 78 66 89 38 85 64 50 38 3
50 14 35 80 37 74 84 57 93 1 39 90 38 59 68 8 17 11 80 10 86 66 11 29 16 9 69 4 4 55 11 9 76 46 24 86 93 96 3 64 13 92 96 19 85 75 33 25 45 1
87 56 82 78 48 41 58 82 70 57 22 66 27 18 44 57 21 79 72 72 41 37 79 56 32 46 38 64 54 79 42 14 27 39 51 47 88 7 44 7 71 73 44 82 16 6 86 61 50 57
68 85 73 95 75 54 59 15 17 54 83 60 23 96 25 35 82 75 62 12 60 28 75 59 49 68 44 14 4 73 70 33 16 87 8 47 45 54 90 80 43 36 15 30 71 13 2 47 65 54
51 83 87 13 88 85 61 73 65 85 66 58 78 79 52 57 28 73 19 95 8 69 73 99 61 73 18 77 41 48 43 89 17 23 59 87 59 64 78 52 21 8 2 33 89 63 53 11 8 85
79 83 93 97 53 32 18 57 82 99 95 55 23 37 38 77 45 75 97 15 40 22 75 20 52 98 73 47 29 32 66 35 86 55 67 47 28 50 23 97 60 9 8 39 2 66 36 48 17 99
