10 50 3435 2.32
63 38 28 65 4 59 85 45 28 78 8 65 10 89 34 97 74 40 28 70 27 27 31 40 57 83 26 47 64 74 54 89 46 18 62 87 71 52 62 24 84 64 94 75 2 79 35 26 38 78
65 59 4 55 99 32 31 63 71 90 49 67 12 68 38 56 22 57 29 14 54 54 7 73 4 3 43 50 46 23 81 75 24 19 47 40 7 8 87 27 34 74 65 11 16 42 14 77 21 90
35 64 26 87 72 15 76 93 51 13 50 43 33 90 48 52 46 45 56 59 51 51 77 37 15 98 19 83 36 88 4 49 53 11 28 50 13 83 76 8 33 79 39 80 99 59 89 59 43 13
93 83 92 38 19 72 42 25 97 51 29 18 37 38 90 51 33 1 46 11 54 54 8 63 99 33 14 5 33 3 49 15 15 96 78 75 80 63 2 19 93 56 89 23 84 56 91 53 24 51
74 87 94 38 90 75 14 12 29 70 66 50 23 48 36 20 72 92 10 33 92 92 15 30 17 25 70 32 91 99 42 45 17 40 9 59 72 72 93 63 20 32 60 10 50 5 63 86 57 70
28 56 38 22 63 28 98 10 37 88 85 23 63 68 42 50 19 36 15 40 82 82 53 70 34 82 27 81 21 25 30 79 73 48 61 38 65 73 65 74 26 66 84 19 97 43 37 84 66 88
28 3 23 34 88 34 68 70 84 38 48 99 4 22 1 14 69 98 46 79 13 13 83 78 51 52 33 16 25 20 4 15 53 72 37 98 89 76 39 69 35 4 11 44 29 13 89 90 13 38
80 94 91 99 59 53 98 94 24 41 4 51 6 95 81 11 42 77 98 9 17 17 6 79 46 33 47 99 4 70 43 85 58 26 80 45 41 27 71 21 12 7 65 89 56 85 31 49 34 41
99 96 88 81 51 70 53 11 45 90 58 60 80 59 15 76 38 28 51 43 17 17 52 77 5 5 38 60 71 62 50 83 22 1 25 55 94 64 52 68 41 51 75 8 23 13 2 72 51 90
85 16 41 50 99 48 6 97 37 3 88 5 94 8 25 34 28 54 58 62 24 24 73 96 96 88 80 3 49 58 13 91 83 12 45 1 73 58 21 67 92 59 58 96 9 51 1 48 72 3
