10 50 3466 2.31
59 72 87 77 49 73 79 10 45 2 22 81 71 45 32 5 28 63 28 65 44 52 73 98 10 57 42 72 45 91 61 91 26 7 92 82 54 29 63 86 63 29 78 76 41 36 61 91 73 2
77 54 62 70 75 49 37 43 28 59 10 83 98 35 6 91 16 12 38 7 17 99 83 25 60 48 7 10 91 96 25 96 51 89 6 48 28 39 26 57 27 66 82 98 88 38 87 65 52 59
44 78 84 12 96 15 47 95 32 28 3 12 68 23 22 77 46 72 6 70 88 33 73 23 95 11 64 9 7 17 13 17 89 43 75 34 45 19 94 83 2 23 56 98 29 30 90 56 99 28
78 76 22 77 23 83 46 67 39 78 83 31 7 68 45 71 43 80 38 31 65 36 84 16 51 38 7 83 85 16 9 16 22 13 36 67 75 98 79 66 6 8 32 79 93 40 76 25 50 78
73 94 84 9 86 81 30 56 55 85 26 61 62 2 48 42 18 35 79 75 49 48 67 10 19 2 46 90 32 39 31 39 94 34 75 23 8 20 66 57 47 11 97 95 45 70 88 1 23 85
60 59 97 73 27 74 37 87 64 14 97 12 29 83 47 46 66 53 44 41 3 86 11 4 61 41 77 20 63 19 42 19 9 3 72 57 72 58 63 35 45 28 33 43 16 72 23 69 52 14
90 87 65 59 71 1 98 67 88 46 95 43 12 8 94 16 83 35 66 18 86 15 61 93 64 32 41 1 93 22 27 22 33 13 47 40 16 59 53 4 6 86 53 17 11 17 57 58 51 46
73 97 91 61 87 49 43 12 53 71 98 48 3 78 62 24 76 72 60 34 4 33 54 98 84 12 12 36 28 3 92 3 55 16 70 92 7 59 2 16 83 20 84 49 97 27 81 9 34 71
79 22 59 80 46 96 71 27 75 81 2 72 88 95 90 46 85 23 72 47 54 91 74 51 10 50 69 29 47 65 9 65 17 82 12 27 20 76 53 48 29 4 46 73 90 1 58 25 69 81
87 24 37 68 27 7 51 80 62 78 92 74 36 27 31 98 93 66 34 64 11 14 3 1 87 57 10 43 40 37 85 37 32 16 69 89 85 77 58 20 67 37 9 21 8 53 51 52 25 78
