10 50 3390 2.35
7 17 21 85 69 54 30 78 40 28 80 33 91 86 88 26 48 56 59 48 30 74 62 54 41 15 34 48 61 56 50 66 13 63 69 74 92 88 16 32 98 72 43 19 50 16 11 22 23 28
89 51 69 32 28 2 53 78 85 52 31 48 13 20 29 11 12 76 50 89 42 39 69 2 48 34 60 21 39 13 50 69 99 76 52 10 8 50 70 3 97 68 78 53 73 89 43 91 37 52
38 84 68 69 46 75 24 79 60 82 19 72 4 79 37 36 89 10 55 97 97 30 2 75 85 35 93 48 5 24 72 40 13 40 24 80 83 17 61 6 32 80 13 58 35 50 45 75 26 82
85 92 34 73 94 56 99 31 60 11 34 42 58 28 65 86 90 35 66 98 20 7 71 56 15 47 9 78 83 36 14 52 90 79 54 72 87 63 70 5 81 71 10 77 19 66 7 68 45 11
6 29 42 63 51 25 31 33 80 15 15 12 3 24 23 61 28 41 41 40 41 69 9 25 1 88 96 76 94 39 78 67 25 59 9 15 9 23 17 32 53 12 75 26 79 18 25 52 69 15
40 88 22 33 86 14 41 37 12 80 73 62 54 7 56 26 91 94 34 13 47 9 96 14 38 38 72 62 6 26 16 42 43 36 5 66 18 7 30 49 80 58 19 57 94 94 14 38 31 80
46 78 44 42 50 42 42 44 63 91 89 21 29 82 31 57 3 20 71 5 53 1 45 42 58 9 68 52 94 67 4 89 55 89 54 6 73 30 60 94 73 31 73 5 10 23 51 12 37 91
81 88 39 81 84 97 67 48 32 52 96 41 87 67 99 87 59 17 12 1 56 50 45 97 55 26 90 72 33 73 92 44 25 67 36 25 89 78 89 11 6 38 68 24 77 20 23 40 2 52
50 67 32 46 65 3 17 81 95 63 67 82 15 93 76 76 60 52 4 16 36 97 80 3 40 87 28 8 68 53 8 4 97 38 28 10 50 44 10 39 20 80 6 17 72 4 19 31 14 63
94 77 68 23 89 66 98 80 63 14 28 60 61 23 28 64 81 45 72 75 45 35 69 66 94 91 3 44 43 97 51 40 5 13 61 26 16 57 36 9 84 12 55 77 65 34 6 54 44 14
