10 50 3342 2.32
40 15 57 7 56 9 33 35 92 72 72 74 78 52 90 69 99 47 5 14 87 59 16 29 39 23 64 89 70 7 68 67 67 11 84 65 42 60 54 41 60 43 24 97 83 20 3 24 85 72
96 3 6 54 78 83 40 84 18 37 64 80 42 70 49 94 15 52 18 87 35 19 43 27 22 69 81 88 20 88 69 10 27 66 61 67 49 51 11 31 95 95 37 28 2 86 18 49 32 37
37 66 21 57 57 71 97 76 19 59 26 80 31 46 79 15 5 58 11 38 2 44 76 71 20 41 94 37 31 86 1 29 31 26 30 57 11 98 93 14 92 20 72 49 82 79 35 76 30 59
65 92 43 48 38 40 89 47 92 89 41 55 8 63 29 99 66 86 24 17 41 15 76 76 72 47 18 19 70 9 19 99 63 77 74 46 44 63 17 52 91 63 19 7 31 80 7 73 77 89
76 55 91 83 4 93 85 79 89 29 71 41 24 11 2 7 28 42 85 58 10 86 23 84 95 62 46 26 60 42 10 62 99 98 1 57 1 51 63 74 64 62 31 99 23 96 31 32 37 29
40 59 41 66 19 56 93 25 64 54 12 68 45 59 98 3 27 11 67 73 91 90 66 11 30 36 46 72 48 44 76 41 5 62 37 34 5 25 1 55 12 38 17 3 1 20 10 95 64 54
87 86 97 26 34 59 40 24 52 88 49 48 77 46 73 95 8 78 24 86 80 75 2 26 40 75 4 84 35 50 50 41 20 10 24 40 50 72 16 76 87 27 26 52 54 23 4 14 62 88
11 42 70 25 23 73 61 81 70 74 40 23 17 73 1 82 15 86 84 87 22 22 51 74 25 8 7 6 28 80 39 50 69 33 95 2 27 66 40 92 20 83 23 65 17 94 25 84 13 74
30 65 81 96 82 46 56 76 66 21 79 55 60 71 82 3 66 12 75 63 29 12 94 20 83 45 57 95 7 85 77 2 63 73 24 52 95 85 3 72 18 20 77 22 4 4 38 10 20 21
71 36 68 87 60 9 35 18 82 83 54 25 59 67 34 10 60 70 42 64 34 31 67 49 7 5 97 50 42 79 30 11 4 29 22 7 8 8 24 10 6 7 33 3 22 62 8 34 44 83
