10 50 3438 2.32
10 47 73 96 82 12 73 30 78 4 84 51 52 80 88 47 18 11 53 79 5 58 58 96 46 57 37 5 91 92 61 63 77 27 42 49 14 37 11 90 78 70 50 39 94 70 33 21 47 4
36 34 76 68 32 70 33 35 51 54 98 41 28 71 35 17 97 7 61 49 81 66 6 65 8 65 92 81 48 23 65 70 49 71 54 27 31 67 95 38 18 6 52 81 17 8 19 16 40 54
84 73 92 85 4 14 31 78 63 54 2 76 40 42 44 30 14 97 63 72 56 7 31 23 99 62 46 56 37 96 34 40 17 95 40 63 10 16 93 86 46 54 64 54 53 10 19 95 66 54
14 82 76 30 68 81 77 27 79 8 69 12 76 44 30 49 74 54 32 94 29 48 57 68 66 68 59 29 14 87 60 20 29 8 4 24 5 52 46 67 43 1 36 57 17 33 99 71 24 8
88 43 62 64 46 90 70 22 22 93 99 69 2 14 78 52 75 90 49 73 11 94 83 97 13 70 16 11 11 45 22 31 43 10 29 85 3 2 59 71 34 9 44 70 45 71 37 58 40 93
71 33 45 35 11 50 62 1 71 27 23 59 27 82 41 97 27 61 41 73 20 94 96 27 66 26 99 20 17 43 15 3 98 18 77 90 82 70 65 18 2 58 66 96 7 16 78 29 65 27
19 36 92 89 24 28 95 38 7 71 74 30 96 93 1 43 69 81 90 33 81 6 53 66 75 75 48 81 38 44 56 97 28 28 70 38 58 13 39 54 30 52 20 61 35 13 2 4 67 71
85 90 94 4 72 61 60 36 87 67 34 2 6 45 36 73 65 73 82 58 14 47 37 76 80 30 32 14 72 5 78 84 21 29 71 3 51 23 18 38 13 80 69 2 77 66 60 26 29 67
53 82 59 84 55 35 16 46 82 49 75 84 87 86 3 70 89 33 63 98 39 56 49 55 92 44 58 39 7 74 57 24 41 3 40 69 43 37 36 52 76 71 12 26 61 2 38 17 98 49
92 93 81 60 74 28 99 22 69 36 4 87 29 59 85 31 83 95 72 47 73 75 76 52 32 11 82 73 87 67 65 21 3 39 30 33 87 45 53 79 21 53 5 53 3 78 21 59 2 36
