20 50 4503 2.43
71 52 97 53 96 2 89 83 12 44 44 95 40 37 59 91 53 33 37 4 68 86 21 34 60 51 14 41 98 20 57 95 95 73 62 8 55 75 2 33 46 28 84 4 28 89 42 85 80 4
58 63 49 15 91 4 71 50 60 53 24 99 68 42 82 5 31 78 74 90 52 93 91 82 47 57 18 97 33 7 21 17 93 33 18 75 6 70 14 78 99 55 80 17 24 10 69 98 46 90
11 82 6 32 35 13 62 20 81 46 34 21 53 48 73 24 95 2 66 19 65 63 48 24 9 67 24 78 85 59 23 65 67 5 37 90 76 95 66 2 74 16 87 80 35 40 79 30 12 19
41 16 56 96 59 71 5 69 29 76 68 26 26 93 36 3 8 47 53 47 95 66 86 17 55 26 76 61 52 49 31 67 72 36 21 56 62 66 66 47 21 28 37 86 71 36 46 76 27 47
10 63 72 84 56 92 44 14 20 21 83 55 33 9 75 78 25 10 61 38 85 24 66 7 8 84 79 29 60 8 59 58 76 75 38 67 97 35 70 10 26 74 30 27 39 78 59 20 86 38
81 94 92 65 8 55 10 93 85 47 65 34 76 56 10 24 15 91 18 12 77 17 27 55 76 14 55 41 39 6 66 96 96 23 54 30 67 62 53 91 15 88 18 19 28 76 89 85 77 12
97 79 89 14 33 32 28 89 14 8 75 21 74 57 84 17 78 38 56 68 60 34 47 43 12 90 25 29 14 64 45 21 24 9 98 1 89 32 62 38 37 12 26 7 32 37 93 99 19 68
96 22 86 49 78 84 58 53 39 48 56 6 22 65 98 70 5 93 82 36 29 38 24 33 88 49 21 77 85 30 57 71 50 62 83 89 27 55 31 93 68 46 50 2 67 78 24 44 52 36
70 80 33 77 86 71 80 49 69 17 3 13 46 75 46 68 4 59 21 43 14 35 82 65 10 83 25 77 72 30 78 67 93 2 93 85 19 77 21 59 57 59 72 76 33 82 64 70 59 43
43 96 95 77 81 93 9 7 30 66 14 3 73 10 88 31 55 45 11 32 25 96 91 39 79 60 64 48 77 4 84 11 58 22 32 31 34 57 98 45 22 14 70 30 10 98 50 1 5 32
92 53 48 80 67 48 26 25 62 88 43 19 17 93 77 39 72 93 3 72 57 39 30 75 13 79 79 14 30 95 93 9 29 74 65 77 55 62 36 93 98 98 42 35 45 34 99 94 90 72
63 54 61 81 18 66 25 27 64 38 44 67 56 72 38 65 20 73 81 61 75 51 51 69 36 21 97 31 31 92 98 27 24 26 36 3 67 77 97 73 46 82 15 85 48 96 25 96 90 61
19 71 1 26 96 98 3 95 81 22 84 90 48 94 27 76 49 55 53 22 4 98 13 13 65 43 2 14 25 16 88 14 26 78 69 35 63 82 44 55 59 30 78 57 32 35 59 76 68 22
75 27 76 56 19 82 50 69 71 65 39 93 65 51 8 52 56 42 39 96 30 91 24 4 59 88 46 17 74 90 34 16 85 14 97 43 73 63 61 42 95 17 51 52 38 10 49 88 66 96
47 95 90 11 69 96 90 53 42 84 89 53 82 53 56 25 80 19 91 51 83 23 11 17 22 95 16 10 83 83 54 79 29 44 66 12 14 22 29 19 38 97 84 76 3 2 54 34 65 51
11 3 77 23 80 40 51 35 11 53 85 80 52 63 21 66 19 52 75 82 19 22 31 64 59 9 22 68 44 32 43 37 59 37 49 23 65 32 88 52 6 58 48 6 30 85 78 64 11 82
52 92 42 82 30 31 64 63 50 87 71 62 49 21 94 52 42 68 17 55 81 13 36 51 94 46 6 21 18 92 66 3 97 23 45 88 36 83 83 68 64 58 23 8 2 98 11 50 64 55
98 80 74 98 90 77 82 92 96 85 68 38 13 23 77 61 66 13 4 79 27 49 87 75 31 9 60 76 78 33 44 98 71 83 66 51 45 34 28 13 88 72 19 40 73 47 55 16 66 79
93 61 66 58 12 59 95 37 85 14 14 86 2 21 32 78 77 27 95 53 42 6 4 16 30 92 3 95 7 63 92 72 59 42 41 65 95 42 34 27 74 59 46 32 48 67 16 34 42 53
87 74 1 62 53 22 70 50 55 62 56 38 91 16 48 13 57 62 33 19 57 89 61 91 40 14 47 51 69 60 39 6 97 37 54 76 64 31 41 62 84 62 9 99 43 97 4 12 10 19
