20 50 4345 2.44
92 99 67 36 18 77 35 13 20 73 35 79 80 20 46 35 59 85 37 2 65 42 28 3 47 11 98 39 25 39 77 5 85 74 63 86 67 67 28 51 1 66 29 23 20 22 29 2 1 2
22 47 39 63 33 35 16 87 27 51 2 60 58 40 46 2 72 69 19 39 46 35 22 72 46 11 83 25 20 60 12 50 97 67 8 82 14 85 2 36 27 17 28 5 62 94 71 6 13 39
83 76 77 46 1 44 26 22 83 65 59 1 39 6 75 59 12 56 66 58 25 98 66 95 70 56 52 35 3 14 96 15 27 47 85 89 42 85 64 33 43 56 9 13 76 90 66 47 57 58
37 72 33 5 1 34 71 51 62 42 5 33 65 64 12 5 91 41 97 27 6 47 93 25 23 22 22 53 14 9 21 17 75 14 96 29 3 51 60 30 10 89 79 70 55 46 6 78 37 27
19 42 12 16 66 58 48 79 57 15 59 65 3 56 98 59 26 64 11 38 80 62 70 92 53 66 66 94 2 83 66 45 42 81 89 2 77 92 65 31 75 41 77 39 18 85 17 50 2 38
75 71 58 23 86 68 76 96 7 39 58 30 71 47 60 58 61 94 59 64 60 37 78 7 61 95 84 38 26 29 18 37 30 4 77 18 55 9 65 46 65 82 2 22 47 53 65 18 6 64
89 49 94 72 80 84 90 8 81 38 3 31 52 70 72 3 39 44 77 45 47 6 10 5 77 26 60 77 35 35 74 34 10 74 27 94 80 10 87 80 75 69 33 51 39 88 37 86 92 45
94 22 96 85 96 19 83 37 42 66 37 33 43 56 80 37 37 9 42 96 30 95 16 36 25 49 92 93 51 53 96 75 55 56 90 78 56 11 1 72 97 32 81 27 71 35 86 64 58 96
9 40 27 1 9 77 5 98 50 13 35 41 67 84 57 35 73 12 4 86 94 44 38 82 15 14 41 10 21 33 71 20 66 64 44 24 63 80 45 27 7 11 25 58 8 26 39 79 79 86
59 54 61 90 18 35 13 10 27 63 95 53 93 19 61 95 83 13 63 77 43 27 40 42 54 90 64 34 4 44 1 66 91 50 78 27 43 31 81 56 39 54 35 11 95 88 57 96 57 77
14 74 73 30 98 35 89 84 84 77 10 94 42 67 7 10 18 25 50 86 42 19 22 19 72 47 74 16 96 3 79 60 26 33 55 56 70 45 84 12 17 76 5 87 70 84 62 30 45 86
98 35 78 76 27 50 96 86 63 51 29 26 58 28 32 29 56 1 12 34 18 7 79 35 57 11 22 2 68 16 4 39 99 58 49 84 41 60 43 86 76 35 35 19 69 20 17 13 17 34
9 72 60 48 48 60 27 14 78 12 43 14 42 31 65 43 66 78 57 89 41 73 16 5 65 3 15 48 40 29 89 34 79 27 47 88 62 4 80 2 58 18 59 28 60 19 56 19 22 89
98 48 35 95 94 24 70 34 18 15 26 98 66 77 26 26 52 85 70 78 15 7 59 32 55 39 19 65 23 11 71 61 76 28 12 70 51 4 37 68 80 5 61 19 46 32 84 94 48 78
53 23 91 84 44 82 4 99 1 81 44 12 50 9 75 44 44 30 65 40 52 98 40 60 99 15 38 11 63 61 76 32 13 28 56 27 98 40 83 49 32 88 17 55 47 55 14 75 14 40
48 20 55 1 73 77 13 27 43 72 70 53 57 5 21 70 26 78 49 70 95 9 5 21 26 77 38 18 4 86 97 36 66 93 42 19 44 42 2 13 27 65 48 1 62 98 4 89 71 70
86 96 98 34 59 49 41 40 86 16 95 55 72 23 45 95 51 76 73 79 36 97 55 71 72 26 29 93 1 77 47 61 37 61 46 94 28 89 74 79 7 52 46 28 65 58 75 40 75 79
67 93 4 95 68 14 63 18 65 30 84 47 86 83 50 84 61 12 80 67 90 25 7 89 80 5 75 61 83 1 95 26 7 72 76 48 57 36 36 5 20 41 99 62 99 34 26 38 17 67
78 68 79 40 85 51 23 69 7 92 95 82 37 24 32 95 46 5 42 69 31 55 44 19 90 5 90 73 23 57 30 22 1 25 18 3 79 27 14 92 96 88 5 68 56 33 26 77 19 69
82 24 61 94 66 94 98 58 50 80 93 51 19 83 34 93 86 71 12 38 98 93 25 84 57 25 80 97 50 15 61 99 34 59 95 55 21 12 80 79 22 4 54 28 37 5 31 20 27 38
