20 50 4347 2.44
57 1 19 73 88 23 17 78 20 50 17 54 18 52 60 46 5 56 66 88 54 23 58 17 3 91 72 34 1 40 48 14 43 66 93 71 38 57 77 46 30 2 98 81 8 25 8 78 5 88
2 33 10 12 54 36 52 53 91 7 74 85 85 35 12 65 22 95 87 5 10 4 12 52 26 97 45 30 37 65 94 2 56 55 29 46 3 20 53 63 21 27 35 30 58 71 23 77 73 5
50 61 54 62 16 18 67 25 8 74 95 33 65 54 2 88 25 70 57 87 96 85 5 67 40 68 15 75 23 14 5 7 89 65 46 10 18 33 23 35 2 1 65 72 89 49 11 31 56 87
16 24 82 19 16 74 55 62 71 54 10 93 70 83 31 87 28 75 31 16 67 94 12 55 79 69 93 11 36 98 71 89 24 57 18 62 81 2 73 72 6 7 21 4 35 48 70 57 95 16
55 78 84 26 7 19 59 45 56 9 38 51 58 93 60 60 96 15 85 84 85 6 56 59 18 74 23 93 88 93 36 53 66 58 3 71 4 38 40 66 69 17 60 12 84 5 83 65 96 84
9 40 9 81 63 94 49 64 2 76 10 98 49 87 51 7 43 93 94 27 67 25 27 49 71 29 90 44 60 76 27 5 65 38 6 56 62 21 33 23 1 6 5 26 88 13 5 33 76 27
88 74 21 35 41 25 67 46 31 67 76 80 93 45 85 29 48 44 31 61 22 70 24 67 41 82 97 95 59 40 77 88 25 5 62 6 1 79 68 13 54 42 95 15 18 36 1 34 36 61
42 41 12 71 99 79 65 18 15 29 74 92 56 89 44 88 92 64 17 94 10 6 44 65 27 93 93 2 4 39 55 72 79 26 29 23 26 25 70 40 84 98 60 55 51 84 44 47 1 94
46 41 63 51 54 11 66 6 11 28 70 4 66 48 32 97 43 39 16 59 45 2 55 66 23 20 74 1 34 30 65 33 12 66 50 22 28 99 75 41 62 70 32 54 21 74 70 45 97 59
78 46 11 82 44 51 3 59 22 49 30 45 87 66 56 53 35 87 88 4 99 52 52 3 14 88 9 41 17 22 17 33 45 93 31 95 45 15 68 95 71 71 22 4 12 48 16 24 85 4
58 44 36 93 89 35 53 65 28 48 11 65 86 67 61 96 61 4 83 34 34 26 31 53 78 13 88 49 70 71 93 50 22 39 29 83 49 20 59 12 34 22 51 15 13 45 87 6 1 34
60 88 59 80 71 87 54 82 19 53 75 92 11 18 22 8 15 8 99 24 1 20 82 54 56 63 98 56 81 45 92 71 54 42 62 19 11 45 60 79 18 14 13 79 11 25 82 22 32 24
94 19 92 41 92 82 27 97 44 9 87 68 46 58 10 67 70 71 19 78 72 60 87 27 94 25 69 10 74 40 37 28 82 40 60 86 37 76 70 62 13 58 59 36 17 8 80 90 70 78
61 5 30 77 53 92 58 52 86 99 98 10 47 14 50 29 50 62 9 77 7 50 65 58 82 16 96 17 21 8 92 36 8 7 62 37 37 47 88 34 18 37 4 68 66 69 86 7 70 77
76 60 50 59 73 89 56 60 92 97 58 40 42 12 17 51 34 41 82 90 99 42 2 56 39 59 25 7 34 22 70 38 92 50 65 72 61 90 23 4 19 8 25 59 26 20 80 4 56 90
99 69 61 70 54 27 80 2 67 1 15 20 30 74 61 12 94 91 63 85 81 27 27 80 55 2 4 55 77 65 13 25 91 27 55 20 5 38 77 60 50 43 31 78 23 79 44 37 75 85
55 54 97 46 83 5 5 12 69 46 69 15 8 49 95 29 23 3 52 94 9 66 65 5 24 58 18 88 21 12 31 52 63 64 45 84 60 4 13 44 7 2 98 46 43 58 31 49 73 94
10 38 79 3 74 81 82 15 49 2 75 76 27 84 38 11 56 90 21 52 20 98 28 82 85 29 1 26 55 7 19 36 10 20 74 10 21 72 19 65 76 69 98 23 21 50 58 55 33 52
38 71 95 3 67 42 6 50 22 25 47 17 20 5 12 85 29 74 12 68 85 8 56 6 53 42 15 61 9 96 9 15 50 79 82 6 93 54 41 18 75 25 20 49 16 99 38 26 57 68
20 25 46 63 88 81 9 55 94 69 70 50 98 19 89 96 33 74 41 92 43 8 83 9 6 41 83 22 50 51 79 89 53 28 58 69 21 44 21 91 56 64 71 68 77 32 30 76 64 92
