20 50 4384 2.42
43 6 66 80 7 7 8 82 51 87 27 52 49 33 16 43 26 79 28 48 34 69 86 46 73 87 63 40 4 6 78 35 2 64 90 22 30 71 71 18 87 66 85 12 78 92 72 7 15 48
33 21 30 49 5 15 56 41 54 48 43 98 62 10 51 21 51 34 25 23 48 27 36 97 86 70 44 94 99 21 28 11 84 73 69 24 29 30 3 9 40 12 42 28 91 69 34 57 36 23
28 12 55 19 86 92 29 37 99 77 79 56 4 85 24 78 52 39 34 51 92 22 21 63 16 56 70 54 72 12 72 63 43 23 5 34 76 83 46 30 36 24 27 49 52 84 59 19 71 51
30 68 21 74 3 48 72 64 81 18 42 72 88 90 56 32 53 59 93 26 15 94 3 95 82 2 11 57 66 68 1 49 44 49 1 85 95 20 97 62 95 46 4 31 79 46 98 88 6 26
33 97 5 60 8 75 60 2 38 97 80 39 56 55 69 91 42 16 24 8 77 30 14 23 97 8 57 10 43 97 81 4 88 30 90 25 15 93 86 51 76 75 97 40 81 37 4 87 29 8
3 25 13 25 86 72 73 99 62 46 82 48 37 54 46 72 54 72 15 82 82 94 17 31 58 93 68 66 75 25 33 46 52 73 81 53 37 87 68 76 67 56 26 34 32 97 22 79 4 82
92 38 8 89 46 35 7 59 75 60 96 59 42 89 64 81 67 63 25 1 2 23 32 48 58 79 54 8 12 38 92 57 71 38 6 73 21 79 3 21 14 14 2 15 61 77 29 1 49 1
67 89 9 98 80 13 75 48 75 81 74 7 96 74 6 27 54 10 73 32 98 41 98 84 31 78 63 59 68 89 8 93 41 11 32 30 30 65 97 51 7 51 59 67 59 38 75 71 8 32
53 36 83 49 10 25 52 96 48 47 28 46 35 89 66 12 40 70 90 1 18 41 56 3 81 12 39 69 26 36 5 22 64 98 83 7 71 55 58 69 57 46 94 13 30 59 95 12 59 1
86 11 57 39 33 53 33 8 88 56 96 71 56 49 46 45 19 24 5 2 54 43 13 65 12 22 59 76 38 11 20 8 58 30 62 57 8 89 96 82 8 65 33 51 31 21 35 34 12 2
96 18 97 45 79 44 29 65 97 93 59 87 19 50 5 18 10 30 62 28 88 23 67 30 78 80 46 51 22 18 69 99 17 14 98 51 9 98 51 71 77 6 15 60 9 81 4 70 44 28
67 99 79 94 82 34 6 64 41 90 75 10 35 14 42 56 30 58 29 43 84 78 55 31 84 27 46 53 51 99 41 22 69 20 80 52 15 54 66 6 21 81 69 26 54 63 85 54 81 43
5 75 3 91 80 79 33 27 46 82 48 48 41 2 79 78 24 59 81 4 70 67 87 89 29 92 55 35 74 75 24 37 13 15 93 41 49 10 49 66 16 81 14 83 99 40 88 55 35 4
89 69 3 43 80 37 20 89 44 5 35 84 40 86 55 14 61 41 81 44 53 75 48 40 38 33 88 27 28 69 10 96 82 1 42 55 9 15 10 31 10 7 69 2 61 23 10 8 38 44
18 68 12 78 77 89 84 29 47 81 14 36 87 15 3 53 24 57 69 44 58 85 81 15 63 36 65 69 61 68 87 51 94 8 58 3 45 84 61 73 42 17 27 6 88 6 57 60 28 44
84 51 81 29 14 39 25 64 73 16 83 11 38 22 76 56 46 32 64 82 44 33 70 36 93 73 66 18 99 51 82 63 4 81 58 70 79 67 68 38 38 9 84 69 27 73 40 10 1 82
84 13 68 8 39 82 69 82 51 51 99 49 10 73 83 6 42 77 15 6 17 24 24 91 36 71 86 51 1 13 68 72 59 70 30 9 97 5 2 45 97 59 77 9 12 49 6 61 46 6
46 34 3 25 56 56 23 89 50 12 41 54 30 83 66 44 30 30 37 49 71 40 25 44 78 51 82 98 45 34 27 37 92 7 36 10 39 89 63 5 10 62 9 70 14 25 82 20 34 49
88 77 75 28 25 4 33 30 81 58 2 97 94 71 74 12 20 64 74 57 13 37 39 53 54 85 51 71 37 77 77 43 23 2 43 50 36 97 3 90 78 3 3 70 4 88 41 69 57 57
15 60 38 3 45 80 34 99 50 49 45 28 24 49 47 52 55 63 45 34 92 93 96 93 61 78 18 50 59 60 64 32 41 79 12 70 73 13 58 69 93 46 81 21 34 31 25 64 22 34
