20 50 4297 2.42
5 86 28 37 36 85 36 3 89 80 11 13 42 71 80 9 42 53 30 7 55 99 71 17 47 52 11 23 51 41 27 62 61 6 58 86 23 96 36 69 56 6 3 82 6 81 84 75 20 7
90 59 67 82 82 71 57 41 7 5 88 88 46 3 22 15 4 14 15 11 97 52 96 10 63 71 3 12 81 77 16 53 59 83 82 86 54 72 22 26 38 51 14 70 51 68 66 86 82 11
96 3 85 37 78 87 77 12 10 50 15 61 12 99 20 5 30 10 27 72 86 97 22 2 68 47 17 18 81 7 11 67 87 98 18 69 2 73 84 76 31 97 53 18 97 85 14 97 68 72
7 69 73 85 61 86 45 9 98 1 8 65 84 87 32 93 30 85 36 33 30 34 4 19 12 53 26 28 30 48 7 8 70 34 51 82 81 37 54 76 21 21 31 48 21 64 44 24 57 33
85 52 75 11 45 61 64 73 68 34 99 32 11 33 15 12 82 23 81 38 71 17 24 12 32 10 98 34 5 5 56 80 71 82 58 70 42 3 98 35 49 87 2 49 87 29 68 44 60 38
48 88 64 91 42 56 55 37 42 11 20 24 86 74 75 68 58 7 79 90 12 23 44 24 25 25 72 56 16 11 65 15 7 19 37 24 63 59 21 50 35 82 35 50 82 13 41 80 5 90
63 42 51 9 62 60 10 35 20 52 13 85 39 87 45 68 95 15 88 55 70 5 22 75 25 79 33 6 26 1 84 40 9 54 22 36 95 10 84 39 97 12 86 85 12 19 44 94 79 55
28 92 61 63 13 12 69 31 18 95 40 77 64 30 41 79 96 61 12 25 50 2 89 61 20 70 62 14 23 46 97 86 5 89 45 52 48 3 5 86 2 86 25 96 86 45 43 71 37 25
83 22 41 44 97 18 40 95 35 45 74 85 82 44 71 27 45 10 13 82 6 13 75 39 6 49 32 43 38 3 58 81 40 1 88 88 55 97 77 86 27 6 26 95 6 64 13 66 45 82
69 93 73 97 32 81 67 95 43 29 71 80 26 17 35 59 6 21 58 89 85 95 18 24 26 61 74 57 64 62 26 49 72 28 3 2 87 30 30 95 37 38 90 15 38 36 83 56 75 89
59 92 8 62 29 69 97 89 74 91 83 92 29 83 23 43 50 82 54 26 88 98 2 52 35 61 2 3 88 24 33 93 38 49 56 26 51 20 7 68 50 44 77 11 44 79 31 16 42 26
99 21 13 12 54 35 67 71 28 8 55 46 88 68 39 93 32 89 1 21 51 50 4 42 55 82 5 44 19 2 62 76 69 3 60 96 18 62 43 14 42 33 6 24 33 78 54 18 60 21
76 79 34 49 29 96 48 80 67 74 29 29 24 37 46 3 90 31 65 21 61 17 74 97 26 68 4 79 4 8 33 71 80 86 59 34 1 30 5 81 59 8 58 94 8 48 27 18 79 21
28 48 32 74 60 32 26 3 63 96 21 5 89 64 78 21 85 55 22 61 92 5 82 98 32 21 6 58 45 19 37 12 82 72 20 59 20 52 58 13 23 98 74 27 98 49 33 92 85 61
89 29 33 99 71 45 11 73 65 77 73 17 70 37 1 26 14 22 58 18 37 57 21 5 46 36 81 55 69 50 31 37 41 61 51 54 79 3 12 39 22 93 48 12 93 46 22 37 71 18
85 69 59 90 82 80 82 62 25 33 92 16 19 32 64 68 14 49 80 42 37 8 92 69 57 52 26 47 1 21 21 36 11 90 6 75 64 66 1 89 17 38 49 95 38 48 53 37 41 42
48 41 60 43 7 2 51 53 72 10 6 24 3 95 12 97 78 26 21 56 68 27 25 24 18 65 27 81 64 78 71 54 52 40 63 87 33 30 33 97 30 40 69 6 40 50 70 41 56 56
44 99 56 65 65 68 73 77 55 26 73 41 6 98 77 20 28 45 28 41 19 50 51 78 84 64 85 83 57 59 88 85 48 70 79 21 34 36 43 52 31 45 83 67 45 82 39 31 23 41
56 97 97 89 42 66 9 15 80 27 47 8 72 22 62 89 74 58 41 25 30 47 28 95 14 58 81 64 81 75 88 5 48 66 22 99 99 16 25 12 15 27 14 88 27 11 18 25 81 25
86 8 99 6 90 98 64 99 90 69 23 96 27 65 37 35 77 95 84 5 81 96 98 79 78 26 35 80 9 72 2 51 69 44 80 7 5 49 95 31 2 18 55 9 18 14 27 50 64 5
