20 50 4265 2.43
42 51 39 39 22 19 60 54 12 15 59 77 57 71 10 30 95 96 75 1 66 53 68 68 15 37 65 75 34 25 93 72 36 28 28 12 39 74 75 50 80 80 75 21 7 6 74 10 99 1
77 14 24 34 95 11 60 91 25 3 27 5 70 55 98 74 71 74 4 92 89 70 13 2 18 66 65 10 6 96 69 77 40 30 28 17 67 41 10 39 68 13 86 20 43 13 97 73 22 92
84 37 8 39 76 98 98 40 75 61 22 54 3 21 24 34 51 75 33 95 57 85 37 93 17 29 32 18 67 49 44 88 38 36 54 94 43 99 18 3 28 65 72 24 83 90 20 87 17 95
79 39 48 70 28 65 30 94 72 50 44 50 76 43 94 63 89 18 3 70 28 24 1 57 14 92 48 38 34 96 60 66 91 80 80 43 86 88 38 23 16 10 17 19 7 59 70 33 81 70
27 67 89 73 33 35 79 47 49 31 17 44 39 56 65 1 39 74 94 17 69 20 68 25 55 17 30 34 28 57 67 12 98 41 53 99 91 36 34 18 88 40 54 87 14 13 79 66 45 17
91 51 72 93 97 28 20 61 98 92 52 89 55 35 59 96 29 27 40 78 27 38 89 51 78 67 37 25 28 78 79 26 98 24 79 14 7 62 25 79 98 12 1 15 28 46 97 79 76 78
46 87 38 80 38 71 98 73 26 24 94 8 30 13 42 51 23 73 5 6 62 9 42 7 39 43 69 4 99 10 32 61 45 25 76 63 54 15 4 90 38 65 25 64 30 43 46 3 61 6
61 56 84 96 99 82 45 89 31 38 2 44 35 73 5 7 5 38 39 31 63 98 16 21 3 99 1 70 13 58 67 78 85 55 36 41 39 26 70 16 8 98 79 36 52 85 25 33 79 31
53 55 66 24 77 42 89 66 27 70 11 81 58 3 2 20 3 83 44 24 86 19 70 96 36 28 40 40 15 49 44 15 3 85 43 51 52 52 40 78 47 11 69 59 60 20 64 96 75 24
42 56 77 98 92 86 27 73 36 56 49 93 20 81 94 77 52 28 34 79 68 5 6 63 44 15 92 67 9 23 59 80 87 80 70 12 28 66 67 75 14 87 96 43 16 59 82 68 94 79
55 82 99 33 7 67 74 52 40 70 76 2 81 38 8 23 66 65 78 3 58 5 52 62 2 95 41 72 71 75 5 3 18 49 4 8 51 84 72 13 6 23 5 73 38 63 17 86 98 3
42 63 94 84 46 66 61 45 45 4 35 56 51 54 42 41 14 42 62 59 2 42 27 80 1 15 1 25 82 81 4 96 34 84 42 89 52 11 25 13 25 66 34 18 95 80 45 80 8 59
17 70 93 39 87 30 58 9 38 87 74 4 44 41 50 83 69 7 48 53 9 5 65 6 64 53 49 3 21 4 84 53 5 75 34 18 13 98 3 60 37 1 54 27 36 41 70 9 70 53
80 77 72 24 89 66 62 35 66 11 93 92 29 14 79 99 31 28 66 86 64 44 17 44 48 50 96 24 24 51 19 95 74 6 61 15 34 63 24 64 32 18 59 67 53 67 90 16 95 86
5 90 44 6 64 92 14 12 99 66 45 89 16 80 55 26 58 54 44 71 19 72 85 10 2 20 73 44 14 44 44 39 51 28 20 86 78 98 44 6 68 7 28 48 22 54 88 13 11 71
97 80 27 86 19 34 2 20 44 28 99 80 77 54 22 48 20 33 46 77 27 6 11 14 94 14 7 72 23 65 58 10 19 85 58 16 80 77 72 40 1 40 16 22 90 24 34 77 19 77
72 65 14 65 89 31 90 71 64 88 67 63 77 46 13 9 82 56 28 55 82 36 1 37 63 21 82 97 43 69 88 11 41 91 96 27 67 54 97 16 59 27 39 21 83 74 10 99 14 55
98 79 94 33 17 32 6 49 70 68 67 30 7 36 22 16 64 34 76 69 37 11 21 39 83 26 83 71 62 71 59 29 41 28 34 43 74 73 71 24 28 67 14 9 43 31 3 30 53 69
85 47 15 52 11 55 86 54 58 27 51 75 81 24 74 44 11 35 26 20 42 77 75 54 13 17 8 89 4 42 30 42 43 83 73 91 84 83 89 29 18 14 22 25 19 94 68 12 21 20
70 35 5 78 94 77 53 13 68 92 20 98 10 62 22 45 23 32 37 38 49 94 17 20 25 80 81 58 28 11 12 42 59 96 76 3 85 25 58 75 78 4 7 13 23 29 14 8 24 38
