20 50 4349 2.42
57 2 82 54 98 73 39 72 14 92 30 50 79 82 87 24 73 36 22 5 28 55 37 32 4 94 90 26 50 75 16 57 84 16 6 37 50 68 86 75 91 25 13 39 47 14 85 99 97 5
45 77 34 97 5 24 62 85 24 86 62 66 19 18 6 55 26 33 9 40 41 96 59 89 5 86 64 70 43 37 24 23 22 45 23 59 55 6 44 65 7 77 73 80 24 67 83 89 86 40
96 19 78 75 44 45 76 84 91 69 22 56 43 23 88 27 99 39 23 7 84 87 85 3 56 8 17 80 61 98 39 28 68 36 96 85 90 64 93 70 78 2 18 29 75 27 22 92 35 7
27 47 62 60 76 66 79 43 2 34 69 77 88 39 81 3 7 20 35 1 16 38 6 95 73 81 39 26 22 40 12 34 12 74 68 6 95 17 13 40 30 2 13 54 87 8 91 28 45 1
75 79 60 17 59 49 27 67 8 67 7 3 29 84 4 13 5 13 96 21 15 8 90 26 23 50 42 97 45 13 79 32 94 39 98 90 18 79 18 32 16 86 5 59 16 85 94 80 52 21
57 90 42 76 59 27 94 96 44 73 63 85 65 33 22 82 44 53 15 7 88 66 52 81 44 98 13 7 54 78 45 62 26 55 95 52 93 47 4 68 16 68 19 71 60 82 13 27 63 7
15 51 27 31 53 32 8 44 1 53 47 64 22 24 29 30 3 57 92 15 83 10 79 82 98 30 81 2 38 10 86 79 93 27 13 79 96 31 86 23 11 47 88 66 34 44 11 33 62 15
27 96 27 72 57 76 11 19 96 11 37 2 18 61 3 24 52 79 12 39 1 68 96 26 63 52 68 9 47 21 64 47 28 37 27 96 35 67 9 70 37 2 75 93 5 51 51 72 50 39
39 51 83 11 89 18 11 82 82 64 63 35 82 53 81 64 6 91 10 65 21 20 20 13 84 27 67 30 35 44 73 15 42 77 96 20 24 75 59 72 12 91 33 15 56 66 15 32 11 65
82 97 57 16 56 70 75 19 17 56 20 61 3 53 22 97 32 37 83 45 25 69 18 4 53 16 38 53 79 25 75 72 75 88 59 18 7 21 24 61 53 64 96 76 35 49 52 4 57 45
28 82 92 33 64 85 71 57 43 22 85 60 48 40 20 78 14 66 29 51 59 82 92 10 57 62 33 44 88 46 23 59 39 38 54 92 81 47 35 40 10 35 50 34 94 21 32 89 57 51
85 18 2 72 45 97 3 68 88 61 77 73 71 1 8 76 98 40 53 75 59 47 22 79 54 63 29 96 29 34 11 29 54 89 56 22 21 35 55 89 7 76 94 66 11 89 22 41 52 75
75 94 43 76 95 21 60 70 44 56 82 19 34 87 24 39 74 50 48 63 71 18 18 53 30 63 50 69 70 82 59 37 97 33 81 18 50 65 80 10 85 87 4 5 61 61 35 91 99 63
61 31 68 93 67 95 72 35 24 96 50 4 92 41 95 31 44 18 98 71 79 41 87 61 50 25 35 89 67 74 20 51 87 22 39 87 63 80 58 87 2 78 96 49 4 45 41 82 77 71
88 92 23 98 38 14 91 82 17 92 57 78 83 54 61 98 28 29 21 86 33 12 60 9 89 13 37 4 77 29 80 50 98 42 62 60 34 3 5 95 16 30 59 4 31 86 92 47 47 86
22 69 16 60 47 79 8 91 74 17 1 44 14 56 83 37 17 27 1 55 9 63 81 10 10 34 88 22 81 64 42 20 49 71 11 81 14 25 40 52 30 63 7 5 20 18 99 23 3 55
12 33 99 67 19 81 2 44 79 5 85 89 14 72 32 61 68 19 27 62 2 11 17 3 94 54 90 85 82 82 21 41 9 33 37 17 7 63 9 85 16 69 8 76 78 45 48 63 93 62
97 11 51 69 46 19 9 8 62 41 10 75 43 99 81 93 88 61 89 10 67 61 44 7 73 89 82 56 8 22 91 95 2 57 58 44 45 28 21 37 71 62 74 57 24 71 38 98 34 10
52 81 84 12 4 61 97 17 86 1 64 96 38 7 13 35 40 67 39 57 10 17 7 62 78 2 85 15 27 59 90 74 67 95 44 7 3 8 74 4 70 30 66 13 11 63 76 24 23 57
95 46 66 2 50 89 87 46 91 89 20 64 27 10 77 69 54 11 62 60 74 19 4 27 51 73 80 34 45 51 60 70 90 11 15 4 14 82 40 25 85 37 24 82 30 2 31 36 36 60
