20 50 4366 2.41
77 45 1 74 66 48 29 33 15 97 98 15 25 46 52 89 17 14 35 77 51 39 49 47 65 95 51 25 62 60 1 62 50 39 27 3 14 3 94 2 82 1 21 33 88 43 61 78 74 77
36 76 63 70 81 71 51 16 62 7 85 89 31 76 1 41 15 42 37 69 38 54 28 37 97 66 81 44 76 6 60 88 90 54 47 87 42 69 19 20 67 78 46 95 15 57 24 30 93 69
57 58 38 81 79 81 12 78 89 34 4 91 35 41 15 47 25 75 95 67 75 88 60 12 10 78 14 95 47 32 88 5 19 55 42 59 75 40 11 79 21 79 78 81 10 31 1 33 45 67
83 76 54 18 98 46 44 77 83 58 14 26 59 67 5 43 16 30 22 95 38 41 92 87 80 28 38 54 5 4 89 26 68 7 12 90 30 23 97 77 84 57 60 20 40 67 34 90 69 95
64 95 14 44 7 60 63 55 70 71 14 4 9 76 93 91 31 23 25 94 3 67 79 45 50 15 74 74 32 10 94 3 37 2 15 25 23 54 75 33 48 75 97 74 4 67 44 79 79 94
67 19 55 54 32 68 26 9 23 11 95 75 35 16 19 32 37 67 5 86 5 48 23 88 8 56 12 29 28 40 39 81 21 91 19 82 67 88 27 64 41 36 89 32 6 25 11 53 99 86
58 82 76 63 39 3 61 78 96 50 25 40 97 31 67 74 59 45 36 9 79 53 39 25 25 66 42 26 62 71 34 71 49 52 45 81 45 91 34 13 20 1 54 62 15 26 78 95 23 9
72 67 53 19 53 63 14 87 43 10 33 1 84 55 71 63 58 86 36 45 7 35 85 41 23 7 94 35 86 34 84 35 13 99 81 32 86 65 47 38 36 49 61 8 52 91 92 72 32 45
19 92 96 84 29 60 50 15 23 89 45 41 30 26 99 51 62 16 31 1 98 2 47 86 19 36 97 44 6 58 68 59 64 82 68 43 16 81 12 80 16 42 70 47 82 20 64 15 61 1
92 28 87 82 21 12 45 93 97 7 20 18 20 40 54 6 25 58 84 64 41 61 9 81 65 92 95 29 51 54 65 88 58 5 70 32 58 64 85 27 13 93 59 95 96 30 82 95 22 64
72 91 81 1 99 73 60 38 97 80 54 55 40 92 17 51 92 3 30 58 90 85 33 23 59 9 64 29 94 45 44 46 39 85 63 90 3 61 14 87 94 11 60 25 56 22 59 78 92 58
87 99 94 80 94 1 30 71 44 93 98 94 22 62 27 85 54 20 88 53 61 9 5 39 18 41 75 85 34 8 54 15 60 86 2 43 20 43 12 96 77 77 21 89 83 64 7 33 53 53
76 28 70 72 8 87 66 7 50 38 27 50 99 20 37 7 54 91 58 2 7 13 9 8 52 76 69 38 33 4 13 12 26 3 66 8 91 17 98 80 45 47 68 95 97 77 89 70 24 2
81 36 25 75 7 61 72 89 4 98 6 67 31 11 52 82 33 12 27 14 11 87 48 81 2 98 99 86 7 52 84 61 51 50 57 67 12 14 73 34 86 17 61 86 24 53 21 25 60 14
27 96 38 41 62 16 75 3 4 8 18 76 23 7 71 71 30 68 20 60 23 33 49 23 36 19 39 94 47 73 42 17 51 69 60 21 68 41 82 92 65 8 81 3 5 94 58 9 88 60
27 16 42 13 69 32 78 43 28 39 67 2 65 42 5 29 38 89 57 46 7 27 15 41 51 26 8 76 69 50 46 11 38 16 38 22 89 50 76 58 73 34 83 7 21 27 11 82 10 46
1 89 24 38 33 71 65 60 37 24 48 17 99 59 17 5 71 75 94 65 64 12 84 21 15 70 39 63 97 1 94 39 54 39 31 45 75 33 89 97 1 50 45 19 65 11 26 48 35 65
88 34 52 64 67 57 57 33 53 69 78 71 22 32 13 51 54 33 87 87 6 92 52 78 52 89 6 24 39 31 34 9 64 86 38 30 33 14 92 2 98 71 33 9 65 3 6 61 99 87
78 8 55 88 86 68 74 79 3 72 27 17 54 54 88 12 18 5 61 35 26 72 46 12 72 1 29 5 6 85 77 6 2 41 73 72 5 67 66 8 68 20 9 31 60 23 31 7 10 35
31 1 44 73 90 82 55 99 34 59 71 91 82 57 96 74 67 95 35 57 48 4 25 67 74 96 65 49 83 20 26 23 36 79 88 23 95 72 41 3 52 93 47 23 96 55 18 12 4 57
