20 50 4414 2.43
14 40 53 6 67 77 52 56 61 37 90 6 65 2 39 74 30 98 54 87 23 45 58 78 68 17 93 12 35 72 6 1 20 89 5 14 44 80 47 79 16 33 52 46 22 63 97 86 76 87
51 49 31 53 78 54 23 84 26 94 68 53 75 45 61 15 60 57 21 15 82 43 72 59 97 29 29 38 90 55 55 41 99 32 94 59 82 51 21 34 24 28 63 55 89 47 95 3 66 15
28 24 4 23 63 55 99 50 4 21 69 23 32 78 36 79 45 92 42 2 12 35 29 9 61 4 96 77 98 65 74 50 20 38 81 98 17 56 57 44 51 3 26 14 97 27 7 94 69 2
43 49 25 27 81 83 54 55 98 16 94 27 25 29 3 69 97 14 28 94 13 96 17 24 39 32 99 51 34 6 3 44 60 28 4 40 73 93 88 49 23 44 78 56 91 63 17 35 6 94
26 67 92 55 4 29 16 86 89 46 8 55 5 14 32 58 95 5 11 75 62 61 18 40 64 26 97 23 30 35 20 77 3 52 7 16 73 99 39 47 12 27 53 32 77 78 7 30 62 75
57 76 36 89 18 42 7 65 14 33 22 89 40 37 86 83 41 77 21 59 85 1 76 41 17 66 74 70 68 91 84 28 80 46 45 58 40 28 38 38 75 41 43 5 99 12 84 72 78 59
24 59 84 68 20 81 80 68 3 69 59 68 23 95 84 58 23 72 74 2 27 85 51 7 6 20 47 3 83 94 33 38 39 31 78 54 6 44 68 7 7 44 71 33 35 92 27 63 63 2
56 85 99 68 40 83 14 47 39 71 45 68 18 68 47 28 1 87 24 61 1 9 85 19 82 92 87 43 68 27 91 51 18 15 23 21 52 70 1 33 42 74 67 20 70 37 86 44 83 61
49 17 52 84 98 90 86 79 18 60 51 84 13 12 43 9 74 21 76 49 84 82 7 30 86 82 55 38 84 88 91 68 35 37 58 81 84 80 31 84 46 57 73 99 56 77 71 16 49 49
33 47 67 8 83 43 62 64 59 4 14 8 38 54 78 49 3 73 21 6 55 50 80 68 60 70 60 44 33 36 43 88 62 18 86 58 14 35 1 23 61 81 90 20 13 37 48 75 63 6
35 99 94 55 8 6 51 22 26 52 60 55 62 51 21 79 13 78 18 37 30 48 94 47 40 35 44 81 30 7 50 5 61 51 1 85 2 48 58 83 2 4 68 14 60 85 92 19 50 37
30 94 25 43 27 65 42 73 68 35 1 43 63 11 62 15 60 53 52 45 76 55 73 51 63 27 16 93 25 75 27 88 61 74 8 78 39 67 30 18 81 22 79 81 92 29 42 87 2 45
6 81 15 15 62 2 34 59 57 30 60 15 76 43 67 20 87 25 42 75 96 22 37 31 82 11 41 40 13 72 65 56 94 4 79 92 19 26 78 67 47 85 55 45 17 91 73 26 23 75
74 68 69 49 63 39 69 90 91 30 71 49 98 7 99 39 7 28 73 37 48 59 81 87 1 20 48 70 45 93 33 4 82 78 3 31 48 66 43 35 17 80 19 53 40 15 52 54 34 37
74 37 66 8 54 55 40 19 97 93 71 8 35 35 49 60 89 90 3 37 43 36 43 28 99 67 54 83 16 9 1 56 17 32 73 99 65 50 86 26 75 86 41 24 68 6 68 1 92 37
64 74 83 89 66 72 98 87 88 94 50 89 54 57 66 26 15 23 3 65 57 42 22 62 63 18 83 53 98 78 26 7 22 47 90 90 77 54 41 74 65 60 20 12 3 49 83 42 71 65
64 16 71 60 32 6 99 62 65 39 7 60 57 19 2 95 59 31 72 44 87 24 88 5 95 82 17 35 99 55 55 98 45 94 9 1 37 45 16 31 68 50 4 4 80 24 24 84 21 44
22 39 63 14 91 93 42 50 89 61 19 14 57 23 8 51 29 62 9 50 96 21 91 80 34 26 72 31 93 80 66 8 49 22 28 84 51 42 98 6 92 97 71 15 36 3 52 83 89 50
48 77 58 83 63 53 39 84 69 35 50 83 16 3 93 21 55 92 17 89 29 99 68 94 5 16 71 35 22 65 16 26 74 83 85 10 58 26 26 53 18 27 20 15 90 3 69 20 22 89
20 64 40 53 25 40 84 25 15 99 70 53 35 38 91 62 41 88 29 73 77 73 53 36 73 9 46 10 28 2 6 66 65 74 51 1 40 26 35 27 75 66 95 12 19 61 18 99 83 73
