20 50 4453 2.43
98 50 88 32 43 39 68 78 69 96 55 48 59 73 20 71 36 91 50 4 41 2 99 11 48 53 97 91 46 18 62 71 28 1 4 14 62 36 25 70 51 87 20 54 71 76 73 94 87 4
81 92 32 39 48 82 67 18 61 45 96 75 94 82 51 54 89 25 81 44 57 7 13 11 95 12 41 12 66 54 53 20 47 45 49 56 7 41 64 91 39 18 54 92 8 30 36 60 18 44
80 20 96 68 46 30 91 49 72 55 62 93 82 24 44 37 9 86 20 15 48 41 10 94 28 88 49 21 8 88 25 79 89 17 6 47 61 64 19 28 53 73 80 77 92 90 17 67 73 15
39 57 6 83 12 64 41 90 87 62 8 21 1 54 28 34 74 94 22 24 4 1 74 10 30 30 83 99 57 90 4 4 86 90 24 96 31 92 59 71 85 88 75 93 47 56 17 29 88 24
34 4 71 85 80 54 66 71 67 16 7 57 39 9 69 66 82 7 21 58 1 27 18 31 74 59 95 34 46 17 3 55 59 2 94 53 34 2 25 85 55 70 55 98 21 25 26 86 70 58
49 85 96 52 87 60 47 21 29 28 19 82 84 99 95 34 68 30 1 53 55 98 8 87 60 82 50 48 63 75 22 59 87 34 39 91 89 53 46 62 48 32 26 31 20 99 49 40 32 53
25 57 56 8 50 85 93 11 45 81 36 57 86 41 29 85 11 39 75 80 81 88 21 77 79 43 2 30 33 30 21 76 79 87 41 17 39 17 78 73 89 13 35 22 65 51 75 40 13 80
69 38 34 50 83 70 1 39 73 58 35 32 94 49 38 51 1 88 8 56 39 78 33 45 23 15 69 19 61 97 64 30 44 16 92 19 1 35 24 68 89 4 8 44 80 53 81 75 4 56
7 63 34 64 64 15 97 24 37 35 20 81 44 98 2 10 54 53 10 11 56 34 10 27 93 2 12 15 60 44 96 3 43 15 82 10 32 42 41 50 87 86 64 81 15 39 78 25 86 11
63 91 54 40 91 43 60 66 52 26 85 79 50 3 40 88 76 3 89 64 24 77 8 75 10 37 51 17 68 25 19 45 28 32 98 71 23 34 9 87 92 23 94 68 35 46 2 97 23 64
56 83 94 38 48 42 21 47 44 66 87 30 54 50 73 78 50 4 55 50 92 28 30 7 41 88 26 85 37 55 9 34 91 31 64 49 82 44 24 95 82 23 83 50 80 38 37 88 23 50
98 80 51 69 18 6 90 66 50 59 80 22 86 92 69 69 76 12 87 22 21 16 35 89 80 16 51 71 12 64 22 97 7 94 74 53 88 52 18 61 84 79 1 87 96 19 45 57 79 22
41 89 80 92 86 64 7 63 11 46 41 5 28 29 99 4 13 9 41 50 74 81 15 33 1 91 32 4 49 57 15 43 84 67 77 41 28 17 23 29 48 13 62 9 25 82 17 39 13 50
86 72 81 90 81 44 14 85 39 85 56 23 95 70 30 49 23 95 47 24 18 15 90 66 96 16 29 20 70 79 41 17 23 36 62 3 51 8 70 16 48 62 2 94 39 59 50 51 62 24
24 72 82 61 21 52 35 12 3 52 29 38 14 81 11 60 62 91 3 56 53 40 77 54 21 44 74 14 67 41 21 75 97 12 60 41 63 82 42 54 47 89 43 56 11 71 46 71 89 56
68 7 69 71 1 86 57 8 51 64 96 85 37 5 69 30 6 9 35 59 31 96 93 57 59 68 78 34 2 87 85 27 62 86 2 67 64 98 72 92 55 16 41 50 55 96 7 91 16 59
88 72 56 52 46 78 50 98 93 85 58 59 25 90 47 73 97 59 75 72 69 57 90 69 35 23 8 44 14 91 62 67 53 26 60 44 8 44 94 41 21 38 81 37 22 13 24 23 38 72
98 66 2 43 73 99 73 75 89 36 61 67 90 28 58 15 88 61 50 41 51 9 32 80 75 18 99 98 56 61 32 1 13 92 64 56 74 93 86 4 27 24 80 25 77 50 55 51 24 41
71 53 87 7 59 48 32 39 16 22 87 24 49 65 26 18 4 68 59 18 24 15 17 41 65 39 68 62 45 62 52 85 74 47 36 13 96 72 53 28 5 48 39 59 9 82 42 44 48 18
66 69 48 82 84 51 78 87 95 15 49 20 3 1 99 10 13 2 61 90 24 51 53 78 79 20 24 64 26 22 34 16 23 87 73 58 66 83 4 70 1 51 34 1 39 13 39 26 51 90
