10 100 6416 7.28
20 37 53 46 90 68 4 4 18 60 80 7 15 24 99 21 50 96 71 42 59 60 95 52 85 24 49 83 62 2 89 14 95 91 75 68 97 33 69 28 82 4 44 93 82 14 63 73 58 84 44 41 55 98 53 47 57 71 91 98 89 12 8 46 75 5 91 2 93 86 10 28 53 97 80 55 70 75 33 80 40 18 41 99 6 57 17 98 42 74 95 21 33 31 4 17 34 78 37 60
59 66 76 74 47 26 71 19 21 9 12 49 96 68 21 31 69 35 11 79 73 29 67 82 30 71 56 20 37 13 62 24 21 59 95 65 61 52 46 35 36 93 46 66 17 66 16 5 41 87 34 81 28 76 95 55 23 5 24 82 40 81 90 27 53 3 86 66 72 63 36 16 32 6 37 76 66 56 36 37 53 76 78 26 62 26 67 85 93 53 65 48 2 8 80 86 24 47 48 9
8 61 47 26 12 76 55 38 54 8 86 6 65 65 15 66 93 56 10 59 75 85 76 63 20 28 92 14 38 92 44 79 55 8 35 85 41 39 89 39 10 23 21 17 55 53 94 75 81 30 83 41 88 85 25 76 59 10 78 42 78 20 67 77 60 24 27 70 96 24 76 74 84 72 18 97 62 30 23 18 33 55 29 34 67 14 96 60 56 18 58 66 10 15 27 19 7 91 9 8
64 56 48 37 36 22 84 68 83 12 19 30 49 56 68 57 53 33 97 93 84 39 24 79 99 67 86 89 98 32 28 25 21 78 32 60 77 85 24 32 98 22 8 38 33 31 22 9 96 26 75 83 46 44 78 88 45 58 17 87 37 14 1 52 45 70 24 62 50 34 78 12 14 89 50 89 55 89 62 50 74 21 29 6 27 49 71 14 65 82 21 47 38 5 7 2 43 93 57 12
30 21 66 57 32 73 93 43 32 10 59 4 77 14 22 84 7 86 70 64 46 30 93 80 70 10 95 49 93 71 80 25 13 81 77 14 48 77 50 33 88 76 17 96 39 98 96 2 43 72 3 87 14 1 4 79 78 9 68 85 82 69 85 5 95 31 91 21 58 35 98 59 77 33 70 19 57 31 22 70 46 64 77 3 34 60 11 72 10 11 67 82 59 55 76 30 65 45 75 10
95 3 38 98 61 56 66 72 36 13 90 92 81 44 46 98 27 67 92 99 77 64 29 53 94 48 61 25 65 48 26 79 19 18 62 57 31 31 25 45 38 46 88 51 69 97 54 74 63 42 43 29 82 96 72 36 93 25 39 88 34 62 77 90 44 65 51 36 24 39 96 98 80 48 15 55 77 3 26 15 17 97 14 67 67 21 27 30 72 81 9 30 93 20 35 85 75 73 93 13
16 53 65 59 96 65 82 22 97 65 68 90 56 39 95 34 69 96 19 59 27 71 26 71 76 38 76 95 69 98 3 2 90 19 82 4 17 74 49 32 8 81 22 91 4 61 27 78 75 78 84 37 17 88 49 59 88 50 76 87 35 81 35 66 63 52 24 44 85 98 10 30 26 1 51 63 63 43 14 51 48 46 14 93 73 88 16 25 51 39 14 13 55 56 57 52 13 42 94 65
83 91 53 38 82 52 40 51 49 22 65 32 23 85 6 43 35 69 47 54 56 11 29 95 34 30 77 53 66 96 90 16 53 80 22 83 68 44 78 3 21 30 84 22 64 88 3 44 11 84 89 96 58 64 80 59 54 51 25 87 2 42 12 11 3 66 31 29 59 23 85 97 11 90 48 14 32 23 37 48 82 22 10 80 65 9 37 83 63 75 79 11 19 19 76 6 17 52 53 22
92 17 85 64 79 13 77 55 66 94 64 33 98 68 88 44 92 30 52 11 94 96 97 92 50 73 74 63 45 31 64 6 62 90 83 81 76 78 55 2 77 13 87 49 75 28 80 23 98 23 71 12 72 16 42 31 66 82 52 56 98 50 88 66 48 61 87 83 71 13 47 58 82 42 19 36 34 51 83 19 49 60 21 38 45 9 98 18 23 4 3 36 68 66 8 40 51 13 21 94
63 95 62 74 19 91 22 53 54 30 42 60 62 56 84 39 50 12 93 16 32 55 59 61 34 43 1 37 41 59 95 3 86 53 42 42 51 69 4 48 48 39 14 89 91 41 74 42 87 46 14 90 62 12 77 40 92 70 78 8 67 85 65 10 35 13 61 34 97 6 97 59 58 66 9 95 31 76 37 9 2 47 95 38 64 14 6 7 16 33 72 4 27 57 32 99 16 62 21 30
