10 100 6065 7.29
19 71 29 66 54 23 30 85 63 93 17 36 90 85 5 53 91 12 73 33 95 8 50 21 57 34 58 77 5 40 1 45 91 20 56 10 43 58 12 72 98 46 88 22 73 23 5 7 37 81 12 94 78 65 25 78 28 57 52 56 87 43 54 8 30 2 23 35 1 14 2 38 27 53 54 30 3 71 74 65 60 52 2 10 45 4 3 66 55 35 48 14 20 46 17 18 46 97 26 93
54 48 18 57 96 85 4 93 72 46 95 74 74 70 16 73 71 19 62 24 75 11 74 6 50 75 5 57 25 14 61 79 68 8 24 82 72 35 31 15 65 88 16 28 95 18 56 54 36 72 12 71 31 87 49 25 87 33 55 70 31 89 16 89 11 89 70 21 23 7 16 18 7 62 33 2 81 10 10 98 2 54 1 67 93 94 40 65 57 83 5 7 2 62 67 65 35 69 79 46
84 13 6 85 85 6 26 98 23 3 38 94 81 49 27 33 2 81 26 40 93 83 9 1 55 93 56 33 96 93 78 92 74 56 65 9 35 88 51 23 60 60 7 43 76 19 96 76 60 12 27 27 65 7 5 45 51 38 49 15 94 66 63 84 44 5 5 5 88 53 9 4 6 64 51 69 62 71 10 76 60 93 17 67 90 25 18 58 38 87 36 53 21 56 59 58 66 29 71 3
21 84 29 31 22 70 55 92 40 62 76 79 79 56 94 70 15 71 35 41 64 1 67 84 88 95 24 47 48 40 74 81 82 31 79 12 2 51 44 97 95 29 41 92 1 25 36 29 4 15 44 55 34 88 36 46 98 79 65 44 17 25 99 18 2 72 44 60 59 88 42 1 98 18 80 54 26 6 74 39 85 45 42 10 93 6 41 5 26 89 77 88 25 23 67 93 13 93 27 62
63 48 31 16 45 2 4 45 95 50 70 51 78 87 4 68 22 82 51 46 87 70 28 71 46 1 55 24 43 30 41 2 20 11 45 11 76 12 56 74 32 97 54 35 85 11 97 49 17 54 52 17 45 53 74 6 63 99 3 39 88 12 44 21 41 33 16 22 34 33 78 28 71 59 4 62 45 22 30 22 32 48 70 99 9 52 23 66 93 66 65 33 15 95 66 66 41 88 14 50
36 25 62 83 34 26 79 92 79 29 11 87 93 11 24 60 19 80 93 88 8 87 48 18 58 49 31 22 61 71 44 18 13 28 54 59 98 11 22 88 51 96 89 15 32 35 1 53 81 15 82 92 6 8 45 65 69 20 54 4 99 22 71 13 56 71 82 13 70 50 60 49 14 82 65 34 11 83 75 45 61 67 22 1 98 20 78 39 42 18 93 50 45 19 53 86 12 63 56 29
92 69 62 19 72 60 68 10 34 60 87 92 85 47 77 88 86 77 41 5 62 80 9 18 94 10 87 7 70 40 19 33 25 44 8 30 52 66 50 69 59 67 92 50 70 82 70 99 21 36 65 92 90 29 8 97 7 76 58 71 9 82 53 17 17 36 86 4 74 28 61 37 37 52 68 13 37 86 98 8 10 58 58 7 96 50 94 40 7 14 37 28 47 37 27 46 62 16 82 60
50 79 55 82 99 42 78 20 60 65 58 27 29 30 85 77 67 70 59 69 91 80 97 50 76 7 2 37 34 22 60 48 59 92 91 61 94 23 61 25 25 51 73 94 75 89 56 1 77 59 27 13 4 12 20 60 46 90 80 41 63 92 54 26 55 25 44 31 34 38 99 61 43 2 40 19 5 72 15 65 17 12 8 81 4 27 39 50 27 74 70 38 38 20 56 42 4 2 55 65
97 50 74 52 9 66 23 76 65 45 69 81 37 27 52 19 49 3 46 38 90 31 46 76 55 88 65 55 23 12 54 87 58 69 10 79 16 21 38 18 98 29 83 56 33 5 73 2 55 46 28 19 49 11 58 12 78 4 82 3 21 63 74 43 26 36 58 98 21 52 10 60 69 15 15 7 21 84 75 7 95 49 2 20 1 98 24 64 20 84 31 52 72 10 5 8 44 29 85 45
95 32 58 12 85 8 68 50 91 82 47 81 18 98 92 21 94 63 3 25 74 38 25 56 38 61 56 76 29 96 71 77 42 22 53 46 24 77 89 15 20 85 67 33 64 42 57 69 50 49 83 79 26 96 99 50 7 54 9 74 41 50 88 16 22 89 30 71 9 15 20 93 64 55 17 75 21 6 70 51 12 5 25 43 83 8 53 79 28 19 9 15 44 69 6 20 18 41 6 82
