10 100 6206 7.28
47 4 57 95 39 51 54 72 12 73 95 50 99 19 43 35 26 55 19 27 30 94 2 68 9 41 59 73 99 58 51 78 35 31 57 79 8 80 52 22 99 69 2 7 91 63 64 77 78 34 84 99 75 16 40 37 48 43 7 33 25 8 80 35 32 78 30 88 71 68 15 50 42 84 91 99 5 11 9 5 18 78 26 20 77 96 42 11 49 35 30 92 44 44 37 63 79 6 48 73
94 56 20 91 45 37 24 40 93 96 77 36 32 96 74 65 22 92 53 8 32 58 94 53 89 68 52 13 48 10 20 95 32 71 78 88 29 58 72 71 25 41 16 61 28 41 36 74 39 98 44 74 30 49 56 84 39 39 6 64 18 29 20 1 63 81 83 20 66 79 50 81 62 11 95 57 47 51 69 63 93 31 38 89 83 19 92 47 23 76 37 81 10 76 12 72 5 1 45 96
56 48 97 67 52 79 49 20 31 61 80 1 29 81 83 4 5 44 66 49 50 15 96 74 98 78 66 22 6 37 42 33 19 46 64 77 71 35 24 12 12 24 26 77 41 96 54 41 30 85 49 51 7 54 20 18 34 7 49 56 79 71 57 36 73 31 37 53 45 23 27 3 85 69 87 28 28 30 96 19 40 91 86 69 40 28 34 30 18 82 75 43 31 13 76 48 84 6 39 61
59 99 78 14 10 55 73 81 94 18 9 78 98 80 75 38 89 11 87 55 99 3 6 7 10 80 36 88 12 30 56 63 76 10 3 29 87 68 54 85 96 61 42 9 11 59 91 2 84 89 21 94 55 83 52 71 50 3 21 46 53 87 27 56 22 30 54 20 44 56 48 4 55 61 51 18 44 37 68 55 22 56 5 8 50 15 44 81 33 65 19 94 34 42 43 46 67 26 98 18
74 82 28 92 42 90 63 22 26 71 64 97 94 63 36 84 14 80 84 66 47 12 24 91 41 46 62 86 70 70 73 56 90 49 72 80 29 41 37 56 65 11 92 97 36 3 34 39 14 43 65 91 84 21 63 38 61 5 38 90 25 29 12 62 41 46 30 44 91 78 6 21 75 67 31 84 30 32 62 37 83 80 80 47 95 4 72 70 20 12 95 75 32 3 9 83 97 69 74 71
78 84 88 30 92 91 81 42 58 99 71 74 79 99 2 80 43 60 53 41 61 87 93 42 81 3 73 19 45 63 53 26 67 27 78 25 54 78 31 63 47 96 70 26 10 36 50 83 31 51 18 36 87 39 3 33 86 60 6 55 8 54 36 87 17 3 74 95 44 28 89 3 37 44 43 88 27 45 9 70 57 53 64 17 41 2 28 33 20 66 69 11 52 33 6 37 48 71 74 99
17 6 66 86 10 45 62 42 60 42 70 26 6 35 67 61 45 64 51 93 79 89 17 74 43 19 20 52 94 96 27 95 60 79 5 85 32 92 68 22 31 60 78 88 35 26 15 80 50 20 4 5 14 34 64 32 47 52 70 49 89 32 24 60 61 60 14 91 15 53 17 25 56 63 39 71 11 10 75 31 30 78 94 35 19 25 21 23 8 95 31 84 60 41 97 6 77 23 55 42
74 69 90 77 97 62 68 93 71 83 31 68 91 27 63 37 49 44 89 89 54 72 71 89 74 7 67 70 11 85 30 52 44 85 76 7 27 61 60 53 77 92 38 13 37 59 26 64 33 56 42 11 46 69 6 21 77 96 50 82 2 27 46 29 81 62 46 1 74 67 63 20 10 85 79 77 4 30 68 12 21 22 89 74 48 47 59 13 26 7 79 49 37 64 79 12 95 43 87 83
12 67 66 78 16 53 93 91 5 85 83 48 89 30 10 71 77 87 15 92 4 76 90 36 27 97 19 40 28 70 47 5 50 40 33 46 18 90 54 81 33 8 78 46 95 64 45 65 21 32 49 46 25 36 93 69 32 80 77 63 63 18 1 90 16 6 38 45 98 67 85 68 46 45 4 84 53 5 6 47 91 97 4 52 12 38 23 8 31 98 76 33 24 58 59 1 31 23 21 85
98 15 64 34 72 84 86 39 97 61 78 60 70 2 94 58 77 1 69 99 43 76 12 5 50 34 50 52 16 49 59 43 12 13 19 86 14 45 73 26 21 40 54 59 58 10 69 79 30 8 84 47 45 17 9 59 81 7 31 1 97 14 5 8 24 7 20 43 86 36 16 76 72 12 63 73 30 18 7 38 14 55 83 62 20 28 9 51 82 28 18 67 69 26 68 15 6 61 24 61
