10 100 6563 7.26
79 70 46 46 91 62 56 62 49 24 52 63 59 29 41 81 44 98 35 31 94 42 51 2 82 62 87 81 71 33 30 19 21 95 50 92 66 23 22 6 52 98 22 96 10 15 79 46 6 37 95 42 84 60 4 61 92 31 49 73 89 65 3 85 69 2 86 66 49 79 18 26 5 61 9 64 53 43 83 14 11 71 39 80 3 89 95 2 53 52 52 17 57 4 13 4 70 44 90 24
58 98 50 32 79 93 95 58 79 84 2 33 40 92 43 69 2 55 42 88 43 93 22 82 31 7 2 49 45 71 70 93 89 30 66 61 6 71 74 12 36 65 56 22 54 60 63 44 11 60 84 61 20 9 26 31 98 48 35 46 1 62 34 76 45 42 42 35 46 99 93 61 64 31 73 48 77 65 67 25 43 4 98 38 19 26 5 10 97 69 65 4 91 56 43 39 80 74 83 84
88 89 66 91 31 60 97 54 67 53 53 92 32 78 47 83 14 65 38 22 90 34 94 42 31 13 40 92 55 99 66 63 67 8 21 91 88 36 57 73 16 57 75 91 47 20 98 14 31 13 64 6 30 14 92 16 3 91 82 37 28 69 15 73 27 70 90 51 99 41 99 38 21 16 85 25 8 88 97 14 96 44 67 6 96 23 62 47 8 72 73 82 46 67 10 98 74 23 80 53
92 58 75 36 26 97 35 95 89 39 16 13 80 25 91 14 25 66 64 23 33 55 96 90 53 53 89 52 27 41 53 20 66 72 26 29 69 91 98 11 70 87 1 18 7 27 46 58 75 22 5 12 66 20 25 22 47 83 65 70 53 10 32 61 18 88 7 57 25 21 31 67 62 22 68 29 64 3 38 36 65 24 19 61 32 62 84 48 49 30 2 8 46 18 88 15 88 96 56 39
14 66 72 79 79 75 33 39 63 54 60 23 63 78 30 62 90 16 8 68 47 56 73 51 49 56 57 99 47 55 21 26 50 33 74 45 83 70 65 39 23 56 76 6 38 49 41 61 77 92 76 56 6 37 93 20 42 58 60 52 55 28 83 45 45 45 66 46 53 41 9 38 63 20 12 49 5 43 12 40 46 61 27 20 56 92 21 58 27 23 66 27 3 62 35 27 98 31 78 54
78 68 74 37 53 55 14 50 50 2 43 68 43 53 67 74 94 36 98 94 26 85 42 63 84 53 9 96 37 6 72 10 70 14 83 3 91 22 83 56 64 80 98 1 68 93 93 28 6 68 73 5 54 66 63 9 69 39 60 94 76 2 65 22 97 36 81 94 75 49 26 74 4 9 58 78 5 97 52 19 76 63 56 33 51 50 20 12 67 22 28 82 72 83 40 58 67 95 8 2
67 77 71 75 92 10 29 58 63 84 92 86 97 2 69 22 61 75 79 35 85 91 85 47 68 93 22 56 82 82 59 64 40 3 75 60 62 77 15 45 26 4 7 91 89 45 40 76 7 17 58 6 58 6 93 34 24 82 76 95 60 45 43 91 56 14 95 7 91 23 72 41 32 34 11 91 20 34 24 17 94 1 9 33 95 7 10 41 20 18 87 40 78 88 17 12 80 88 33 84
85 15 79 76 71 68 68 93 92 95 53 53 18 90 33 34 92 21 95 83 59 86 28 35 31 2 75 70 43 63 82 46 37 84 18 16 94 60 59 17 4 45 58 46 31 63 27 10 65 52 54 75 83 31 50 11 83 56 39 50 40 86 70 43 36 64 40 28 94 89 35 15 28 11 60 85 69 73 67 12 17 51 32 13 60 83 40 98 41 97 4 94 93 47 1 39 12 25 71 95
48 96 88 95 81 99 92 54 28 79 92 34 33 46 95 39 63 17 54 32 38 22 47 41 87 97 96 98 43 28 92 69 29 43 46 19 77 73 11 86 80 62 3 56 16 85 47 29 80 19 3 44 71 89 18 96 23 44 49 23 88 15 83 6 69 3 49 81 77 7 4 94 57 96 77 88 6 72 96 11 46 77 85 20 61 29 58 82 33 59 69 76 54 18 45 5 76 39 72 79
87 51 26 96 35 32 85 29 46 64 93 91 96 93 45 82 76 70 16 75 44 16 56 43 85 95 42 1 27 56 42 53 36 53 28 52 27 85 55 93 88 59 49 33 27 80 92 92 12 51 76 80 35 52 91 92 94 76 29 72 98 71 3 63 19 45 27 9 75 43 87 50 83 92 75 40 69 49 33 56 29 75 10 39 84 50 45 15 62 73 42 9 59 76 2 25 95 6 8 64
