10 100 6186 7.27
60 37 70 84 7 47 88 90 40 89 43 9 43 60 72 19 3 72 74 70 83 11 59 40 22 88 78 69 49 95 78 87 11 24 7 27 42 83 43 66 41 54 20 67 35 80 84 69 6 69 31 51 69 97 65 42 35 10 18 15 49 18 15 67 68 67 99 87 2 61 20 24 33 3 86 64 16 39 85 29 54 95 54 92 96 5 27 56 32 49 81 37 52 52 94 57 64 28 23 89
98 89 63 47 57 58 19 79 37 37 76 71 91 92 26 15 92 59 80 31 82 26 44 89 72 9 38 47 29 63 31 2 17 72 86 63 8 40 20 77 14 35 79 29 41 55 30 15 43 15 52 63 19 49 57 11 76 99 24 66 44 7 66 31 1 46 5 17 31 74 70 76 97 35 80 41 76 20 30 71 93 91 48 19 65 11 76 57 77 73 18 19 86 46 99 21 94 7 41 37
51 54 59 25 83 42 72 2 76 26 66 93 75 64 71 90 59 29 41 60 23 98 86 93 30 44 19 36 98 38 24 10 1 31 42 5 45 56 62 62 74 96 96 62 91 68 1 7 41 7 55 25 76 99 57 1 79 41 67 55 5 10 27 99 10 34 28 73 1 37 48 32 85 31 20 12 23 95 37 84 63 12 66 89 40 85 11 4 64 95 46 17 11 11 3 91 46 3 62 26
72 74 73 81 26 78 6 73 87 84 51 59 77 87 49 22 42 88 48 35 54 10 75 61 25 80 23 8 1 83 77 80 40 26 50 69 17 73 27 33 76 96 23 41 22 23 24 95 70 95 92 66 39 52 40 50 24 50 84 86 27 25 15 20 50 2 8 87 17 95 28 14 40 4 94 40 2 40 62 26 16 20 25 52 11 24 74 34 13 84 7 23 86 46 82 97 4 65 75 84
85 83 67 18 96 12 50 82 30 95 67 46 88 18 79 31 36 21 55 7 4 73 12 35 7 79 60 5 34 7 60 29 24 77 85 4 59 9 20 29 72 57 4 2 34 25 24 3 68 3 10 8 30 22 52 95 76 11 42 65 8 8 60 63 77 7 66 64 22 22 42 10 56 38 62 54 94 83 20 20 3 6 87 66 71 75 49 82 44 34 97 33 70 71 10 81 57 3 45 95
61 51 42 76 65 92 58 66 26 90 16 43 57 78 57 66 92 98 14 14 46 8 66 99 30 79 53 88 99 70 69 27 62 53 39 66 60 32 91 54 56 6 32 89 17 59 44 38 2 38 64 67 6 80 85 91 62 31 72 97 50 12 6 35 79 27 49 24 72 84 18 27 32 72 60 65 97 72 24 53 58 61 72 36 34 43 80 5 28 33 48 50 88 2 49 25 29 4 71 90
68 99 80 84 57 94 69 25 48 29 72 94 56 43 2 4 64 54 38 84 55 45 65 26 93 25 70 33 66 99 28 38 97 86 50 57 25 30 99 71 1 79 54 56 57 6 21 61 73 61 56 27 3 1 11 98 43 69 19 85 71 1 26 45 68 52 36 76 4 30 19 86 23 6 13 69 60 32 13 12 68 55 1 34 23 89 84 36 40 33 50 43 37 8 88 52 97 89 66 29
6 99 95 82 88 62 85 12 36 48 76 99 23 52 99 91 84 72 98 65 40 80 28 58 97 47 37 27 11 46 30 23 7 25 54 15 55 51 86 70 14 46 76 14 88 57 54 6 68 6 30 57 74 41 99 62 65 57 62 72 1 92 17 19 70 85 21 9 62 62 87 14 70 14 35 78 7 44 41 47 57 11 98 81 10 35 41 65 39 49 59 53 60 54 44 89 65 50 26 48
54 22 72 63 36 43 82 87 97 12 8 55 5 26 81 87 74 89 54 50 65 79 47 40 87 93 91 79 22 62 67 77 83 83 73 38 94 68 63 16 23 29 10 60 16 93 96 11 30 11 44 3 97 97 27 61 81 79 55 90 75 73 64 31 26 33 1 64 50 65 2 87 58 61 37 40 41 8 83 15 7 29 95 27 35 64 60 31 24 79 15 3 45 56 22 59 10 31 46 12
97 36 22 33 83 71 97 91 32 65 87 20 23 25 10 82 15 94 5 48 23 59 69 11 75 85 41 73 45 28 64 93 89 5 24 86 19 58 93 55 55 15 83 75 22 59 68 78 12 78 84 33 12 38 27 13 18 43 37 57 71 68 30 16 64 82 34 4 44 6 89 66 67 17 63 3 87 33 66 35 34 55 25 4 28 67 15 41 17 14 10 26 94 15 82 34 8 41 15 65
