10 100 5891 7.28
60 30 88 59 39 96 43 27 23 72 7 9 26 42 40 74 27 44 3 53 19 72 75 4 88 76 97 75 63 21 19 64 14 4 8 14 35 28 39 75 56 64 74 89 32 39 20 3 77 62 71 90 44 95 73 80 79 44 62 84 24 8 49 39 77 72 66 2 18 3 58 91 61 44 54 29 2 25 25 66 88 12 36 31 6 83 16 3 4 85 15 45 37 66 76 25 59 18 61 72
14 98 69 93 82 20 21 70 47 56 77 64 1 75 7 35 37 75 24 63 15 68 81 92 92 12 93 44 2 80 25 55 68 62 8 5 81 86 49 98 3 49 16 38 83 12 12 50 97 73 11 93 53 66 25 98 3 53 17 40 26 8 16 72 28 32 66 50 33 91 6 57 85 8 6 93 91 43 7 8 37 47 72 26 23 33 29 71 1 67 36 39 69 31 22 81 17 55 59 56
53 75 60 8 56 54 45 42 59 68 21 31 92 43 98 13 10 73 4 42 4 24 94 72 35 35 45 35 25 46 43 19 20 43 41 22 28 70 73 85 54 78 34 55 20 37 37 23 65 42 78 78 25 86 16 88 99 25 28 43 1 11 3 2 12 26 23 29 39 42 18 46 53 27 28 87 97 39 32 86 21 47 83 72 33 58 20 26 13 2 42 9 74 43 10 47 16 77 3 68
54 45 88 92 82 86 20 58 13 5 17 51 57 82 66 80 91 11 78 86 81 76 92 27 16 5 61 49 27 87 58 34 73 13 46 47 24 73 98 51 10 50 33 46 44 92 31 62 92 47 14 5 1 43 48 89 10 1 14 84 20 41 71 11 11 19 85 40 21 52 41 4 85 60 23 58 88 69 39 1 83 98 63 41 94 38 89 59 77 14 20 92 12 57 59 27 77 60 18 5
67 56 26 17 50 8 98 59 96 36 83 39 59 76 7 68 83 67 47 12 43 3 34 66 37 49 79 27 49 31 32 40 77 53 70 48 48 23 61 47 46 38 73 1 12 54 52 1 25 47 22 25 32 57 55 25 33 32 36 79 22 29 61 60 89 4 56 90 2 21 61 17 97 40 3 70 59 80 86 41 10 98 60 56 95 62 84 2 60 10 92 11 58 43 75 93 3 30 4 36
96 56 72 45 82 89 53 11 70 71 71 82 76 46 91 41 30 78 28 38 72 27 22 94 60 18 10 25 98 9 40 58 25 52 47 13 27 90 91 35 7 17 37 38 27 42 67 22 23 19 27 34 6 57 45 96 18 6 60 41 81 51 59 70 77 61 5 8 45 3 12 81 92 35 55 7 91 17 15 56 66 91 82 54 48 38 28 87 39 48 19 15 13 25 54 41 86 46 68 71
92 63 76 63 27 60 94 61 47 86 82 16 47 5 35 16 31 32 95 79 31 89 97 92 16 79 1 2 34 50 36 99 74 15 74 70 24 15 11 96 80 60 17 19 84 24 12 24 72 28 36 23 1 8 14 49 76 1 97 17 63 90 86 38 35 13 37 44 43 30 60 37 23 25 72 85 22 5 33 10 32 47 12 12 98 2 27 26 5 7 4 68 89 24 94 20 55 56 14 86
48 94 90 77 97 61 87 90 36 59 87 98 73 80 9 65 88 4 84 14 84 40 31 4 67 95 65 53 80 13 34 76 47 31 51 78 32 1 91 95 9 91 13 71 18 23 47 55 25 2 7 13 6 27 2 48 58 6 82 25 23 29 3 94 57 2 54 54 11 58 84 5 26 43 91 46 34 75 52 88 6 41 44 29 38 93 62 25 21 6 97 64 61 37 81 54 33 60 31 59
62 63 59 78 84 88 66 44 47 9 29 73 77 57 97 84 88 34 72 11 63 89 38 3 16 8 68 94 56 54 55 42 39 44 43 55 42 5 99 61 45 12 82 54 20 23 40 59 40 12 44 93 86 23 18 48 64 86 70 42 42 29 22 14 40 30 7 59 10 28 22 84 4 63 43 13 23 93 35 68 45 6 90 76 20 91 39 15 79 23 1 24 30 63 21 40 10 28 82 9
76 72 40 93 63 19 42 91 95 88 89 52 52 17 39 57 59 60 38 99 86 76 84 36 95 78 46 60 14 32 69 14 44 70 12 66 55 55 56 57 70 78 5 7 15 12 55 72 76 34 40 65 98 26 88 41 96 98 6 25 19 12 3 89 28 42 17 47 70 33 89 22 49 1 5 51 46 36 99 81 41 2 31 21 76 5 75 79 29 20 22 42 19 37 38 8 93 57 53 88
