10 100 6159 7.29
77 92 34 96 24 39 77 91 30 66 25 19 97 11 66 65 93 59 55 74 39 99 57 27 65 12 39 14 10 13 3 95 67 39 70 95 75 51 41 96 68 42 53 71 74 18 72 28 43 22 68 5 69 75 28 54 80 1 80 15 10 30 71 22 99 10 4 74 6 73 34 70 74 20 6 75 68 37 28 7 74 36 98 77 86 89 83 60 13 15 17 40 2 21 58 13 14 12 25 66
79 70 70 96 48 43 66 94 80 57 72 98 70 65 92 32 44 22 43 99 8 17 3 44 48 75 39 39 87 59 50 28 86 23 76 51 18 37 88 75 37 84 85 21 18 14 88 54 7 81 93 50 60 33 36 40 65 95 28 61 24 34 89 76 65 38 3 20 34 33 67 24 63 19 90 72 16 29 80 83 18 38 94 54 17 28 95 30 1 17 43 91 57 24 95 10 65 94 49 57
91 78 93 78 72 91 26 61 24 69 98 35 97 28 67 30 67 17 35 36 89 45 39 52 37 49 73 51 66 46 92 97 7 79 55 39 34 67 62 74 68 27 20 56 27 78 12 53 28 76 25 89 79 94 41 47 40 17 88 31 65 1 29 33 91 25 40 79 28 79 28 38 96 15 13 54 98 17 79 14 27 98 59 44 1 27 77 20 89 55 14 98 51 87 85 12 67 99 57 69
61 31 96 58 84 54 78 89 55 62 31 71 25 82 99 69 32 94 73 15 38 61 30 2 1 26 80 56 3 85 38 99 39 16 35 23 4 87 26 73 42 46 9 13 38 3 61 76 52 79 7 44 67 5 25 73 65 6 38 24 42 51 5 38 46 70 39 46 13 33 99 98 7 36 43 25 8 43 36 30 38 45 5 8 79 63 62 45 16 39 41 85 21 64 50 98 3 63 10 62
42 79 98 23 77 52 80 73 80 86 36 42 82 86 15 40 44 11 81 52 66 75 58 49 92 27 24 56 96 59 56 92 28 75 20 3 40 55 66 83 70 53 19 3 28 44 15 43 16 94 96 93 59 44 85 66 11 24 47 70 2 20 52 77 25 67 34 64 9 68 15 5 77 43 20 69 14 28 70 60 28 3 94 81 96 68 86 27 6 36 12 87 63 59 74 87 86 51 49 86
42 59 84 81 94 51 96 45 84 58 45 67 45 66 15 41 5 76 54 84 99 98 81 35 1 40 33 63 86 80 4 46 52 13 51 66 72 82 11 65 52 55 5 38 42 1 3 4 95 8 62 56 4 78 49 52 23 3 6 70 8 23 14 7 98 25 62 17 82 80 71 42 41 18 63 5 25 95 42 38 42 18 42 2 34 2 80 61 27 2 89 34 80 73 39 66 96 8 75 58
80 86 24 51 72 13 95 35 6 9 66 30 90 66 50 49 84 74 14 98 93 70 44 93 96 38 39 77 9 67 11 89 34 64 29 69 3 70 63 7 65 17 5 41 28 48 53 34 53 95 6 92 19 48 75 9 1 53 37 87 50 83 31 87 90 24 66 70 24 16 21 44 99 67 41 54 32 53 61 36 28 5 79 4 59 64 66 62 17 64 15 74 44 27 83 18 41 18 4 9
97 77 86 65 27 78 10 20 85 19 44 92 34 34 14 73 44 45 54 98 44 11 16 99 7 99 6 80 13 24 28 19 80 40 77 58 44 90 77 54 85 5 72 80 33 94 39 20 90 19 10 80 58 44 28 12 7 71 68 66 55 26 20 64 32 72 46 88 23 77 14 6 48 22 54 28 1 20 58 22 33 51 22 89 16 27 53 2 11 2 16 19 14 48 49 40 10 86 44 19
98 69 33 71 94 67 29 49 28 82 70 31 3 32 26 82 88 67 36 54 14 14 77 67 83 64 65 79 99 31 68 17 74 24 7 82 97 65 73 56 1 72 36 46 34 83 11 96 43 53 37 30 59 28 91 71 27 55 59 88 13 9 64 89 37 71 76 10 62 30 43 11 16 9 74 39 28 21 34 83 34 41 22 63 14 37 62 6 21 63 43 41 39 21 47 67 46 27 69 82
70 38 78 11 5 84 42 13 96 42 68 55 14 77 80 8 30 51 62 83 15 21 81 20 81 58 52 35 12 29 92 94 85 75 10 11 89 47 25 35 75 85 77 24 32 25 42 73 23 24 54 98 12 26 83 54 14 20 18 27 74 44 23 11 19 58 37 68 28 8 4 94 45 13 94 22 78 17 76 19 32 43 22 75 7 49 39 53 17 13 3 59 20 25 57 4 15 91 42 42
