10 100 6277 7.35
67 30 62 59 70 36 36 77 50 93 33 33 12 73 54 88 53 33 49 4 34 99 98 82 40 50 38 52 15 60 70 17 24 76 84 93 89 25 61 95 33 88 58 28 99 6 78 74 5 32 64 10 95 14 41 57 56 28 14 9 46 78 93 90 36 19 80 70 47 97 5 45 91 79 25 59 75 11 85 47 18 68 30 78 56 45 35 79 46 84 18 41 2 35 53 75 93 96 29 93
74 80 94 53 54 1 87 38 87 22 23 68 7 95 86 42 89 83 18 66 65 45 41 60 16 38 52 65 48 51 57 50 30 17 82 52 28 30 32 36 24 16 81 92 25 49 36 37 46 19 2 36 60 37 81 82 31 39 27 11 29 20 5 81 9 38 52 20 27 52 7 79 4 63 53 89 62 94 80 79 36 83 41 20 42 92 61 7 91 15 22 25 8 19 59 34 19 60 10 22
81 46 81 14 12 44 10 99 2 94 86 25 47 27 1 95 17 5 26 52 48 29 2 56 75 29 13 73 18 97 68 65 39 8 2 22 73 44 42 20 4 57 79 24 76 11 18 84 80 15 27 37 58 75 40 69 85 2 95 43 20 18 92 89 65 70 41 39 16 13 46 53 95 34 24 72 79 38 73 94 59 58 46 18 52 35 66 69 19 31 12 28 76 62 32 66 11 75 16 94
71 48 71 9 57 34 51 28 79 36 92 81 95 29 54 2 19 5 70 52 47 93 36 96 50 7 91 72 84 88 4 86 35 6 89 41 76 82 30 46 12 56 75 13 77 83 57 42 25 55 41 48 79 73 5 42 49 43 78 77 83 18 54 51 2 82 40 62 37 38 57 12 30 93 54 8 16 96 19 69 15 28 82 18 44 92 28 38 47 3 33 86 5 26 11 8 7 55 91 36
74 53 54 97 82 72 89 11 37 34 90 39 31 98 4 9 70 68 86 5 15 15 74 88 33 44 60 48 85 53 64 4 83 95 63 13 15 22 74 24 95 63 67 34 18 76 86 12 4 24 67 49 49 28 80 34 25 23 88 53 38 40 57 75 23 38 23 38 47 68 43 77 81 94 26 78 42 33 11 8 23 84 83 40 73 9 17 86 39 81 1 23 81 86 82 6 69 68 89 34
24 57 56 92 57 97 33 80 72 19 48 35 75 87 95 58 35 90 77 92 53 27 59 9 91 75 60 44 66 59 8 26 61 36 36 79 69 52 40 83 60 4 59 56 88 3 13 7 19 74 7 92 62 96 17 4 78 25 35 83 95 40 77 27 40 45 74 59 12 84 82 68 35 28 63 39 23 63 66 15 67 54 66 40 88 88 6 14 20 76 76 12 50 21 23 79 52 24 1 19
14 95 54 84 99 25 81 84 75 2 82 89 90 29 46 67 60 33 4 99 53 14 85 41 1 85 37 1 77 6 38 36 89 97 33 32 3 16 13 38 75 1 56 38 18 80 25 30 32 77 69 35 51 31 46 21 44 77 38 18 45 63 36 99 17 25 91 13 29 31 23 49 24 81 44 50 21 39 42 40 81 75 11 63 37 62 22 70 11 44 58 47 72 54 19 28 52 67 28 2
66 78 38 92 13 96 97 53 50 51 75 80 89 64 68 36 83 75 72 52 39 94 70 23 65 29 56 71 7 30 62 92 66 46 6 13 90 57 74 54 52 47 8 62 87 42 22 24 79 17 27 19 80 19 86 6 52 63 38 1 79 64 13 37 59 16 63 56 8 8 64 90 6 60 72 74 69 38 40 71 15 92 33 64 85 79 23 79 57 9 31 77 46 88 40 63 84 50 75 51
82 32 60 29 27 43 11 62 18 71 19 26 54 30 78 48 89 61 21 14 93 58 15 25 72 49 29 18 76 60 31 90 92 66 33 38 49 42 82 60 26 25 15 62 78 26 69 31 22 13 83 8 25 48 62 95 46 94 52 58 73 44 29 14 69 69 42 24 38 44 31 70 61 2 69 70 53 19 23 64 97 88 46 44 38 10 12 98 66 44 27 5 76 6 60 19 66 89 22 71
79 77 32 50 81 75 91 95 96 70 28 52 9 60 55 98 22 66 49 92 61 90 52 21 32 75 72 13 17 11 50 29 20 19 63 26 27 51 42 64 27 44 52 20 42 89 21 90 58 45 93 61 94 36 20 71 44 13 99 41 37 10 40 84 48 56 51 66 56 90 14 67 95 54 53 7 67 68 65 55 45 25 17 10 14 29 30 77 10 80 32 98 16 72 79 88 95 39 11 70
