10 100 6378 7.26
35 77 49 54 33 68 61 7 30 87 45 39 62 41 32 48 89 49 43 89 67 94 5 85 1 91 55 58 7 99 49 19 25 76 81 29 72 37 28 53 87 32 51 30 27 2 84 95 96 93 92 42 78 27 79 10 22 28 82 75 42 11 10 26 54 90 39 38 49 52 60 79 97 59 78 66 84 77 61 84 60 29 32 22 26 57 56 27 73 85 78 89 31 43 29 96 95 85 71 87
56 74 96 96 60 82 34 60 86 27 94 54 62 19 64 2 19 44 85 83 69 53 93 97 7 40 5 77 18 96 66 92 26 30 35 40 19 69 82 47 11 3 76 61 42 82 18 6 59 62 61 67 38 94 70 44 52 82 10 58 3 48 15 93 9 33 37 88 8 46 72 56 30 15 41 95 76 29 8 13 63 73 42 2 20 70 8 6 11 61 66 56 30 76 19 71 74 40 94 27
9 29 95 37 62 97 41 56 94 94 54 59 44 21 41 66 40 11 76 44 40 19 41 2 89 39 66 84 90 29 99 30 24 58 74 18 34 66 41 52 77 58 95 54 69 32 56 93 24 98 6 27 61 51 87 60 36 41 60 41 12 68 16 93 44 67 51 4 93 1 16 42 11 43 37 32 19 47 59 84 55 22 66 14 29 46 8 48 23 27 8 31 52 92 4 37 32 16 49 94
80 97 90 65 72 35 84 71 36 3 3 41 56 3 42 89 55 83 77 41 83 47 41 46 32 20 88 3 93 72 94 1 50 79 32 60 64 4 33 70 94 27 90 77 77 10 60 3 30 40 32 1 54 20 66 26 82 33 38 92 34 23 12 72 25 25 56 31 5 15 42 25 38 15 48 11 58 89 85 75 74 83 30 97 37 21 5 22 7 9 15 12 24 53 90 61 49 94 24 3
85 61 31 76 35 39 25 88 37 99 51 19 91 88 57 75 1 53 70 23 86 61 22 43 74 62 56 16 6 24 52 59 56 84 58 87 28 28 32 71 6 78 33 93 30 69 67 53 18 93 6 18 24 13 62 24 83 32 85 11 52 46 94 13 85 78 35 40 78 5 4 83 79 41 20 32 73 37 59 94 73 90 57 11 70 96 26 85 83 29 90 87 33 7 71 64 85 75 4 99
85 66 19 12 61 12 97 50 86 88 37 19 52 79 68 2 94 28 8 82 70 2 94 75 76 70 50 40 61 72 41 43 44 67 25 80 30 88 26 43 28 17 15 88 78 7 16 72 2 63 74 70 23 34 43 23 13 26 31 47 14 17 98 76 23 74 31 4 22 45 92 37 79 66 46 67 96 40 8 41 38 5 27 99 39 71 2 35 40 62 11 15 20 19 8 34 1 71 89 88
95 65 63 47 97 31 76 19 81 36 64 52 70 92 59 92 88 94 20 98 62 16 46 21 35 46 86 60 71 54 20 29 26 51 46 62 28 41 63 12 44 48 15 9 4 84 88 45 54 25 64 25 31 98 52 96 10 63 63 86 6 22 51 53 95 63 52 23 64 19 18 30 90 84 76 18 27 23 12 9 43 86 77 9 81 59 87 2 62 69 52 10 93 26 75 46 81 24 76 36
71 58 62 99 78 88 38 17 27 31 23 74 40 51 12 86 7 96 90 4 26 47 78 27 74 41 58 39 5 54 19 95 72 33 26 34 91 44 18 84 47 36 93 95 80 50 8 6 26 58 18 84 36 80 72 70 37 18 71 89 85 56 11 65 23 83 62 17 35 83 55 87 21 92 78 33 73 17 93 14 6 58 24 95 68 72 11 42 55 61 96 25 8 98 49 25 67 45 17 31
37 16 83 93 37 88 69 79 67 66 60 93 66 52 39 62 87 20 91 31 51 45 77 78 30 73 32 43 68 11 63 33 65 6 2 18 57 56 59 40 47 92 85 64 35 94 84 85 59 42 32 98 3 28 98 34 81 59 5 97 49 59 78 20 52 17 32 91 9 60 90 88 89 50 51 96 30 53 85 4 55 36 89 5 13 9 37 51 90 50 13 72 26 10 87 38 62 21 42 66
90 76 4 68 65 99 79 99 83 84 47 61 51 90 80 57 74 77 82 80 87 93 85 11 78 55 32 95 94 1 4 98 47 5 82 62 17 74 16 76 93 69 10 83 52 99 82 47 93 99 83 75 37 85 22 8 14 16 11 83 84 23 25 59 17 77 76 91 45 28 65 85 24 54 19 26 85 42 32 60 57 42 38 21 24 42 18 10 41 59 59 73 33 47 48 46 28 32 34 84
