10 100 6377 7.27
49 32 42 59 59 65 28 88 8 71 80 99 56 96 44 98 84 88 10 67 80 99 51 16 47 87 9 86 33 23 56 49 33 65 61 84 53 8 90 65 64 13 79 36 13 2 28 38 58 56 56 93 10 17 30 8 56 73 72 19 95 44 81 69 13 73 63 24 24 95 40 85 8 93 22 29 96 93 28 41 6 28 95 28 83 8 51 7 42 82 45 61 47 95 86 40 74 29 71 71
73 50 54 87 93 10 90 95 47 27 69 74 72 67 18 73 31 94 78 81 13 43 27 91 41 89 47 17 72 18 48 99 75 20 35 52 11 6 84 31 47 79 78 66 5 55 22 46 76 14 55 12 50 80 42 8 68 78 32 40 74 74 28 32 53 97 4 40 56 4 66 18 33 41 95 20 53 25 37 45 43 51 67 51 94 3 48 11 40 1 27 18 44 34 25 48 88 12 29 27
25 95 59 14 44 35 85 40 33 30 66 86 68 51 92 29 36 36 45 17 14 96 55 84 83 9 78 68 62 95 24 23 2 17 90 12 66 74 36 22 23 44 56 94 63 28 31 16 93 38 18 39 27 77 17 74 32 24 73 3 55 21 58 24 56 3 67 15 63 66 85 44 96 45 18 37 14 99 51 53 95 3 45 3 44 54 95 1 75 74 75 75 20 6 58 35 78 71 87 30
17 26 1 31 92 54 33 36 45 47 86 18 82 71 45 43 53 71 9 90 90 49 77 63 48 20 31 20 46 98 46 46 16 52 33 9 49 38 70 66 98 71 6 37 68 17 71 14 14 84 16 63 92 74 10 55 53 17 70 41 44 31 8 89 93 52 60 70 57 14 18 60 96 20 17 44 5 28 12 6 4 22 18 22 93 14 65 17 41 66 32 38 78 34 59 38 87 46 21 47
91 72 20 88 2 91 52 42 88 62 36 83 93 68 7 60 91 3 38 77 46 72 62 76 73 26 90 23 66 17 51 38 26 50 37 31 24 95 66 24 69 45 52 92 20 88 59 22 27 68 57 19 59 58 39 13 95 41 23 5 95 43 8 73 65 67 18 70 11 18 24 85 52 63 70 63 48 11 67 19 20 38 67 38 34 57 35 77 97 91 18 53 80 27 28 1 63 75 83 62
73 60 75 33 2 48 92 31 93 99 78 16 62 49 58 93 78 16 94 9 73 30 94 69 74 12 53 53 22 91 25 18 70 7 31 98 93 81 44 81 24 57 55 25 16 93 47 38 66 15 31 15 85 30 59 22 55 36 71 40 84 21 10 81 45 85 33 78 18 10 45 2 69 81 74 36 65 75 38 36 69 41 23 41 72 52 7 55 95 87 38 70 14 26 84 19 8 19 8 99
96 39 81 86 52 39 94 52 70 71 99 37 99 89 97 25 5 62 44 72 84 29 98 45 19 76 64 49 63 71 71 8 80 81 69 95 33 40 4 96 50 62 92 13 64 28 45 86 42 6 57 3 85 83 84 55 39 85 11 18 48 92 49 75 39 84 91 14 18 6 34 44 29 35 10 39 47 53 19 91 47 28 80 28 14 27 68 61 94 53 68 58 11 2 51 51 51 44 39 71
96 84 81 79 47 98 60 84 71 82 43 1 30 67 99 60 68 41 93 30 69 82 1 39 9 36 43 93 54 76 71 97 63 91 88 34 9 98 23 18 92 76 39 61 41 13 4 83 3 55 98 15 64 36 31 63 2 97 90 62 37 17 38 57 22 68 61 5 55 13 86 61 13 99 21 93 58 25 5 36 32 90 51 90 61 38 83 39 90 62 29 49 81 87 14 6 26 92 44 82
51 97 30 16 70 34 25 73 38 43 9 85 30 16 84 34 39 20 81 6 35 75 77 49 85 36 52 46 8 14 81 26 75 23 84 59 59 85 54 25 11 16 57 91 52 23 54 68 57 65 54 80 72 59 59 30 35 68 22 44 40 89 73 15 5 52 8 5 45 89 43 90 42 84 23 26 89 3 2 66 22 70 3 70 42 1 82 59 76 9 13 67 52 6 72 23 43 85 86 43
94 65 85 89 90 93 52 36 81 78 40 94 41 69 46 61 55 66 36 56 77 63 23 50 70 99 32 44 45 93 10 67 95 27 16 88 81 59 58 99 13 94 24 35 73 27 72 20 72 61 37 90 76 37 47 29 72 84 63 83 86 80 74 72 17 54 28 2 74 74 3 38 52 71 63 24 73 94 66 4 41 9 7 9 98 8 28 70 30 10 73 55 64 57 87 77 24 18 37 78
