20 100 7166 7.44
24 43 80 23 33 79 87 22 72 68 23 49 72 66 86 61 86 44 42 4 34 59 52 77 1 90 75 56 1 26 38 58 66 63 22 75 8 40 3 8 57 40 82 54 95 98 96 53 9 25 70 47 38 21 68 5 47 55 82 76 63 29 76 87 47 84 8 60 99 69 62 74 12 86 33 96 93 11 16 63 64 87 69 88 17 16 33 89 94 59 31 71 71 41 10 12 42 67 53 4
28 78 42 16 46 92 98 7 97 73 8 48 77 93 44 28 42 28 70 80 51 53 43 18 86 50 30 95 3 52 36 8 32 58 36 38 86 4 51 82 12 83 85 2 79 99 43 45 39 75 25 62 33 21 71 9 52 3 80 43 26 53 81 59 52 59 74 95 4 50 22 61 27 62 88 90 98 54 16 50 86 84 15 26 48 45 88 30 56 71 71 42 41 60 8 13 46 6 97 80
92 43 64 70 66 87 25 47 57 17 7 72 25 10 11 70 56 94 89 77 72 40 24 7 34 65 69 37 68 63 59 16 22 42 76 87 41 16 82 78 94 82 18 89 14 38 26 23 46 71 8 99 40 20 3 59 95 89 72 87 88 68 42 20 91 99 89 65 32 72 48 55 24 12 10 67 60 82 58 63 42 24 2 23 53 5 10 67 74 88 46 10 56 96 41 20 13 23 84 77
6 13 35 83 23 72 59 73 16 48 49 13 9 16 24 66 6 33 98 2 13 47 55 92 73 58 73 39 74 16 43 32 85 8 32 96 76 83 84 11 23 61 56 7 32 86 70 92 14 15 3 53 61 97 59 44 44 20 16 32 30 44 40 7 55 95 2 53 27 31 11 92 42 3 18 28 15 76 75 69 45 63 92 43 13 98 18 18 40 47 56 8 6 61 11 51 40 56 22 2
88 41 79 11 90 97 70 60 42 7 70 72 88 4 35 78 14 64 76 29 95 90 65 25 60 59 44 22 63 24 74 94 28 10 47 93 94 21 73 53 59 68 43 54 25 94 17 73 85 14 3 68 27 17 98 54 30 22 15 47 17 47 45 60 46 85 15 74 38 94 7 4 5 49 38 1 42 1 47 16 94 94 39 54 27 63 38 91 67 48 43 20 18 3 23 37 33 60 21 29
19 99 8 88 88 71 38 84 69 86 20 97 70 41 60 65 10 86 12 77 21 98 32 32 32 64 80 9 55 54 6 41 96 1 21 82 2 3 76 30 59 57 78 41 86 2 15 64 43 60 39 21 75 39 51 14 16 3 93 47 24 38 31 14 45 66 43 52 6 3 21 78 27 57 54 73 86 65 66 2 9 26 76 36 35 13 54 92 80 81 2 77 7 16 39 38 35 52 14 77
97 79 51 8 94 59 77 54 9 35 30 69 5 73 61 38 45 41 71 3 46 56 83 33 32 78 96 26 11 58 59 43 21 39 84 50 67 41 15 75 88 48 96 29 20 7 56 31 15 23 85 81 9 1 8 47 52 2 67 52 74 22 65 48 38 74 3 37 86 71 88 88 51 50 83 5 51 99 15 48 14 20 11 1 15 64 83 49 42 16 79 2 11 60 19 74 54 59 50 3
32 83 26 92 2 24 70 59 44 64 5 79 82 92 76 12 25 93 61 73 97 36 82 65 25 53 65 21 26 29 37 23 18 97 72 11 51 88 80 31 81 34 13 5 54 82 35 44 42 92 66 47 35 7 60 76 45 96 58 40 74 73 39 99 19 2 31 10 61 30 20 91 48 49 99 92 23 10 95 57 90 7 30 87 51 79 99 35 83 19 19 18 22 14 89 66 45 91 38 73
4 39 82 39 76 37 43 43 18 29 77 91 79 80 35 82 48 52 62 83 96 61 30 18 54 70 85 26 67 90 53 64 2 8 55 29 51 85 12 23 7 20 86 17 95 19 88 60 7 12 26 95 80 27 91 47 18 92 14 36 92 31 18 31 69 95 20 50 25 64 57 7 42 50 78 10 88 27 18 70 18 51 23 76 30 94 78 90 2 12 76 69 36 80 64 32 28 55 91 83
76 56 22 60 79 89 93 92 49 95 99 65 5 33 82 34 69 39 58 89 61 39 62 52 93 47 47 78 84 17 57 75 74 86 37 55 25 65 7 22 3 11 60 15 82 1 78 38 60 54 57 81 38 53 48 5 58 79 80 20 79 78 79 72 29 99 70 71 8 43 6 11 31 86 2 16 87 8 23 77 80 18 71 36 16 53 2 84 90 41 40 75 7 33 65 21 26 57 69 89
41 78 27 92 21 2 24 18 92 90 87 72 54 98 51 51 87 3 73 87 99 69 69 43 71 27 8 30 86 23 46 75 36 33 7 97 51 82 9 62 28 15 44 16 30 63 12 40 40 26 49 66 91 43 78 75 12 7 34 48 73 43 29 7 79 28 34 57 34 85 84 6 48 33 4 42 28 30 35 30 22 52 94 70 10 5 4 69 25 21 64 56 66 86 11 49 15 36 48 87
64 72 94 56 68 43 85 30 84 5 77 59 81 72 53 99 36 97 16 56 66 22 1 42 46 79 29 20 82 26 63 10 3 85 86 95 56 37 62 88 1 71 11 24 21 70 49 54 95 52 4 55 79 78 52 32 46 92 92 15 49 28 95 19 39 31 59 88 98 27 44 12 51 30 72 4 34 76 63 6 34 56 57 2 90 3 72 46 93 32 23 72 24 21 49 74 48 6 18 56
99 81 94 97 25 88 53 51 37 90 97 4 62 48 54 38 76 68 97 8 75 30 81 82 86 80 60 87 58 82 23 81 17 55 8 31 46 2 76 37 33 29 68 69 13 57 40 10 67 42 56 5 32 91 81 57 56 75 77 82 73 33 37 87 16 34 72 79 22 97 52 97 8 3 43 26 24 15 4 46 25 39 66 93 54 86 43 97 15 72 30 73 75 14 46 25 72 4 46 8
48 92 41 99 89 71 30 21 77 6 60 29 75 7 54 75 14 97 58 79 68 23 32 74 3 96 7 65 31 32 48 76 98 89 46 84 6 59 51 96 8 49 63 64 9 54 15 8 7 67 42 8 59 81 61 33 51 35 2 98 11 92 30 1 63 67 10 71 75 2 41 38 1 67 12 59 25 21 57 22 73 59 59 78 74 80 12 38 73 27 38 75 14 32 93 98 13 8 81 79
8 5 43 73 11 64 57 69 59 83 47 95 88 71 19 48 57 96 81 12 38 41 62 96 58 28 52 89 12 2 3 4 13 89 10 65 46 96 82 56 20 59 59 66 57 39 13 69 8 40 35 83 31 12 30 68 65 25 18 54 30 53 8 12 70 51 24 34 35 94 58 36 1 86 26 33 90 71 22 64 7 46 76 22 49 33 26 21 5 45 98 33 46 56 8 39 53 12 56 12
64 69 78 87 99 17 52 71 81 98 93 4 41 10 30 97 77 66 78 80 51 23 80 75 51 59 29 54 84 43 30 18 55 50 79 31 42 65 6 35 41 44 46 5 79 46 60 51 21 10 19 97 54 18 9 20 81 44 88 84 20 96 15 70 30 26 58 54 85 15 69 18 28 67 22 69 62 9 99 45 51 87 53 27 14 82 22 63 29 56 14 6 6 67 22 94 34 81 90 80
89 24 75 48 69 13 55 66 40 93 82 88 44 84 61 46 16 10 29 92 28 67 42 35 49 48 33 15 38 44 89 37 48 2 80 40 55 27 31 40 10 35 88 79 3 55 83 35 10 24 41 3 61 78 99 43 7 79 70 53 1 5 9 55 59 2 41 8 10 14 82 75 4 89 74 69 81 49 37 13 41 48 27 33 86 80 74 23 81 14 15 20 81 87 96 43 37 38 5 92
64 87 33 81 51 94 70 73 6 58 81 57 73 11 46 47 42 68 63 36 99 85 58 83 61 14 84 67 93 82 15 84 70 15 77 36 76 29 38 38 82 28 66 3 81 65 6 69 38 24 87 12 27 53 88 7 9 89 58 44 81 18 79 60 57 69 32 10 40 27 4 68 44 84 61 84 69 45 51 62 3 36 18 73 22 14 61 73 64 56 8 25 17 81 63 29 39 1 16 36
89 68 40 66 34 59 10 45 49 30 51 6 50 54 30 51 97 63 36 71 45 24 36 41 2 99 69 89 78 49 91 78 25 73 39 44 66 82 5 30 27 46 82 83 3 86 9 51 10 42 10 68 14 6 12 32 62 82 17 71 7 84 39 61 77 70 30 20 82 77 92 13 6 46 1 9 15 97 72 2 9 49 98 51 83 56 1 25 37 44 70 23 59 24 37 25 56 34 12 71
99 77 93 89 60 23 70 90 88 43 58 41 50 28 55 81 78 58 54 85 59 37 12 45 3 2 33 13 61 34 53 78 96 71 25 93 47 30 69 24 64 57 18 74 38 51 70 71 93 20 94 75 34 12 4 49 46 4 13 92 79 88 73 69 64 21 63 64 25 3 41 77 57 15 37 81 74 36 43 37 50 97 50 78 49 45 37 31 45 52 2 34 3 39 32 3 80 22 49 85
