20 100 7335 7.45
79 31 59 96 7 40 74 18 53 68 21 14 50 36 97 72 41 72 88 89 48 41 54 24 35 13 28 81 62 13 37 13 84 85 75 67 27 11 25 90 11 44 84 51 5 96 97 40 31 54 57 1 15 16 46 10 36 65 11 78 24 71 22 64 51 19 58 80 22 41 79 73 2 99 44 99 77 8 10 73 79 26 5 48 35 67 36 47 48 84 33 6 20 39 28 80 36 89 50 89
25 78 29 41 57 54 31 63 86 16 72 30 72 81 96 99 46 26 31 40 39 88 1 35 81 69 91 79 34 64 84 55 65 47 33 86 42 33 56 88 20 25 61 27 6 9 31 40 19 58 47 82 76 15 76 64 8 95 36 28 33 52 29 88 16 84 94 35 28 94 2 66 43 65 25 62 85 81 60 38 6 37 72 70 84 42 66 17 24 31 92 47 70 88 82 7 32 71 17 40
34 58 32 64 72 75 56 71 53 89 90 27 70 6 69 62 40 72 47 70 63 82 85 28 10 79 87 56 79 60 29 92 61 1 86 30 16 75 49 27 45 35 38 59 25 27 81 36 50 34 57 58 63 12 39 49 41 14 34 23 21 7 23 4 71 84 81 68 48 62 67 33 96 71 35 9 87 1 12 53 54 68 53 62 62 2 44 34 58 85 16 94 3 73 34 48 9 13 53 70
99 34 87 82 68 36 93 3 84 9 22 53 53 14 12 10 38 26 26 99 32 40 32 3 54 67 92 28 49 43 60 65 9 50 11 83 92 4 75 45 21 73 87 19 62 88 88 22 3 53 31 84 93 40 31 57 45 34 99 8 70 97 85 35 67 25 93 78 35 62 44 75 3 31 73 4 87 53 83 69 2 37 59 94 81 10 58 42 3 22 31 27 28 60 60 85 71 97 72 99
90 82 67 59 21 41 84 41 92 26 33 96 93 85 55 1 8 92 98 34 23 78 89 45 38 18 11 78 51 89 77 14 35 80 69 96 74 17 59 64 92 33 85 17 7 39 82 57 75 38 65 50 98 5 40 53 72 60 12 4 97 13 9 30 49 11 93 70 32 93 86 3 42 74 33 53 47 10 23 82 36 45 71 96 16 56 68 28 2 99 9 96 91 22 75 44 88 14 53 34
10 78 93 30 31 18 76 15 22 8 5 26 54 62 33 64 38 57 3 93 82 79 50 60 51 60 48 7 25 20 9 31 74 58 84 8 58 94 21 81 18 37 38 75 80 37 72 87 31 18 70 92 6 50 14 51 90 35 18 2 85 28 91 88 67 58 99 65 30 12 57 90 16 56 37 45 7 33 31 10 94 49 95 53 79 50 12 30 53 71 42 81 39 61 49 98 73 35 85 93
84 72 21 64 38 77 33 84 11 52 66 52 36 70 32 16 77 80 78 4 57 2 2 10 26 24 41 2 89 68 77 21 29 99 9 80 21 43 76 60 91 25 53 14 57 64 22 8 40 78 36 50 26 54 14 90 96 48 31 58 7 27 2 66 90 33 49 21 50 51 6 97 6 78 25 95 64 35 21 29 98 22 56 83 79 76 38 45 59 14 10 47 94 59 63 55 57 40 65 4
68 43 85 45 24 76 84 61 48 11 28 23 45 46 80 2 97 58 91 73 69 9 73 28 83 93 75 65 49 19 55 2 45 73 45 50 59 6 36 77 73 38 14 47 25 72 67 23 8 28 63 24 3 12 70 70 5 35 1 93 64 74 39 21 85 35 75 4 90 40 34 1 95 45 38 8 51 33 87 36 8 30 24 22 7 70 77 59 8 80 65 11 10 33 60 52 14 26 53 73
1 45 84 44 37 70 27 49 69 69 74 99 81 11 15 73 37 26 69 26 91 32 24 87 87 28 48 58 33 35 88 23 55 35 5 59 6 75 53 62 30 31 38 4 10 91 31 5 77 71 27 59 56 63 27 52 92 34 7 58 53 81 17 27 66 55 59 37 55 28 99 9 41 74 31 17 23 49 36 24 96 91 30 48 87 12 29 27 59 60 42 60 99 76 27 66 51 54 32 26
31 3 80 58 90 18 61 55 55 95 7 76 17 46 41 77 74 82 91 20 4 45 49 79 5 9 58 64 87 97 23 12 55 15 69 77 15 78 56 62 73 47 72 45 54 88 60 12 52 1 60 26 59 62 62 1 24 96 71 42 65 78 61 66 59 97 57 5 59 10 8 74 89 74 47 85 53 18 97 80 97 95 20 53 30 53 13 87 36 69 13 35 75 86 6 67 17 38 5 20
73 95 77 84 54 19 48 71 35 57 99 48 37 43 55 73 78 25 2 2 22 41 4 79 20 52 51 99 16 49 80 72 5 30 33 44 9 78 63 5 80 69 96 57 27 35 68 42 63 91 88 26 94 50 78 6 32 43 68 78 12 91 30 32 30 40 11 44 99 58 39 51 18 50 69 59 64 79 9 7 7 37 35 35 34 92 84 99 31 11 95 26 47 77 99 75 8 15 42 2
96 91 74 11 24 53 45 66 76 78 32 39 84 74 92 13 95 18 94 16 71 68 56 88 89 72 37 48 49 23 20 40 63 83 64 10 89 39 72 47 58 41 19 20 8 65 79 62 41 95 20 38 58 36 81 1 63 39 53 31 93 28 32 62 37 56 47 76 57 10 45 20 93 81 41 52 36 5 69 6 61 12 1 32 98 81 44 74 71 51 77 22 94 83 25 30 29 50 92 16
61 67 41 69 49 66 39 45 82 64 29 34 18 83 44 22 33 79 96 26 12 78 48 77 69 24 79 6 54 18 57 20 19 37 56 31 98 30 48 28 35 24 28 97 49 4 23 85 96 87 53 86 15 1 31 6 73 7 74 91 31 41 50 78 75 20 30 13 28 37 52 42 40 3 24 66 54 84 96 49 77 76 36 19 85 43 49 51 46 30 80 5 56 40 12 7 71 27 34 26
18 14 2 61 73 87 98 44 65 3 98 50 71 75 11 88 63 53 6 42 85 80 99 29 8 54 55 12 83 33 27 81 55 54 46 34 10 84 46 44 68 61 15 78 55 38 56 55 59 51 20 5 3 78 30 26 22 3 7 56 94 11 99 56 19 52 81 42 18 30 10 56 22 4 61 36 91 67 68 21 9 43 56 76 89 94 21 94 10 37 9 89 59 50 96 55 87 48 44 42
71 92 39 67 63 84 74 91 12 72 94 61 38 36 80 86 56 25 24 92 56 46 82 80 47 37 90 70 21 20 12 22 37 30 90 32 41 14 83 30 41 11 4 28 66 84 78 75 3 31 44 80 12 97 46 69 41 5 91 80 26 36 47 56 95 63 70 3 84 70 42 73 83 21 11 62 34 97 62 38 97 9 62 90 43 75 65 91 49 32 64 14 74 95 65 84 29 6 72 92
99 30 83 44 81 53 74 44 66 78 79 86 33 2 60 19 26 8 93 70 63 3 84 25 17 31 91 45 39 20 36 42 70 74 55 52 81 31 37 27 78 96 2 88 41 80 28 37 36 43 95 64 87 74 3 71 17 60 42 53 58 10 61 4 69 3 33 33 88 63 92 53 57 3 96 73 50 48 9 6 26 6 87 67 51 11 18 36 27 45 71 43 78 41 47 87 54 89 28 70
42 86 80 63 62 51 55 15 95 5 6 47 32 67 64 52 95 89 17 78 22 19 6 85 35 68 45 94 34 8 24 42 31 14 49 60 43 50 6 11 92 60 25 66 93 61 53 56 26 39 91 94 89 26 60 23 61 52 74 78 60 35 79 53 31 64 23 41 71 96 10 27 30 25 60 20 15 77 75 70 88 97 60 60 20 84 4 5 79 10 70 45 17 19 31 14 32 17 21 78
83 77 64 85 68 89 87 74 7 76 91 77 21 63 44 70 52 2 71 38 53 7 69 7 74 60 62 11 69 26 46 93 12 46 82 37 74 33 12 4 61 92 47 90 89 37 67 10 59 79 1 89 72 68 62 43 81 96 89 22 71 37 54 80 79 6 13 64 77 85 97 30 21 20 92 67 26 95 68 50 13 79 29 44 56 49 42 11 85 30 31 49 74 48 77 46 27 63 59 38
85 78 65 45 93 15 21 98 98 33 89 32 69 10 87 40 5 63 90 78 81 97 67 46 52 54 53 28 36 31 1 91 47 38 63 24 27 21 1 53 90 8 38 66 92 71 67 46 64 4 45 4 76 48 6 23 16 80 36 97 5 95 4 35 76 93 8 58 84 70 16 47 91 68 8 19 45 31 6 77 46 59 90 50 32 33 49 46 40 5 83 77 12 12 33 25 18 85 23 78
61 34 79 12 86 69 24 86 28 19 70 81 59 94 1 52 43 97 12 54 26 34 15 86 62 73 84 16 17 82 5 39 38 20 1 69 50 30 15 30 45 40 28 64 99 58 36 72 10 63 43 83 76 60 7 61 24 7 5 55 97 58 43 58 18 9 51 26 73 49 72 59 14 76 40 50 69 6 7 31 59 68 8 12 8 67 84 47 13 18 78 77 98 20 21 45 14 16 9 54
