20 100 7293 7.52
76 16 45 30 27 88 43 90 19 32 14 33 98 38 58 68 42 76 29 44 30 85 27 8 26 18 49 37 84 66 9 16 30 39 92 55 74 93 67 61 35 86 58 83 74 67 86 79 45 1 77 66 93 16 75 40 9 39 87 78 4 74 17 9 41 26 49 76 70 1 58 11 59 55 89 70 90 62 68 38 95 99 63 31 78 31 58 46 21 15 29 18 89 84 69 74 42 4 18 44
84 37 46 76 96 21 20 4 83 80 52 61 17 18 70 50 97 30 47 10 62 96 47 1 64 84 55 59 58 47 52 61 75 59 58 4 40 63 21 71 77 70 45 54 34 35 21 58 22 16 81 96 70 80 83 65 52 47 1 41 61 47 3 66 58 66 34 75 73 51 78 28 67 54 51 69 69 52 71 51 88 28 78 37 86 80 59 23 45 54 16 76 24 88 65 75 82 7 39 10
32 54 87 56 40 27 39 40 95 83 71 46 5 14 3 34 52 73 53 48 27 29 43 97 14 44 90 4 67 1 54 66 38 57 29 3 16 2 1 34 45 69 78 3 87 47 18 89 81 53 38 53 19 21 53 44 54 61 36 90 59 98 71 79 18 40 32 78 24 77 19 42 71 1 82 57 19 42 16 25 17 18 63 4 68 66 25 64 44 63 60 23 75 54 19 48 25 34 12 48
17 71 34 79 92 10 66 10 26 39 35 55 33 62 40 2 84 60 36 29 1 13 41 67 2 70 76 7 84 86 31 75 3 91 89 15 88 35 11 40 7 5 1 93 37 34 52 72 34 50 37 1 35 13 79 56 31 56 8 19 19 2 23 83 52 23 43 7 75 64 11 54 98 72 9 31 73 2 60 24 49 2 4 90 55 47 10 57 88 94 3 1 82 53 50 61 81 51 30 29
86 7 7 91 96 32 42 7 98 30 9 71 31 68 74 44 48 25 54 1 54 19 39 65 11 48 98 73 60 76 2 16 52 27 92 28 56 40 19 97 8 27 41 37 9 83 45 25 9 6 69 57 64 64 95 90 2 65 55 31 71 22 6 44 14 20 43 82 57 55 19 46 51 91 19 71 28 60 62 18 24 44 45 56 45 62 10 84 1 1 68 96 34 27 8 2 83 35 44 1
88 51 1 73 57 11 32 88 23 96 55 74 84 95 5 63 32 96 51 12 51 89 62 96 43 53 37 2 28 10 6 29 74 82 4 32 8 64 81 1 56 92 35 41 91 20 29 8 2 88 33 33 64 52 55 55 6 27 76 48 78 99 47 67 30 49 64 95 1 41 11 68 35 89 21 15 45 80 67 72 60 95 89 45 47 62 2 78 55 30 21 74 68 92 17 50 46 9 15 12
38 77 91 55 55 43 40 14 12 90 31 31 66 16 92 10 81 26 48 61 8 86 90 16 95 19 22 46 47 97 72 19 86 25 78 51 1 1 8 1 98 81 60 99 86 56 93 42 85 12 46 67 12 75 67 52 72 83 74 32 26 52 81 84 90 11 41 8 31 79 7 28 18 79 34 25 70 49 6 48 62 4 38 10 97 61 11 13 5 34 71 39 49 47 95 10 36 37 26 61
57 59 55 45 36 45 68 69 60 63 72 60 31 58 30 13 35 55 18 58 62 59 17 88 48 2 56 47 32 87 51 67 30 96 46 95 25 8 16 66 60 8 5 78 73 92 55 10 86 44 83 4 42 21 77 9 51 30 98 43 49 24 42 92 23 9 16 53 74 56 3 33 22 84 91 38 20 35 69 87 97 73 91 58 14 1 10 12 47 72 79 50 48 79 69 14 68 66 73 58
88 93 72 73 85 47 8 80 92 82 99 67 39 89 55 91 8 3 90 38 86 60 90 19 22 14 27 34 38 26 59 7 68 92 72 12 87 3 8 41 59 4 71 72 51 80 2 60 51 77 5 50 38 60 67 81 59 68 41 94 43 19 79 35 44 65 84 80 90 47 31 55 60 44 44 37 35 1 40 15 66 3 40 24 88 99 20 4 40 68 6 31 89 9 24 79 70 93 89 38
78 64 16 51 41 20 24 55 75 25 64 36 5 99 71 68 41 94 90 86 20 27 95 33 6 28 8 69 9 93 12 71 10 33 39 11 56 98 69 13 62 58 66 45 7 17 75 86 34 75 92 48 12 64 33 28 12 28 66 15 82 9 93 29 83 93 22 64 22 78 48 50 81 89 11 5 20 74 44 38 63 26 74 23 38 58 17 15 17 69 77 43 27 45 4 86 2 94 38 86
80 78 34 92 47 94 38 4 58 91 96 51 48 57 90 61 35 73 33 63 37 91 54 39 97 36 81 65 17 14 21 47 61 66 49 47 23 77 11 12 58 52 91 35 88 8 19 33 30 17 70 31 79 70 65 53 21 41 71 49 16 71 67 18 42 6 54 27 81 6 65 46 68 70 91 50 78 37 8 7 28 51 84 76 5 92 70 95 52 49 82 32 98 73 64 27 96 18 40 63
42 63 82 59 30 53 67 54 7 91 85 76 14 62 86 34 30 92 77 40 16 4 4 54 74 14 29 60 49 10 95 73 32 48 29 66 87 17 97 14 31 40 37 27 44 66 99 19 78 17 10 5 72 54 68 63 95 12 8 94 71 44 52 14 40 57 8 24 57 1 68 99 30 20 85 64 46 46 33 54 76 79 2 76 56 96 81 46 36 63 4 68 69 31 42 95 23 43 24 40
14 22 33 99 52 45 18 93 94 70 64 69 17 70 71 22 41 62 62 31 2 63 77 70 27 71 20 15 97 3 58 43 41 94 98 40 43 43 90 90 83 2 11 1 78 66 78 37 22 7 71 82 73 9 27 49 58 59 18 73 29 82 70 75 29 96 27 90 96 58 26 13 35 3 50 44 34 16 16 61 27 71 99 45 11 45 50 65 66 85 46 11 23 70 47 10 97 2 65 31
93 7 90 32 43 35 38 71 6 92 89 30 72 75 54 56 36 92 60 97 13 36 71 61 65 85 14 78 73 58 4 36 82 47 21 67 5 28 81 28 53 96 38 36 1 80 60 2 38 77 13 51 33 52 76 90 4 2 29 58 26 45 23 69 70 37 67 3 2 80 30 75 4 84 71 20 30 48 66 73 6 87 74 94 81 44 61 18 69 38 24 72 34 95 38 28 66 13 29 97
86 82 93 82 70 61 79 49 56 67 84 84 87 44 52 57 85 59 99 24 37 51 30 26 83 92 73 65 31 43 17 82 72 75 3 98 67 41 33 35 49 87 7 22 3 32 21 38 46 3 2 87 98 71 52 63 17 87 39 47 59 59 45 89 40 76 36 33 53 53 11 92 60 21 69 12 76 58 78 95 29 69 75 81 39 74 28 53 5 69 55 74 4 16 63 3 55 21 2 24
18 72 41 57 7 59 43 99 65 56 93 88 35 46 14 67 20 27 34 90 84 79 93 54 89 44 47 17 84 6 74 77 46 52 80 59 66 8 59 28 65 33 93 9 21 92 86 86 76 90 2 4 6 1 73 70 74 61 87 17 98 32 67 44 40 1 56 2 40 73 13 34 91 82 12 30 9 94 14 30 83 98 91 19 49 33 75 94 21 79 3 89 44 16 58 95 3 34 33 90
30 19 94 5 5 15 97 11 68 22 72 1 95 49 46 69 46 65 4 23 45 90 68 8 39 41 50 52 45 66 83 46 25 85 86 53 35 89 14 72 95 65 71 61 76 42 63 29 2 71 83 6 48 42 15 3 83 71 89 47 37 70 3 52 94 21 84 79 37 66 59 42 8 45 91 21 14 92 14 51 94 4 23 9 48 45 86 64 50 15 70 44 19 39 93 51 12 59 77 23
46 30 55 97 90 46 20 80 50 66 76 37 89 20 92 96 25 76 4 69 43 92 20 93 76 54 73 27 25 68 97 55 40 87 40 37 74 51 96 83 94 41 95 75 88 59 85 38 40 77 23 39 95 52 93 38 97 98 78 78 15 81 27 96 27 69 31 34 17 86 45 21 52 52 54 68 33 1 6 61 64 29 53 32 66 76 2 35 37 84 8 29 13 53 85 6 11 58 81 69
61 13 85 49 95 67 47 53 74 93 32 60 37 59 12 65 27 32 39 52 60 8 38 94 80 1 44 6 37 63 60 42 59 38 16 90 26 78 55 91 63 39 27 74 60 91 87 17 10 76 54 37 3 72 20 47 60 12 7 61 39 57 22 32 85 26 55 35 81 48 16 75 7 48 70 25 34 62 46 83 42 1 7 73 9 49 26 68 12 15 25 41 41 84 14 39 8 46 2 52
71 95 44 26 24 48 30 50 37 27 33 63 49 66 62 31 57 33 91 57 87 55 3 24 84 86 93 40 88 58 33 62 88 45 35 58 63 82 47 44 56 87 57 6 3 95 61 43 45 56 61 82 52 67 22 38 33 50 49 50 50 49 30 11 22 86 95 38 21 62 22 86 52 34 42 33 19 78 10 83 64 15 42 26 73 63 63 15 20 46 87 77 10 26 8 20 42 88 4 57
