20 100 7214 7.52
9 2 10 56 51 7 54 98 60 17 81 23 99 80 55 16 30 2 90 33 30 24 73 38 84 20 15 55 56 22 96 18 34 24 36 30 31 91 45 56 43 2 94 63 54 1 38 12 38 58 1 45 71 57 3 4 9 30 28 74 53 31 12 12 30 66 9 14 3 63 59 47 74 23 38 65 37 6 5 9 60 59 65 95 70 66 30 83 80 14 29 65 11 27 38 64 6 64 5 33
31 91 26 26 25 14 56 46 67 6 72 94 23 47 54 53 18 79 28 28 58 82 52 66 71 29 63 68 85 85 11 15 65 19 14 38 94 27 28 15 28 10 32 82 47 95 9 38 86 3 30 63 13 64 15 30 25 73 44 64 35 27 47 69 36 23 48 64 93 47 5 35 54 62 60 27 66 78 40 53 48 20 75 72 47 61 77 95 87 93 49 53 55 48 3 35 78 78 85 28
86 44 42 96 27 52 69 96 93 14 6 65 54 31 42 82 8 94 93 84 25 24 55 89 56 57 78 10 92 57 25 21 66 12 99 68 55 13 99 19 13 85 57 77 34 29 12 56 84 69 43 48 22 73 93 33 51 5 55 76 61 86 92 44 90 75 81 96 60 19 96 64 56 80 62 81 27 91 89 70 96 31 38 22 13 9 44 42 25 71 64 12 45 61 96 59 91 76 59 84
73 5 70 64 59 76 62 29 25 89 2 47 7 71 63 55 7 81 82 3 91 79 91 35 80 52 28 10 48 19 21 59 34 70 20 14 45 90 62 67 10 87 5 10 38 92 4 75 39 69 8 73 70 99 52 26 53 42 34 21 86 41 13 38 6 65 12 21 9 17 78 97 55 36 15 38 76 51 16 40 21 12 89 66 14 53 78 89 4 30 55 46 78 6 84 8 51 9 79 3
6 65 73 53 62 80 5 27 89 80 67 44 71 7 98 64 5 72 80 45 95 61 29 67 64 55 96 64 24 50 47 90 14 26 63 63 25 75 9 80 4 55 37 82 10 47 35 79 99 49 84 85 9 93 75 17 67 35 35 20 26 27 46 23 20 74 70 2 42 9 68 39 49 26 92 79 34 9 78 11 43 70 84 32 40 16 1 64 93 94 4 75 98 54 60 65 9 58 10 45
66 97 45 91 17 98 89 65 63 88 71 39 8 34 42 56 79 72 4 82 83 32 69 65 11 24 2 53 34 82 42 48 43 47 10 15 28 94 48 96 28 28 47 95 49 10 79 13 63 32 94 75 10 51 22 71 27 6 5 81 66 94 10 90 80 51 70 7 44 58 25 21 8 12 61 38 50 5 93 87 1 4 28 57 29 46 22 65 49 24 58 68 72 92 14 72 5 37 51 82
73 66 59 28 90 44 92 92 79 49 7 87 24 18 40 56 61 13 46 77 73 20 71 15 27 95 16 94 95 60 52 57 58 30 44 69 73 58 13 37 2 90 68 45 11 66 53 4 69 66 35 24 66 82 32 91 59 52 83 56 30 23 53 72 68 1 80 64 68 19 59 76 64 32 14 92 13 91 20 5 77 28 98 97 24 54 89 57 69 31 11 46 57 46 24 34 91 33 68 77
40 94 20 94 80 21 75 61 63 59 68 32 23 43 23 73 41 93 40 60 22 59 17 37 27 4 4 50 61 33 17 85 88 70 18 22 35 43 53 13 64 29 75 35 43 47 57 7 14 65 29 41 33 65 40 4 22 33 58 7 90 97 21 27 95 8 30 36 75 31 99 31 87 66 6 68 48 62 34 2 78 32 93 73 94 1 84 1 63 80 24 80 97 64 6 2 62 11 44 60
98 13 50 91 54 82 32 64 93 94 45 51 23 80 18 34 35 3 77 48 58 67 21 40 17 73 95 8 35 93 81 25 24 6 59 26 40 69 15 51 90 65 60 47 25 28 46 12 57 14 75 80 9 38 75 90 84 10 79 82 93 49 12 80 25 17 77 46 7 26 76 34 75 16 70 28 63 30 90 19 78 45 24 52 39 10 20 71 57 86 50 88 7 71 47 99 30 35 76 48
61 57 99 48 98 21 86 52 6 30 33 69 9 10 99 61 54 21 95 3 5 86 87 65 41 13 49 35 79 24 97 28 78 41 45 16 1 8 7 49 23 31 50 67 46 66 2 39 46 10 96 97 81 9 91 60 21 56 18 96 69 40 25 84 1 17 55 10 84 49 20 95 74 19 54 39 23 79 56 14 72 27 40 1 40 40 18 30 86 61 29 87 84 63 94 30 79 64 14 3
38 78 87 35 85 16 3 81 76 38 56 73 90 57 51 51 72 27 87 9 75 32 48 77 1 42 66 69 6 25 17 83 36 36 96 37 73 36 38 54 14 43 38 56 64 68 81 94 22 2 43 10 86 47 3 78 90 30 53 9 35 60 54 99 32 24 81 1 26 73 83 84 87 78 37 66 17 48 39 22 62 37 28 30 34 57 93 63 56 5 56 13 9 41 42 20 48 69 10 9
72 72 91 74 59 80 22 57 63 40 98 71 65 86 8 42 96 97 69 81 24 54 11 65 24 30 2 65 1 11 59 53 7 92 79 48 43 27 74 33 33 20 17 88 65 4 83 45 37 57 94 48 46 22 62 86 61 92 2 46 29 9 71 99 72 10 40 58 94 55 10 46 67 58 62 9 91 65 94 72 62 46 84 40 67 52 10 48 56 29 44 8 96 64 88 83 65 91 76 81
57 39 80 62 92 87 13 32 24 38 28 47 31 85 69 12 55 81 30 29 37 26 44 9 87 52 55 86 61 6 65 68 16 22 41 92 25 53 72 56 3 18 8 52 31 22 85 32 2 48 2 40 7 61 91 87 21 2 71 19 26 25 24 71 86 46 49 19 30 21 43 57 4 62 63 64 24 98 96 97 10 91 7 56 85 99 56 85 84 15 55 97 19 1 81 4 98 12 35 29
90 78 56 63 64 99 90 97 1 48 59 36 85 83 78 64 22 58 22 69 82 46 82 37 63 50 38 37 48 86 8 16 8 99 77 68 84 35 75 41 67 42 37 30 86 74 68 67 70 2 87 41 61 89 84 59 15 50 79 87 87 77 41 80 49 59 15 32 26 63 11 29 79 75 53 19 3 95 46 3 7 3 39 66 91 81 30 42 24 64 7 96 12 9 40 1 95 96 27 69
77 96 44 29 18 10 88 9 35 43 51 77 85 4 75 85 58 29 61 56 33 69 53 24 30 73 69 28 26 7 96 92 11 1 23 63 17 61 8 63 41 41 90 52 29 86 64 10 19 27 87 75 82 52 10 18 4 8 90 7 9 30 55 33 31 14 83 22 43 26 23 98 4 95 92 6 74 11 45 8 2 59 84 6 84 18 15 26 2 82 78 73 5 78 11 38 11 70 20 56
81 82 66 67 23 53 66 41 14 65 6 67 26 91 18 31 94 90 10 91 34 52 15 24 42 60 36 52 46 42 84 79 63 44 51 22 12 85 36 97 64 68 18 15 56 91 55 55 28 89 6 24 29 57 55 2 7 7 43 27 11 58 98 97 6 54 55 50 7 4 23 50 73 14 6 84 84 42 38 1 43 26 19 1 94 83 29 19 42 28 26 29 97 54 28 73 42 63 23 91
14 54 94 37 55 55 72 54 64 56 85 33 8 45 26 60 60 13 22 75 67 98 37 72 43 66 8 78 93 22 24 15 37 87 16 80 55 25 15 28 87 44 57 18 12 37 6 39 42 91 20 48 74 39 12 25 58 42 85 96 54 68 94 34 93 49 54 15 39 59 31 76 36 94 42 32 58 1 78 17 73 13 58 32 40 51 38 73 68 55 49 28 57 33 84 19 1 27 66 75
57 92 75 7 53 55 46 57 76 47 89 11 65 81 62 53 76 44 43 56 26 30 93 13 94 28 61 37 86 31 38 5 58 76 31 65 35 52 33 6 90 28 17 87 97 11 21 40 15 68 54 56 15 12 92 89 50 33 44 19 62 98 90 21 72 29 6 1 16 34 54 83 92 29 37 23 82 4 43 86 49 10 73 62 77 85 35 5 12 6 82 27 80 86 57 3 4 68 91 56
86 38 53 16 34 61 70 62 73 75 89 85 85 16 9 39 76 74 64 93 60 4 6 99 92 97 99 26 41 81 43 84 13 10 13 10 65 50 97 41 93 77 10 88 79 1 92 85 91 58 77 45 39 6 90 56 48 74 34 41 3 85 16 57 46 7 48 61 34 28 73 49 17 29 23 65 81 9 94 12 60 19 42 69 56 55 17 93 43 25 66 5 97 37 49 54 9 73 25 93
79 29 30 70 96 94 72 27 83 78 63 78 58 84 64 21 98 49 29 68 93 17 26 65 93 60 44 11 37 33 32 27 76 58 49 75 66 26 85 23 14 99 2 13 21 37 8 14 89 68 4 94 57 21 99 84 94 50 4 53 98 92 62 72 59 55 48 1 77 67 31 23 78 56 57 84 33 18 15 12 21 22 34 24 11 51 42 89 55 21 2 57 14 19 41 69 18 21 45 68
