20 100 7316 7.47
56 62 62 96 68 91 30 10 22 93 82 57 28 32 88 71 34 56 52 1 84 66 59 55 47 85 82 90 36 33 46 35 57 8 32 64 21 27 55 55 98 63 9 23 26 61 97 22 76 7 66 65 59 94 62 51 21 55 32 90 51 52 85 68 87 85 72 23 66 84 26 46 4 38 36 52 49 70 98 98 90 33 88 88 99 21 1 40 41 26 28 43 5 52 32 57 63 52 81 1
30 26 51 23 44 9 49 28 75 67 55 63 38 7 69 47 95 23 56 87 57 28 24 97 80 23 38 64 62 46 50 33 98 31 39 20 24 80 68 4 94 48 28 34 3 33 16 20 89 79 2 92 14 94 68 63 5 87 44 16 25 2 61 13 15 18 3 6 34 60 14 3 35 26 72 23 1 65 86 47 67 46 8 30 40 47 51 13 91 46 51 31 13 20 54 30 36 76 24 87
94 99 91 83 75 79 40 88 27 73 47 95 25 71 39 27 23 67 58 92 25 56 42 85 8 80 4 40 27 61 30 54 37 84 36 19 66 20 67 84 37 62 28 93 1 75 99 4 1 1 47 32 75 55 59 64 14 19 95 2 53 72 67 8 86 60 39 2 1 62 19 61 12 26 74 74 34 31 36 67 93 61 57 50 30 12 14 36 8 48 25 39 37 39 90 69 88 71 50 92
98 3 44 24 50 63 93 32 65 95 82 9 69 94 78 28 61 61 62 71 2 5 47 67 87 93 37 61 90 7 59 89 55 15 66 9 24 60 71 14 59 20 81 17 23 85 22 14 96 18 50 4 16 52 73 24 24 92 63 20 97 79 45 58 18 84 69 70 11 69 99 70 61 58 7 37 73 96 52 54 14 7 29 53 22 14 9 90 46 85 65 41 16 19 49 45 66 26 13 71
78 97 27 57 87 71 24 91 32 13 10 29 38 15 14 88 72 82 83 47 9 88 9 97 19 63 33 61 46 25 86 19 29 96 45 59 98 30 25 10 67 70 61 95 50 7 16 50 32 65 59 60 64 7 81 79 56 82 5 71 93 47 99 91 36 74 13 27 7 87 40 22 64 65 85 91 36 17 30 65 25 25 38 19 93 41 64 75 68 9 64 22 94 95 98 4 48 32 41 47
44 99 31 61 87 32 89 19 93 3 64 9 83 53 18 1 30 14 39 12 20 66 98 22 10 50 76 41 51 63 42 55 50 55 86 86 16 52 10 19 48 49 43 10 90 29 9 61 10 29 22 23 12 13 20 36 35 79 11 44 82 58 81 88 43 54 24 4 80 88 23 75 49 2 15 66 45 16 51 38 75 63 9 70 5 68 96 55 63 60 5 50 9 41 41 33 97 44 79 12
64 44 93 71 42 3 42 82 67 90 71 98 18 86 64 57 93 61 9 91 91 6 22 6 60 43 69 14 2 72 31 89 93 38 74 67 61 60 32 31 28 83 34 4 40 19 39 94 16 63 92 40 71 84 69 69 81 72 19 53 54 34 24 30 63 6 31 81 81 61 33 85 11 78 11 80 52 21 46 29 94 72 80 3 42 12 94 71 2 37 82 13 13 49 56 78 20 12 37 91
65 90 66 36 9 95 14 32 15 43 12 88 29 92 40 80 83 35 28 45 62 67 97 34 69 13 58 40 80 55 86 35 42 48 3 31 94 36 44 70 92 98 41 41 97 12 42 28 3 18 45 28 25 49 1 50 48 5 24 43 14 16 7 29 91 38 13 2 59 94 5 63 87 67 16 56 22 76 43 59 46 55 95 95 50 48 82 41 57 57 5 46 7 56 37 46 63 21 90 45
91 71 41 97 7 79 69 72 79 78 78 24 91 52 57 59 45 62 68 74 56 61 34 65 39 80 9 16 4 22 49 13 30 76 82 41 48 10 86 17 84 27 33 69 1 87 6 27 71 36 94 47 56 91 23 85 2 55 13 30 31 90 63 19 32 92 37 1 3 43 81 29 68 67 84 27 31 2 29 63 94 22 83 37 34 22 73 43 87 43 39 99 42 97 20 83 78 62 96 74
36 66 13 87 92 97 59 16 89 40 67 14 38 17 37 83 14 99 66 96 28 10 57 23 88 27 83 49 41 9 6 93 40 75 72 54 27 61 21 81 71 50 79 10 24 41 96 42 60 22 67 1 44 89 9 75 50 72 34 45 6 28 4 73 98 13 30 53 51 58 22 5 99 65 95 40 12 19 30 13 78 9 92 45 86 80 88 86 46 29 12 33 9 11 77 36 13 79 7 96
80 43 35 46 90 45 74 96 32 86 59 84 25 36 62 24 88 55 40 68 24 1 61 75 26 57 80 37 83 43 35 18 7 68 39 29 4 54 39 43 44 98 11 63 55 69 49 27 86 82 8 32 98 27 11 63 30 34 75 46 36 1 86 82 51 28 60 7 7 5 52 75 17 2 15 87 37 86 99 62 39 43 29 67 78 92 2 57 95 81 69 97 89 70 58 43 71 63 54 68
75 74 95 53 80 83 75 77 17 33 97 98 95 27 64 89 19 8 4 97 76 29 71 14 99 12 58 98 73 49 5 24 43 24 38 65 45 89 3 68 9 22 97 79 18 98 5 91 24 75 71 28 78 98 32 20 32 7 90 84 41 73 44 19 10 56 52 17 20 72 78 77 88 27 81 34 29 32 75 50 58 49 10 81 77 70 51 59 74 54 48 2 60 20 42 63 60 44 14 97
37 24 64 19 72 90 55 3 38 53 63 97 36 69 30 87 38 91 21 52 37 23 42 84 30 40 2 68 78 16 55 56 18 42 71 64 4 72 52 12 91 32 47 31 44 21 47 53 7 21 3 31 36 10 28 48 5 19 58 18 10 75 22 89 11 4 25 56 85 58 44 25 99 90 50 51 97 64 23 80 20 16 68 42 5 70 37 55 91 89 45 11 13 15 10 16 86 13 36 52
55 45 91 80 96 79 89 55 76 9 37 11 47 67 26 89 8 22 29 42 63 93 74 38 30 47 54 32 23 24 80 83 62 57 6 64 97 2 62 96 12 66 10 66 29 11 30 90 60 67 46 75 39 75 16 58 22 55 32 68 83 38 82 55 78 23 6 93 27 73 89 75 6 21 91 34 53 89 41 2 81 24 45 87 20 60 3 95 54 23 39 18 13 80 17 11 16 32 71 42
73 97 39 54 63 43 77 77 67 45 89 72 99 47 40 58 4 4 26 89 98 80 26 63 61 16 46 95 28 67 28 4 55 13 70 30 14 79 47 74 14 80 76 4 26 51 63 68 58 40 43 68 66 64 91 2 96 83 39 64 63 44 24 23 40 67 49 79 13 75 33 70 36 4 51 70 9 20 84 81 67 67 7 5 28 73 11 75 28 99 37 84 49 19 61 27 17 75 22 89
77 95 85 50 36 86 76 26 80 10 77 25 63 87 56 1 49 71 46 35 59 2 81 79 34 94 60 99 81 13 85 28 64 29 33 74 51 43 22 68 96 10 20 29 69 92 8 41 21 6 43 44 45 81 20 4 73 11 15 11 60 48 67 64 96 38 76 47 51 70 55 65 15 59 73 6 52 90 19 13 39 13 30 66 83 23 16 51 74 60 3 46 25 61 29 83 14 31 48 35
47 64 40 34 45 52 13 51 69 17 50 16 92 51 21 7 80 58 83 83 52 54 26 7 34 89 22 11 23 98 73 78 24 73 6 34 74 19 83 73 94 16 85 20 97 34 25 71 67 82 62 65 23 82 80 48 35 47 61 18 77 94 37 18 78 30 2 10 87 80 72 38 38 6 80 99 28 21 94 32 19 98 2 1 61 25 66 7 96 69 12 83 14 57 87 84 99 41 23 83
17 82 80 62 38 79 6 32 46 89 12 90 58 40 69 61 66 87 92 27 55 83 12 12 13 82 96 81 48 89 7 48 84 11 47 62 78 68 14 57 55 56 6 22 36 84 35 67 80 42 91 46 94 88 22 43 17 32 31 7 22 63 9 41 46 53 20 98 76 67 66 63 83 85 58 11 37 88 30 14 80 89 30 91 22 35 23 74 40 46 23 23 25 85 28 59 46 64 61 27
66 35 47 97 91 20 35 94 33 69 46 12 26 72 91 53 72 62 94 75 36 74 78 48 45 77 82 32 38 23 77 33 35 26 16 71 56 42 10 47 8 19 2 69 81 84 33 69 60 8 44 12 71 10 56 29 27 44 54 66 41 31 16 98 63 42 92 82 21 57 37 82 93 15 18 74 6 59 65 47 58 23 71 14 84 14 34 34 34 85 92 35 16 31 16 75 74 1 34 75
99 90 90 96 6 51 88 28 27 46 71 29 43 29 74 29 24 2 27 65 51 78 49 30 27 48 68 87 11 43 4 33 57 9 59 54 11 12 56 80 92 12 45 50 21 35 86 90 85 84 62 42 69 45 68 68 43 29 33 48 8 97 68 28 9 46 81 20 97 67 84 89 8 15 17 45 54 88 22 37 26 43 93 77 86 8 31 94 73 4 71 12 20 76 1 6 70 4 72 65
