20 100 7466 7.45
78 21 91 70 95 93 81 2 16 51 54 66 43 71 54 67 5 76 44 47 63 1 33 89 88 62 82 87 60 6 27 66 1 28 51 62 20 52 60 74 24 57 35 88 60 76 17 74 95 37 76 29 97 38 36 3 1 69 46 65 77 90 37 6 69 62 46 48 25 30 25 7 42 39 81 33 15 89 31 77 97 14 47 51 3 15 39 61 98 45 49 50 1 78 94 15 41 19 85 47
33 78 66 18 20 69 98 79 77 14 7 28 31 46 41 84 9 67 54 12 54 88 81 47 10 83 21 90 32 49 42 79 5 92 75 47 77 15 89 45 34 67 95 26 32 5 25 81 78 1 76 12 80 38 83 59 79 95 41 10 67 68 22 4 23 5 60 81 35 90 95 58 30 55 38 78 16 26 59 57 34 75 12 44 40 91 88 1 4 58 60 19 38 57 11 89 43 97 14 12
79 97 97 54 32 99 32 33 9 74 91 56 67 68 48 41 74 16 29 19 55 94 74 91 4 23 48 82 10 97 15 7 19 23 3 32 64 93 39 79 11 25 25 81 10 28 31 44 15 87 19 63 8 5 67 25 75 86 76 50 94 21 5 40 88 3 89 60 9 53 74 11 67 2 12 55 37 75 35 64 71 23 45 26 54 4 67 44 14 95 79 37 14 36 75 70 32 27 95 19
95 54 80 19 8 32 53 13 87 42 99 7 26 63 35 36 18 55 35 81 53 34 62 74 15 43 20 32 71 80 45 39 71 85 79 62 38 67 84 23 92 91 36 35 71 86 59 63 66 56 67 61 23 7 72 81 1 45 31 25 9 13 36 34 65 71 61 3 97 72 26 10 86 52 94 78 58 1 84 58 50 45 25 14 91 40 53 78 25 82 39 49 76 49 34 96 63 47 33 81
15 70 47 82 95 22 21 80 93 97 5 92 20 12 61 13 70 40 29 70 87 68 47 51 82 97 16 32 58 16 68 29 54 9 98 6 27 99 65 61 82 30 31 88 58 51 62 84 36 80 28 50 65 41 92 43 42 64 26 19 1 58 84 54 64 59 59 60 30 95 44 7 58 82 95 15 25 18 20 19 89 16 86 45 81 41 2 64 45 92 47 64 96 93 12 23 6 85 20 70
78 60 48 80 89 53 94 87 71 64 86 41 22 1 9 77 24 62 85 2 94 44 25 51 56 44 94 43 45 90 63 99 27 5 90 94 96 17 54 92 7 64 30 15 45 34 92 1 9 21 99 60 18 61 87 90 11 53 92 59 58 60 88 8 43 46 21 73 40 33 29 93 20 85 75 38 54 94 22 72 80 3 23 30 61 55 85 59 54 91 33 39 81 77 14 97 85 12 98 2
70 68 73 75 86 60 7 80 89 69 50 98 77 61 87 86 57 11 86 57 25 13 95 7 97 4 45 67 4 84 66 8 52 48 7 33 34 37 84 24 21 53 58 61 4 7 54 72 76 46 36 66 2 11 81 8 47 14 20 52 2 51 27 52 14 12 61 87 99 25 38 98 12 3 99 7 33 67 31 76 38 91 8 72 17 50 13 89 27 28 9 26 70 17 98 50 82 73 6 57
9 81 87 13 7 10 69 92 43 39 16 26 94 32 27 73 70 42 76 38 42 42 3 71 5 28 65 22 73 47 60 62 5 15 23 47 58 71 46 88 11 27 20 11 73 69 30 41 19 39 16 75 51 7 27 21 8 46 7 36 60 38 57 50 50 17 83 16 23 82 94 39 89 69 8 3 38 2 65 27 8 68 23 78 41 76 33 58 18 96 49 51 38 34 82 4 29 76 67 38
48 45 44 64 9 99 67 97 33 39 86 89 11 57 92 98 22 32 24 38 52 94 19 5 65 53 1 30 1 56 31 33 13 52 64 97 2 17 34 35 6 3 94 9 1 39 71 38 70 11 34 65 52 6 88 45 50 87 59 15 65 64 87 31 14 39 33 71 99 61 63 69 33 39 6 60 54 71 22 1 24 75 21 57 33 17 12 26 48 89 84 54 24 71 89 37 51 92 78 38
7 9 16 73 23 4 90 8 99 29 79 96 23 82 4 52 22 57 49 88 44 77 31 12 60 34 68 23 85 42 73 86 96 25 26 6 3 88 26 10 18 55 61 23 85 83 18 88 1 8 1 74 74 48 31 72 20 57 54 72 35 36 35 20 72 6 47 68 54 12 5 59 95 41 65 79 67 91 82 78 72 5 12 55 67 17 72 31 27 8 46 2 55 93 66 3 74 41 71 88
80 52 98 4 56 85 48 91 5 75 2 18 30 11 74 78 50 15 29 99 23 70 88 3 91 2 90 62 8 7 25 77 35 59 48 45 60 45 83 52 27 68 30 14 8 31 15 16 2 76 18 49 12 73 44 75 28 51 81 97 80 99 19 40 58 35 60 36 99 38 53 56 54 50 6 60 52 77 57 17 62 77 12 43 41 7 98 75 52 1 2 34 47 93 28 23 50 27 96 99
92 93 23 85 73 42 5 23 43 34 49 15 40 49 79 61 28 74 46 38 80 98 54 1 19 24 69 81 19 53 48 15 96 56 58 9 39 72 4 27 76 36 77 61 19 59 14 34 84 25 46 88 88 13 77 76 39 31 83 15 87 77 91 50 87 9 32 36 36 83 3 99 34 92 4 42 19 1 25 25 32 77 9 30 34 55 79 9 90 44 80 81 97 9 21 89 36 77 82 38
46 23 71 51 47 23 84 8 71 33 35 67 99 50 56 3 16 59 8 77 80 61 12 39 43 32 75 26 46 39 59 98 87 37 36 83 94 19 1 34 4 66 61 78 46 72 39 90 99 40 4 56 40 77 79 5 31 46 42 91 33 70 55 18 50 47 36 94 90 56 35 20 18 22 17 8 97 34 36 47 20 62 3 36 55 87 11 22 45 35 44 12 48 13 60 24 36 87 68 77
71 53 11 37 28 94 27 30 16 81 14 6 66 73 61 39 37 90 84 25 37 84 24 93 9 73 20 17 30 91 91 43 29 73 29 31 60 62 28 47 28 83 11 19 30 29 16 83 32 90 83 66 36 81 84 14 35 18 85 2 92 82 25 12 27 95 24 15 68 26 84 23 62 47 62 26 69 66 13 4 90 16 65 54 53 60 65 50 71 17 77 85 85 38 9 78 55 50 84 25
51 43 68 95 72 89 49 75 66 89 14 43 12 25 32 14 91 60 90 3 8 25 22 75 11 72 69 38 55 74 31 95 54 93 44 53 8 62 38 94 76 29 48 63 55 2 61 35 63 79 51 36 9 27 31 85 16 96 14 87 29 15 65 33 89 63 2 61 19 69 70 72 80 18 66 80 44 84 85 17 62 9 71 57 84 20 83 59 12 89 38 44 76 58 35 85 71 1 31 3
77 83 45 26 6 60 2 87 41 81 25 21 75 55 46 98 75 13 67 70 99 17 44 53 70 56 36 65 98 22 5 4 92 48 29 9 54 67 23 90 79 28 19 54 98 82 54 84 94 1 6 16 5 2 55 7 57 23 79 15 2 52 7 21 43 79 30 37 92 39 46 41 16 37 32 36 72 60 87 49 41 37 35 62 46 70 39 73 54 55 19 21 53 36 18 61 59 36 75 70
77 18 65 86 42 23 67 73 28 16 82 69 64 77 1 19 95 61 95 68 81 42 71 10 11 95 63 24 32 84 28 2 28 7 49 87 53 87 12 31 96 49 10 88 32 34 7 85 36 2 17 48 76 29 80 32 3 64 46 59 71 88 48 78 79 83 14 98 3 93 71 28 18 21 33 5 15 99 52 44 54 25 6 29 23 99 88 91 24 56 11 66 4 50 1 85 37 7 91 68
4 75 81 74 96 78 74 4 73 19 97 98 21 62 67 44 4 49 15 24 60 31 4 24 49 84 24 58 28 81 87 58 78 5 97 15 48 57 2 95 90 9 52 12 28 46 3 24 15 67 50 44 84 22 8 36 99 35 31 60 56 82 59 5 92 68 67 53 98 97 74 1 57 65 96 29 68 35 26 14 22 43 17 42 22 66 21 18 34 19 38 30 58 87 56 85 2 58 34 24
76 98 78 47 88 4 74 88 89 50 47 50 43 99 66 8 45 93 66 69 8 55 54 81 94 51 20 46 84 4 29 27 61 75 30 85 16 17 92 8 9 54 41 26 84 48 41 91 39 72 56 34 23 22 89 26 13 77 58 78 88 68 65 63 74 23 88 70 63 11 52 95 65 40 61 60 51 46 41 61 31 9 40 10 51 67 83 64 48 56 7 47 22 67 60 61 57 95 46 69
95 64 45 88 83 10 52 49 73 59 94 94 84 24 60 78 95 77 36 55 91 89 33 41 32 16 69 29 67 31 32 38 53 87 85 20 59 33 4 6 77 35 87 48 67 38 99 18 38 99 56 70 66 58 93 71 99 90 2 78 51 85 51 84 12 24 95 58 83 71 9 56 93 88 60 18 70 32 34 70 74 50 46 85 44 35 45 23 53 78 45 73 77 2 33 68 38 25 22 55
