20 100 7399 7.45
17 8 41 31 43 42 60 20 88 68 71 56 3 87 31 22 19 35 78 27 99 45 15 84 1 26 42 2 9 28 62 54 46 9 75 38 48 55 26 97 98 32 75 51 94 75 38 66 69 7 63 62 85 99 74 68 43 5 54 67 36 44 74 22 70 97 3 57 20 69 26 15 36 53 38 94 92 87 37 37 15 17 60 38 14 90 43 61 95 43 68 85 7 82 96 42 68 5 21 27
41 74 3 56 53 47 54 8 56 6 1 45 7 45 31 37 41 34 96 52 60 88 26 54 37 55 10 53 65 9 41 92 95 62 71 96 18 74 28 66 20 46 13 77 14 24 7 5 4 1 46 42 20 37 75 52 44 40 96 79 44 50 20 50 94 72 37 19 16 91 10 15 19 43 91 42 86 69 76 12 96 93 37 31 3 89 12 85 6 68 69 41 18 23 76 84 6 40 52 52
59 41 95 32 88 4 7 13 47 77 2 97 17 64 60 68 88 60 71 68 45 77 75 50 70 42 89 67 27 44 19 37 13 88 59 46 75 48 9 68 73 63 69 85 67 15 44 85 9 83 15 63 25 7 74 95 31 11 31 41 39 97 36 57 9 41 76 89 2 70 96 9 94 16 74 42 85 69 59 64 24 62 34 73 84 88 25 65 75 86 16 28 79 45 79 74 28 11 15 68
74 35 34 94 20 56 89 60 77 73 26 88 4 17 77 67 25 23 52 35 97 88 74 20 70 90 73 7 47 60 62 54 70 7 87 35 70 60 11 46 16 74 11 89 32 7 33 2 32 47 20 74 34 11 22 54 84 30 59 88 12 36 30 9 10 10 52 82 99 48 51 59 26 72 11 89 49 57 10 75 60 47 95 8 17 42 79 76 61 69 52 40 77 37 53 18 48 30 8 35
6 40 18 23 29 49 66 99 94 12 50 61 41 14 18 54 45 63 68 43 69 1 90 18 71 53 35 81 28 1 89 80 73 25 38 15 50 92 32 37 57 62 93 9 94 50 87 64 70 86 57 23 5 57 22 59 86 93 24 69 50 65 18 96 21 20 85 9 90 79 22 39 41 13 63 70 86 93 39 8 21 33 35 66 8 71 90 87 67 47 50 33 24 70 32 95 90 93 7 43
13 70 55 73 38 91 49 23 3 42 17 5 22 91 30 89 96 2 54 57 9 12 61 95 20 65 75 33 56 24 50 91 35 24 70 8 87 11 33 63 48 31 81 88 52 32 36 10 94 18 83 89 38 24 7 13 14 7 36 98 96 43 98 67 90 46 47 36 15 7 56 73 43 27 91 1 83 96 18 70 27 74 30 43 46 1 81 78 34 88 10 98 85 89 80 78 45 7 94 57
97 98 75 38 8 58 42 68 36 46 11 9 99 2 88 61 47 77 66 8 10 89 40 23 37 38 90 89 55 4 66 79 94 6 45 38 63 32 49 39 32 89 18 61 95 55 5 59 78 28 87 42 86 51 86 48 35 54 83 62 58 32 19 11 81 8 33 50 97 23 43 46 71 59 51 67 90 94 63 29 8 95 12 28 48 15 25 12 3 42 85 45 87 29 24 50 96 54 98 8
73 9 94 96 15 9 86 15 62 45 4 56 69 72 36 89 24 83 28 15 12 63 36 77 30 65 23 89 54 21 57 96 39 40 37 70 18 6 65 28 92 63 78 76 32 55 8 24 77 86 9 64 65 78 29 40 19 44 18 18 18 62 94 29 67 76 65 67 68 36 91 76 82 85 42 72 39 88 88 62 56 76 97 51 58 50 79 33 56 3 60 24 33 79 57 44 6 44 18 15
82 8 42 67 68 69 17 40 18 49 96 75 82 86 72 46 56 25 98 2 26 77 1 83 48 89 87 69 88 26 46 48 12 21 36 55 12 46 74 44 44 77 88 55 5 25 55 7 53 58 87 94 83 40 27 77 15 31 2 10 66 15 8 3 48 76 82 22 16 57 72 39 77 3 94 18 96 6 47 2 17 59 44 13 41 12 54 76 77 37 88 89 52 15 8 35 14 31 99 2
45 14 57 88 21 18 96 13 77 30 39 23 92 66 72 38 66 3 84 54 11 53 47 81 58 99 6 62 86 17 35 5 79 73 53 9 18 66 25 62 28 72 44 70 37 30 58 35 84 39 97 98 60 61 79 13 90 88 82 11 61 68 37 10 18 73 38 33 80 39 41 48 2 88 93 37 4 90 41 94 56 94 63 8 17 94 24 92 93 34 28 27 31 20 44 95 51 88 38 54
36 26 80 12 43 51 42 44 8 74 12 3 47 90 93 70 92 77 47 87 92 32 62 5 60 97 50 7 65 93 50 53 81 18 95 10 51 6 95 63 97 92 27 15 44 97 22 40 99 48 56 54 71 96 40 91 23 69 48 3 61 25 81 68 89 63 48 31 9 85 28 91 74 88 98 94 13 80 65 6 93 33 51 46 8 11 29 64 75 11 51 57 79 83 98 5 81 69 80 87
3 70 25 71 38 92 76 45 24 82 42 16 85 86 12 14 74 29 83 35 10 48 97 75 54 29 22 51 53 34 65 2 25 39 10 26 48 55 76 17 68 78 63 34 50 61 10 34 89 37 32 92 96 54 79 17 93 6 95 12 6 80 63 63 67 93 95 45 6 60 80 94 85 50 17 60 27 22 34 92 91 9 95 53 92 98 72 56 96 78 21 39 7 57 85 40 75 6 63 35
86 77 42 84 19 23 83 3 86 43 64 18 46 34 34 93 96 77 57 77 56 24 71 86 14 30 57 27 53 94 95 72 4 45 34 95 80 85 5 35 89 60 62 66 70 21 48 17 80 81 93 4 90 80 49 55 49 86 34 76 17 89 20 75 48 52 63 86 62 31 27 4 96 76 75 64 4 70 65 33 81 53 33 94 42 47 28 94 26 4 35 72 86 66 52 2 19 86 21 77
7 30 99 71 85 60 6 56 59 90 78 2 4 57 18 28 49 75 8 53 69 92 38 9 7 54 21 58 32 25 5 13 49 38 2 75 53 24 54 92 33 40 61 98 82 84 43 38 39 1 95 35 89 2 82 84 3 34 38 63 63 40 93 19 59 94 59 47 59 98 7 24 12 3 22 82 71 44 7 35 76 45 69 41 63 26 28 35 20 86 31 63 23 57 89 12 11 34 49 53
16 13 75 76 89 64 21 24 43 50 96 70 67 98 90 19 20 57 34 73 54 7 38 97 62 58 50 19 71 36 9 50 76 13 29 36 21 77 99 86 91 66 65 86 94 13 44 87 69 45 89 70 60 18 26 98 93 46 62 28 66 42 68 70 5 24 17 26 71 66 70 5 12 23 35 5 25 7 84 43 75 6 9 77 96 82 66 97 12 5 13 11 80 83 65 13 79 46 16 73
78 31 32 59 46 61 4 40 64 68 84 90 98 57 56 59 82 12 98 26 45 66 86 5 42 63 55 90 12 79 49 5 9 28 41 4 13 77 4 63 96 57 97 46 90 45 6 2 82 8 20 76 17 59 14 84 99 62 37 66 17 89 51 5 14 88 81 97 16 43 73 88 28 32 30 69 54 78 65 15 57 8 17 54 37 92 90 27 71 65 18 41 14 86 63 47 10 62 48 26
28 92 34 45 31 74 88 55 88 43 4 92 28 22 9 98 45 40 24 12 67 32 89 87 20 92 85 37 99 9 67 32 22 46 5 20 77 38 13 37 41 12 2 39 21 68 43 84 62 22 91 79 78 80 31 18 80 34 8 62 6 84 37 23 83 68 98 83 15 94 37 68 15 70 12 65 4 29 52 92 97 28 74 41 96 35 24 70 51 22 47 87 2 99 26 42 27 34 24 12
90 31 81 13 33 80 50 81 27 33 94 20 15 58 6 68 6 27 87 65 13 33 98 66 11 34 30 73 77 4 81 57 26 10 58 74 39 60 32 8 1 84 4 88 13 17 86 70 39 24 68 68 8 32 6 51 63 36 13 28 56 89 87 43 27 61 89 69 21 24 27 44 8 30 89 27 81 36 47 98 24 45 96 57 37 74 83 37 35 49 59 19 6 19 33 9 72 36 25 65
47 61 91 84 72 64 95 65 94 85 31 86 20 66 27 75 87 58 29 79 48 26 36 87 24 80 7 85 91 39 83 85 9 83 61 67 74 42 21 87 3 63 61 46 2 88 19 95 96 60 52 2 78 41 69 68 23 91 19 50 94 18 35 6 14 64 40 40 9 4 32 58 96 39 44 67 72 39 46 39 27 82 28 71 48 51 6 38 70 66 6 77 42 58 50 28 98 91 42 79
71 77 99 13 30 27 26 30 56 45 18 42 2 21 58 45 54 50 28 10 29 61 2 90 51 78 9 74 69 54 90 71 76 60 83 12 20 2 24 4 21 84 77 44 40 7 27 19 11 24 22 12 8 42 55 22 46 7 60 39 71 96 74 16 4 58 3 58 95 56 31 2 95 31 39 45 31 61 53 26 31 60 21 33 27 86 53 5 84 81 95 75 2 19 87 57 78 7 4 10
