20 100 7454 7.53
34 95 61 89 99 49 25 19 21 67 88 20 86 82 20 85 90 44 92 45 59 9 53 77 73 45 48 88 2 47 45 58 46 15 14 71 79 46 97 58 78 69 58 5 12 27 93 39 82 12 57 65 48 21 29 83 75 45 8 69 65 75 55 20 22 78 92 41 38 97 13 78 75 92 49 12 38 18 22 56 37 41 29 31 90 60 43 52 95 61 7 79 92 87 55 53 86 64 29 45
31 8 66 40 38 50 95 70 48 43 27 75 18 71 88 74 50 36 42 58 10 84 83 89 77 66 6 76 77 58 94 13 26 65 89 25 35 46 4 72 30 6 20 77 15 81 24 57 85 7 44 53 65 70 72 2 2 92 37 14 16 87 39 31 88 95 81 81 66 28 89 2 76 41 14 75 39 68 88 91 83 25 37 56 51 25 15 21 22 46 63 35 49 92 25 51 43 11 78 58
57 99 74 92 72 89 62 69 75 28 18 16 58 97 4 2 55 54 24 31 22 48 91 32 59 29 71 43 37 87 62 74 24 27 83 60 43 57 73 72 50 56 18 29 97 48 51 30 14 28 12 10 83 64 91 34 23 56 85 78 28 90 15 56 94 67 83 33 97 26 47 51 86 76 28 55 37 89 81 67 9 6 44 94 32 90 3 31 32 70 17 43 94 29 88 50 46 48 97 31
98 3 58 95 47 20 46 77 91 23 79 92 53 49 5 4 83 16 57 52 86 79 27 32 60 88 78 13 65 20 10 91 81 65 88 72 67 8 34 21 41 36 57 42 75 35 85 84 81 52 11 47 32 24 82 64 87 14 63 18 43 28 31 54 91 80 67 14 28 56 82 6 23 40 12 65 99 26 83 18 52 80 8 64 44 79 78 75 29 58 97 67 76 64 71 53 59 81 80 52
87 58 56 58 83 94 71 60 34 53 83 72 82 50 69 22 90 76 56 57 78 98 49 98 87 5 52 28 80 39 19 73 75 6 4 30 18 56 91 40 3 92 45 40 87 46 84 42 3 95 40 84 79 75 42 74 68 40 9 77 43 84 95 43 32 10 87 94 72 69 42 25 31 93 33 1 45 69 84 56 33 5 66 90 53 88 81 66 19 43 32 18 34 37 16 14 44 7 61 57
92 91 56 79 80 75 20 30 92 88 88 19 34 23 32 84 9 86 40 29 74 55 94 43 50 53 23 91 34 48 78 25 69 62 85 57 23 77 29 57 48 81 20 7 2 19 49 11 40 27 40 91 40 95 39 20 14 14 78 7 19 48 24 5 26 53 19 80 41 20 66 1 59 4 84 3 58 13 54 7 5 63 87 21 40 91 52 51 35 53 70 23 75 49 49 43 48 84 94 29
23 57 81 86 61 34 85 33 81 76 12 46 33 92 78 86 15 85 30 43 26 94 78 57 56 68 15 15 37 24 14 27 57 24 75 54 99 26 93 66 9 11 3 32 98 95 83 3 23 4 69 80 60 5 64 34 10 6 76 97 76 88 92 25 69 12 10 13 89 76 75 13 39 56 57 39 55 48 84 86 49 21 46 34 35 32 86 20 55 9 27 99 5 87 20 87 28 62 15 43
96 89 64 4 19 39 81 88 85 8 15 85 35 35 74 88 50 89 84 46 76 51 35 60 91 20 12 22 18 47 36 24 86 8 2 18 11 75 29 60 8 72 88 80 19 83 96 21 8 67 16 10 85 62 70 88 24 19 49 99 79 31 34 76 76 21 92 86 4 29 18 10 6 87 5 54 11 42 79 35 7 21 90 59 88 93 33 77 59 41 65 11 18 17 41 85 75 59 50 46
39 23 41 81 10 47 25 42 36 93 50 49 70 3 91 46 10 45 19 72 55 55 62 56 65 20 26 15 72 92 23 11 80 5 56 36 44 57 65 5 80 1 44 70 98 39 25 74 9 92 51 51 92 61 36 21 22 46 48 39 18 14 67 6 28 94 61 97 29 25 25 14 85 13 91 53 44 84 51 18 41 71 34 90 82 9 3 71 1 14 21 44 54 62 23 51 79 45 3 72
91 56 21 12 22 96 19 50 16 81 14 73 90 69 94 66 91 67 83 62 62 27 75 32 5 64 95 77 1 7 92 54 60 94 40 77 4 10 52 45 16 68 23 97 2 31 25 82 17 75 40 69 50 43 17 10 84 85 17 36 26 1 63 16 23 13 7 59 65 64 68 63 5 41 25 53 7 50 37 55 64 94 95 93 64 36 29 33 93 84 86 4 50 39 78 27 35 63 91 62
23 90 41 20 80 16 93 14 28 74 16 60 55 56 53 65 49 53 63 56 37 46 90 87 38 69 9 57 60 36 30 34 64 85 83 42 47 14 88 64 7 44 90 10 12 8 38 59 6 60 74 99 60 7 35 31 78 82 38 15 27 3 14 88 10 46 24 14 81 35 62 17 9 18 71 80 7 86 13 13 29 58 69 14 47 31 92 53 62 71 52 47 15 1 98 44 60 63 93 56
57 93 83 86 88 91 65 79 37 93 89 98 71 20 57 85 78 59 27 5 52 54 3 22 14 67 61 64 39 66 21 3 47 22 78 90 12 64 3 10 96 61 91 76 54 14 58 78 33 49 88 97 74 58 25 63 86 19 76 50 44 60 44 42 53 4 57 69 73 98 23 31 9 3 37 21 27 62 37 32 38 60 25 41 37 15 28 52 29 61 49 12 55 66 4 66 6 45 46 5
83 29 2 94 65 48 95 52 64 25 54 63 77 86 43 93 44 14 95 77 88 42 98 77 31 26 20 40 84 73 60 16 5 59 10 99 75 62 75 99 26 21 66 22 62 18 76 37 64 51 33 35 39 30 92 28 81 56 41 15 51 86 17 35 66 48 89 90 38 12 26 69 62 13 73 56 45 93 41 4 80 58 94 89 9 20 41 19 60 73 20 75 84 28 25 15 5 59 2 77
65 95 99 91 96 88 89 79 80 17 80 81 35 4 77 2 64 78 6 76 32 58 46 7 53 60 38 63 71 74 37 35 26 21 43 23 80 48 6 73 4 28 68 58 27 14 4 22 14 17 49 54 56 69 58 94 27 61 10 13 48 42 22 41 20 42 3 96 90 9 21 80 93 38 53 75 40 65 14 1 53 88 67 44 15 2 50 94 14 34 55 80 65 37 19 64 49 51 29 76
99 45 68 29 35 25 84 33 46 16 99 76 52 68 24 69 77 93 34 96 52 97 44 88 49 31 92 90 71 85 18 92 57 92 64 5 66 65 72 4 39 3 52 35 32 27 83 24 25 32 99 67 25 56 89 47 66 81 66 4 97 62 26 71 1 53 21 35 84 58 63 60 40 34 87 27 68 1 54 22 89 37 61 11 51 35 81 98 78 52 28 66 93 26 57 58 62 49 10 96
57 55 9 38 96 62 22 6 96 91 82 38 69 40 76 46 67 34 96 31 48 72 99 2 82 85 97 21 39 67 11 48 3 10 43 29 30 38 31 54 24 88 56 45 48 56 72 81 56 5 8 66 12 49 66 80 11 85 89 25 58 34 98 18 67 93 9 17 82 54 89 9 96 67 88 33 59 78 45 26 82 37 22 57 42 51 5 44 38 62 55 30 18 6 76 45 9 84 24 31
96 81 91 79 25 10 42 34 60 19 23 90 74 57 19 41 94 6 52 22 38 47 34 69 45 87 54 10 19 91 82 87 74 78 86 52 28 4 68 4 27 19 27 40 49 57 33 64 77 90 11 99 93 99 12 28 76 57 94 53 26 37 35 28 40 67 87 65 51 82 25 65 64 85 54 64 23 48 80 48 34 36 34 29 83 34 46 11 59 55 38 28 66 18 1 37 71 81 68 22
79 81 91 86 18 88 47 87 91 92 55 1 17 89 95 40 50 16 48 64 49 56 58 73 59 3 16 72 8 95 49 2 63 38 30 69 30 89 9 25 92 14 78 40 15 22 39 17 9 13 53 9 88 59 80 45 35 53 29 28 68 80 6 62 96 65 97 6 44 55 77 37 68 63 66 27 17 42 53 5 83 18 46 48 52 95 45 3 41 34 42 30 84 71 51 70 97 10 33 64
93 89 46 28 29 97 88 84 22 87 21 33 69 32 83 70 8 22 93 39 54 15 47 55 84 2 68 64 65 15 84 90 27 63 99 42 66 68 35 1 93 45 65 41 80 57 92 75 86 48 31 37 9 3 30 24 34 82 20 93 69 11 72 11 26 82 77 81 79 6 56 85 48 12 14 53 33 7 53 42 11 65 89 69 34 70 43 44 29 84 25 66 28 38 44 67 47 43 6 39
52 48 90 32 81 81 8 92 15 93 65 71 12 57 36 59 32 22 73 59 34 11 87 55 75 52 70 60 76 6 56 91 8 69 16 97 50 91 12 30 75 83 29 46 19 35 64 73 53 63 50 90 49 91 13 60 48 32 61 98 13 38 58 92 49 51 78 58 44 34 42 68 81 3 98 24 35 35 39 17 82 77 26 81 96 63 97 74 66 8 2 50 12 23 36 28 63 32 21 59
