20 100 7413 7.42
90 48 76 75 14 40 80 62 51 4 90 69 79 28 77 33 94 94 42 23 23 17 13 13 30 64 92 29 31 81 60 66 4 90 99 96 88 65 47 79 28 69 54 98 54 8 81 29 39 21 40 68 73 18 22 13 93 76 67 77 57 97 22 53 76 75 77 10 40 54 16 95 88 16 51 29 97 25 49 61 9 70 65 76 30 7 59 5 11 55 3 97 54 57 1 43 50 33 71 23
84 27 45 46 65 94 21 90 93 87 45 26 20 54 98 47 30 1 63 99 51 41 30 43 81 33 75 33 73 43 24 48 68 82 65 8 73 86 10 89 7 38 81 46 11 65 75 19 52 28 36 26 17 2 98 22 24 60 23 71 93 29 63 67 17 72 7 18 74 62 27 78 73 37 93 92 94 54 99 63 93 83 31 60 27 91 8 25 57 5 60 72 15 35 44 91 73 96 31 99
25 28 42 99 73 72 68 13 75 53 27 2 2 92 13 56 92 62 28 38 22 29 38 6 45 26 51 39 13 23 22 21 52 23 53 62 43 77 59 2 74 31 47 44 95 79 50 59 67 69 15 94 86 98 81 46 62 9 54 11 13 33 30 37 96 65 83 34 70 97 13 20 62 53 8 8 22 47 83 70 22 24 64 9 36 28 36 77 83 70 59 31 85 88 41 90 73 44 19 38
89 47 75 1 58 43 66 67 33 4 12 79 23 60 53 47 26 51 54 8 66 65 47 87 36 10 37 83 18 5 63 19 59 17 13 50 15 88 28 29 89 17 90 61 80 4 98 93 88 7 74 61 52 56 77 43 61 41 11 53 93 27 22 98 9 53 7 94 88 40 43 65 46 25 4 53 7 59 84 50 9 69 61 41 89 8 60 42 98 11 17 29 73 37 71 69 39 80 72 8
61 97 30 9 73 81 2 69 35 50 64 43 94 44 60 27 86 99 71 33 29 77 56 33 43 40 23 96 44 23 14 11 16 91 38 28 39 67 99 5 29 17 43 37 48 19 8 93 83 61 6 53 52 53 54 79 10 11 4 49 46 15 32 78 77 99 1 58 88 56 36 15 84 81 45 8 45 12 49 19 86 41 10 11 85 11 3 73 28 3 27 87 40 49 75 61 64 62 16 33
8 64 68 59 52 32 79 34 48 89 81 91 58 27 32 45 69 14 64 11 11 72 66 45 42 73 84 88 43 90 5 21 4 74 5 83 15 68 16 90 66 73 7 50 98 14 42 89 47 14 71 4 6 39 48 50 61 17 27 82 43 60 10 70 51 27 53 97 95 73 96 35 25 37 82 49 61 70 66 48 24 49 69 17 51 63 59 36 86 56 77 99 24 45 79 55 73 31 93 11
76 78 58 97 77 27 81 57 11 70 32 8 91 67 48 44 27 17 23 45 62 6 10 51 35 54 94 34 64 60 62 20 42 75 78 60 2 33 18 1 69 83 16 90 14 51 24 14 16 42 99 35 30 45 6 51 88 90 93 78 49 7 85 52 63 78 26 34 19 61 59 26 89 69 21 7 47 15 50 52 36 4 11 90 35 31 58 56 97 3 57 88 32 91 94 44 99 95 73 45
83 37 99 55 97 69 67 61 48 23 28 3 12 74 78 94 91 76 74 30 69 15 82 14 6 97 8 89 15 30 45 83 16 99 43 63 20 6 38 11 96 72 61 94 38 97 76 83 72 29 74 78 64 11 36 38 64 55 32 70 3 68 30 85 16 97 13 72 96 64 83 14 74 1 67 55 9 39 43 70 78 25 28 55 61 63 68 36 45 34 33 26 31 75 89 8 90 14 88 30
95 77 98 21 47 46 74 28 67 84 56 36 91 67 91 29 82 16 84 78 51 20 76 82 94 96 22 35 11 90 26 3 60 19 86 53 51 30 25 26 2 50 6 3 84 97 48 2 86 78 28 33 2 64 83 44 99 80 2 8 66 8 29 41 79 17 74 97 78 92 40 12 84 76 78 17 81 23 15 25 92 9 44 80 29 61 35 53 22 87 66 60 24 48 88 31 22 61 95 78
81 36 55 90 2 54 90 91 64 72 69 62 92 58 19 82 45 27 10 82 69 14 28 27 14 36 73 2 66 67 41 45 29 90 8 85 28 20 80 28 31 18 59 9 72 57 29 4 35 39 1 51 97 18 8 81 21 5 71 30 24 21 9 76 26 83 89 61 44 53 23 3 9 70 95 21 93 59 27 41 23 2 65 5 93 13 47 14 72 7 91 35 22 31 17 25 83 25 17 82
75 13 58 40 80 91 36 78 39 14 66 93 25 39 26 34 83 53 84 51 70 73 65 68 45 49 74 24 67 65 52 20 78 99 82 34 3 25 12 55 14 91 13 18 2 22 91 99 18 2 17 64 44 35 17 77 41 36 35 20 79 1 96 12 63 6 36 76 72 74 43 36 42 51 6 42 37 18 48 75 33 85 6 36 46 24 50 35 99 17 13 77 88 10 43 60 67 77 16 51
96 89 33 77 23 27 72 51 24 21 61 9 81 10 33 86 36 22 37 92 72 59 27 73 37 72 87 53 68 24 45 96 18 97 53 31 85 8 10 15 21 59 8 3 34 1 76 8 77 42 40 96 21 52 75 90 47 29 64 27 42 53 55 44 4 24 68 11 53 78 36 16 99 64 69 27 50 22 97 6 39 65 79 29 71 94 6 45 1 10 21 57 78 92 26 72 66 26 94 92
32 61 44 45 44 34 52 56 57 32 2 85 6 20 62 24 76 30 51 3 31 61 46 14 44 3 12 58 24 9 51 69 20 3 39 28 37 73 45 42 42 49 58 71 83 35 33 27 56 38 26 69 30 96 94 17 34 44 61 95 85 56 61 36 52 80 73 10 3 13 25 15 79 50 26 31 48 29 65 50 6 63 50 44 88 27 66 39 54 48 42 59 18 48 89 16 14 17 95 3
83 59 70 80 51 76 71 19 1 83 43 64 87 96 31 79 58 58 69 52 41 20 51 82 58 38 94 11 66 7 74 54 90 85 25 6 94 29 67 46 24 82 78 37 73 30 34 66 73 3 61 88 54 22 38 70 5 90 6 1 24 74 8 95 56 31 5 22 7 89 26 6 33 85 3 4 51 20 63 20 25 71 75 90 87 51 29 61 93 89 35 17 16 59 54 96 80 48 29 52
68 49 99 77 12 84 18 36 82 39 69 12 50 34 86 81 80 67 37 74 78 1 20 69 69 3 4 19 93 33 57 82 81 31 50 79 24 51 72 89 5 5 19 67 73 92 83 99 85 38 57 60 36 84 28 26 49 40 51 41 57 70 42 31 18 49 68 74 67 28 87 26 28 77 35 42 52 62 10 86 58 79 62 40 85 73 92 15 30 15 36 8 98 11 97 56 64 32 9 74
96 17 48 58 59 3 69 86 10 82 79 89 80 87 69 40 24 27 60 79 57 45 87 33 56 67 36 28 67 71 33 36 75 34 31 64 32 61 51 68 18 54 18 39 33 31 25 50 42 83 59 48 43 30 98 21 60 52 50 88 96 50 43 89 31 28 19 45 12 29 23 65 41 9 31 93 29 47 32 11 84 26 13 52 27 64 63 42 91 6 92 91 43 46 50 26 74 68 30 79
20 91 36 85 71 68 5 64 90 95 84 53 73 45 3 74 87 71 52 4 62 96 41 92 88 32 53 75 29 94 78 18 62 43 21 53 77 57 45 66 73 26 56 68 49 68 94 41 32 28 39 9 48 67 73 13 74 5 7 37 40 56 86 63 5 40 13 30 35 76 26 45 55 27 98 10 38 25 49 46 38 70 17 5 28 77 39 44 83 32 90 29 32 69 35 57 15 94 54 4
16 91 57 45 85 94 65 42 62 62 53 82 34 62 42 25 61 56 63 63 20 39 39 1 15 37 56 88 38 83 94 58 24 57 75 72 18 92 6 8 52 9 79 17 49 3 79 55 85 30 15 39 43 4 80 94 43 13 27 41 58 60 5 26 58 67 35 23 81 51 53 15 70 16 55 56 28 61 85 2 67 66 98 13 31 5 96 56 79 35 19 60 44 16 44 7 31 46 12 63
30 50 73 84 32 40 38 49 42 77 85 97 57 15 23 41 54 68 30 60 69 92 68 95 95 68 1 49 95 21 70 72 73 75 98 76 17 7 66 48 40 7 39 49 96 98 17 84 16 61 94 40 53 95 70 49 48 94 19 47 54 49 56 71 24 21 43 40 6 80 17 68 72 54 46 33 81 94 89 8 91 70 43 94 12 97 89 17 39 9 68 28 65 44 8 81 30 3 7 60
78 34 6 83 83 8 78 90 49 65 88 30 65 29 86 56 4 87 61 33 24 91 61 39 31 31 85 22 34 96 21 69 38 72 37 77 81 23 77 44 87 35 75 49 22 47 9 14 84 36 3 30 81 47 22 41 94 45 55 75 40 9 22 41 14 1 94 73 23 21 68 40 83 56 80 50 85 41 59 93 48 76 51 45 93 77 94 39 33 17 5 73 5 54 43 21 13 99 4 33
