20 100 7423 7.45
49 31 36 61 93 43 24 49 89 90 79 30 27 78 90 5 50 57 71 75 36 14 47 95 11 23 50 14 56 65 91 63 82 29 76 62 17 32 6 19 54 27 69 24 89 27 94 98 14 78 65 6 37 45 84 64 96 70 88 70 79 19 87 8 2 79 51 37 63 17 3 52 82 87 50 89 25 96 23 80 73 91 35 55 17 52 52 83 2 44 61 40 63 29 92 52 6 84 28 75
61 36 65 81 45 92 33 36 78 82 46 58 62 63 66 48 69 59 57 15 18 85 40 60 37 2 43 82 51 56 79 9 48 47 1 9 77 55 62 55 85 67 66 56 69 25 94 61 33 12 42 39 90 94 71 83 61 77 68 29 71 41 88 85 49 64 87 9 54 86 59 63 92 73 15 4 42 95 2 21 97 91 81 17 60 83 84 57 58 95 19 72 21 48 92 76 22 81 64 15
97 8 54 78 18 63 67 30 35 73 25 93 44 27 56 87 36 38 84 79 36 79 15 69 24 36 2 5 41 16 27 10 97 93 56 98 13 47 36 37 89 23 38 16 2 78 48 99 40 62 61 84 36 75 53 35 74 46 8 47 99 37 33 59 86 13 36 27 66 94 92 75 5 53 57 92 25 11 36 76 13 74 81 37 45 39 3 29 87 54 42 41 93 98 96 90 43 26 16 79
60 43 47 73 85 38 84 59 27 49 43 63 57 99 1 9 21 32 22 27 17 36 78 36 69 71 37 20 6 98 44 67 30 5 90 78 53 76 83 79 49 7 31 53 43 30 50 58 86 16 1 96 85 91 4 94 92 48 88 28 44 21 58 44 18 41 67 56 32 16 10 51 27 24 72 93 22 36 71 59 22 73 61 96 79 58 16 90 84 12 61 34 75 89 65 41 9 65 87 27
3 96 43 21 32 86 75 72 97 33 71 79 49 32 44 71 31 50 40 88 60 31 58 44 75 77 66 6 37 93 60 69 19 55 8 51 9 48 64 18 48 5 46 31 69 7 57 92 6 80 3 72 61 79 7 61 34 92 54 12 12 76 86 59 21 21 79 36 41 93 25 42 32 81 10 54 12 98 77 68 36 81 74 98 65 41 57 29 6 59 93 41 66 66 8 83 49 66 34 88
71 33 18 46 46 9 65 36 9 8 32 75 83 22 72 38 61 59 27 46 78 42 88 42 48 32 3 84 52 48 63 5 96 71 75 44 10 47 65 55 68 20 3 75 6 63 38 38 34 14 32 20 6 30 88 49 37 86 84 78 64 12 1 20 84 11 76 28 6 88 5 92 16 86 5 69 26 95 32 40 26 14 43 44 9 89 74 45 14 55 25 93 79 52 93 18 81 49 3 46
61 59 61 62 18 61 41 19 82 27 87 5 98 12 82 21 27 7 5 73 82 51 43 35 62 51 14 99 94 23 38 3 59 20 49 87 2 25 18 4 90 52 68 80 55 46 35 48 79 74 23 98 9 91 39 18 43 78 67 84 84 31 76 24 9 61 83 11 28 65 15 94 19 64 38 3 1 84 51 90 21 13 28 45 86 37 45 9 12 95 57 86 93 17 43 21 55 90 83 73
49 92 87 16 88 86 26 17 22 74 55 52 41 26 47 69 49 43 78 32 65 72 2 33 85 82 7 75 78 23 15 72 51 57 3 89 54 39 17 63 92 91 95 19 15 76 82 57 18 57 71 36 90 84 97 3 59 55 15 9 24 69 21 62 94 28 44 44 81 22 20 4 83 31 66 66 15 68 82 24 54 43 8 49 83 85 23 8 22 30 6 28 42 66 16 85 60 76 74 32
55 57 70 98 50 4 50 32 82 37 87 7 96 84 26 89 76 6 99 73 20 79 84 64 48 20 53 25 46 89 3 65 44 41 91 53 59 27 27 81 28 16 63 58 51 35 71 83 54 46 37 55 78 62 34 7 72 13 11 1 4 64 57 36 93 57 75 59 21 8 99 22 8 50 65 26 56 3 20 26 33 51 90 59 32 57 8 63 33 76 83 32 18 3 86 71 34 26 26 73
65 61 88 99 91 63 99 93 12 23 76 4 32 95 61 35 19 45 64 67 73 67 65 50 66 59 96 28 98 53 19 99 2 16 80 14 79 36 47 28 53 93 28 58 71 48 75 78 16 29 5 61 58 67 73 31 14 98 97 32 65 70 68 34 50 29 5 54 7 70 42 26 1 61 64 62 3 22 59 22 20 7 77 8 40 10 21 11 17 3 61 24 14 31 11 97 23 39 13 67
6 63 64 42 98 61 75 7 64 59 74 79 29 60 7 24 85 6 88 33 63 90 40 85 80 35 30 52 40 14 48 55 20 32 68 82 68 62 53 71 4 19 34 54 27 37 62 48 25 5 6 93 6 45 76 96 17 59 56 54 53 93 80 74 7 58 40 33 82 98 80 36 76 4 13 17 74 78 35 42 39 91 64 21 2 83 59 60 86 11 28 94 19 37 79 27 69 37 39 33
57 95 54 35 33 74 44 95 98 16 12 41 17 97 50 56 91 23 6 83 7 72 49 13 26 50 57 8 53 80 5 8 85 55 51 44 22 64 70 55 9 21 11 13 47 82 31 69 74 37 13 17 81 83 70 8 9 31 66 83 87 85 97 90 59 3 26 79 56 22 6 36 13 16 31 13 59 4 50 44 51 95 73 81 63 34 23 7 4 48 73 65 42 38 96 87 66 35 49 83
90 29 90 55 30 99 18 87 17 80 15 87 89 90 18 8 93 42 47 9 55 43 23 96 59 52 64 44 45 77 47 29 3 27 99 22 81 98 94 12 54 91 13 21 60 2 94 76 13 47 79 15 26 80 33 71 46 97 58 91 10 46 96 21 97 27 20 86 13 59 30 82 97 37 52 78 42 59 52 24 9 83 21 18 11 48 65 50 81 30 64 35 47 68 76 44 77 74 10 9
94 92 61 81 90 9 72 96 76 47 92 9 55 69 59 38 43 95 65 12 49 95 15 30 90 76 70 96 64 7 97 50 25 33 69 90 79 5 82 14 51 92 86 12 56 80 93 3 9 21 79 39 76 89 96 54 96 47 48 98 46 38 57 16 35 3 50 9 59 96 65 1 16 97 74 86 61 35 76 23 25 90 60 88 35 44 9 17 87 27 26 84 42 59 24 60 39 18 81 12
89 93 82 51 50 98 83 85 20 70 41 86 69 65 76 87 33 76 23 15 48 38 88 52 27 7 65 7 85 27 41 67 87 33 79 90 71 6 9 14 64 1 75 73 1 23 33 1 2 8 87 18 93 48 62 38 46 6 65 35 70 97 50 94 58 22 36 73 99 54 80 86 3 35 49 3 72 21 7 80 31 69 17 7 14 35 97 97 93 29 99 24 89 30 58 23 97 17 75 15
55 93 73 97 86 52 66 99 13 47 76 38 98 3 66 59 33 83 96 93 95 39 68 94 50 79 92 57 92 8 58 50 16 48 39 24 33 2 71 23 39 54 1 40 22 21 43 81 93 82 6 23 1 33 31 74 27 53 92 69 98 20 70 88 26 95 8 12 14 57 36 60 55 1 5 19 65 20 79 61 57 22 58 12 34 5 6 66 14 21 44 80 31 18 78 98 16 7 91 93
72 61 97 78 52 25 58 54 92 83 15 90 47 48 17 29 65 94 19 86 78 54 47 37 48 12 28 92 94 91 89 91 83 52 89 4 51 36 39 23 77 78 48 73 32 8 22 10 31 97 4 45 56 13 83 27 30 6 29 68 83 46 66 94 52 6 33 58 4 33 27 63 62 15 20 6 22 94 12 3 45 11 85 98 75 4 47 55 1 73 10 39 53 26 12 61 30 91 84 86
54 86 68 99 67 45 68 93 29 95 73 74 12 98 3 97 93 84 48 99 14 80 21 61 21 27 39 22 54 68 84 35 77 69 91 70 14 2 28 80 24 49 60 61 28 70 89 83 8 74 64 15 42 79 23 2 91 79 48 10 4 96 45 22 28 2 87 37 13 63 16 28 25 84 43 84 37 56 27 68 70 14 77 40 2 44 10 86 94 13 10 93 70 6 11 30 85 41 28 99
82 88 72 12 81 90 94 42 98 94 83 14 14 38 94 83 59 84 37 72 35 18 87 33 83 32 75 76 92 16 6 62 40 5 40 27 77 42 4 91 28 10 81 83 16 77 51 39 66 54 10 2 75 17 37 6 35 7 29 29 38 5 12 68 79 28 1 55 89 97 45 78 43 16 90 47 18 89 32 1 91 39 65 3 4 15 25 94 68 6 19 43 31 93 73 28 28 63 79 72
57 21 54 34 28 38 48 3 43 74 31 52 73 95 67 94 18 61 19 9 4 31 45 5 68 62 16 91 39 5 30 78 85 96 35 8 23 68 82 49 1 19 60 26 18 30 79 80 85 41 69 61 21 8 24 86 66 9 94 91 37 27 46 34 11 19 68 33 81 7 32 18 53 30 60 9 37 17 62 24 7 33 5 45 56 36 50 86 85 43 81 80 48 66 84 54 38 38 24 9
