10 200 11631 24.38
89 69 36 70 46 86 64 83 61 67 64 93 56 79 86 27 11 83 3 88 35 86 79 52 61 59 90 61 98 56 73 40 5 95 28 69 13 91 38 46 19 67 1 71 7 75 58 3 57 37 71 81 57 40 44 91 14 1 19 24 40 7 91 16 79 78 81 14 34 67 79 59 67 61 27 65 89 95 22 78 83 78 68 40 87 46 49 71 36 64 32 48 23 20 4 51 82 70 94 39 56 92 14 86 19 90 29 31 7 87 55 87 37 45 62 62 73 3 64 21 17 19 22 46 69 42 77 74 59 49 9 41 3 60 81 6 11 71 83 62 41 85 13 3 59 71 98 6 62 95 35 55 53 53 68 69 18 60 2 43 63 81 62 87 78 62 88 10 25 12 90 45 14 65 33 30 74 70 73 34 65 9 17 57 6 49 54 50 55 12 95 75 7 94 62 68 92 34 82 67
90 77 78 88 27 95 20 93 87 47 82 19 79 60 99 36 86 16 48 36 76 40 98 53 44 53 86 77 54 31 27 35 80 50 66 92 96 68 82 16 54 43 24 41 47 3 58 80 13 26 29 56 98 95 21 58 60 30 58 81 61 53 97 31 67 78 24 80 51 16 76 53 88 24 43 43 75 12 75 32 28 86 31 75 49 19 10 81 63 64 17 42 86 11 67 22 66 95 80 66 58 58 38 6 38 1 47 66 14 38 70 9 67 30 96 13 2 72 23 87 30 99 2 48 94 71 67 14 34 16 86 14 72 7 45 69 56 71 33 39 26 46 6 3 5 77 64 28 55 99 99 56 3 51 66 6 52 88 13 43 71 65 90 50 15 58 89 26 79 12 49 44 51 8 80 95 89 2 93 28 91 14 29 57 79 73 43 48 24 31 82 64 49 5 89 61 18 42 42 47
97 58 91 88 73 78 63 25 86 53 30 51 37 59 7 93 67 89 93 41 47 60 69 3 23 92 25 96 79 17 67 89 88 40 22 92 54 28 55 88 82 1 34 56 69 93 96 40 88 82 33 74 86 2 80 17 67 30 7 72 29 99 34 86 32 22 58 79 71 99 7 6 20 18 8 51 48 20 14 59 50 28 44 53 74 50 10 6 98 58 22 39 23 47 90 49 11 27 8 78 81 7 35 34 14 2 65 70 45 48 69 75 28 73 37 50 5 6 45 69 28 68 88 9 14 58 26 31 7 21 93 75 6 19 4 19 61 45 49 44 10 58 71 93 1 16 96 62 71 90 46 1 57 66 36 90 58 7 88 58 39 48 16 49 78 7 96 43 48 55 87 12 62 59 22 72 63 19 88 29 95 1 21 52 81 63 81 66 91 72 52 95 22 42 28 18 44 88 17 53
96 64 28 86 32 51 73 59 13 96 73 67 37 1 75 78 94 69 63 55 76 95 23 90 32 43 52 96 68 75 13 96 70 96 23 1 77 51 69 49 37 44 77 91 1 40 94 40 82 67 64 57 70 46 21 50 57 79 31 82 64 72 40 56 97 55 79 34 20 43 30 57 48 88 61 99 26 11 7 29 68 61 13 54 40 86 30 10 9 16 70 12 13 4 20 44 98 90 81 36 98 73 34 44 54 92 65 23 60 48 44 1 9 25 48 55 73 84 14 22 15 65 57 6 16 29 19 88 32 77 96 49 84 17 99 19 13 61 78 10 53 13 98 57 85 17 82 46 59 17 16 31 18 2 59 23 67 60 3 83 67 25 43 6 93 25 51 49 30 21 29 96 64 15 43 94 61 36 18 55 59 72 74 70 20 28 59 46 94 3 38 20 14 33 63 4 11 32 97 96
37 50 98 87 37 75 23 90 69 46 69 36 56 72 71 18 48 52 98 67 11 86 62 78 69 42 71 40 43 93 82 79 78 9 85 58 1 24 60 67 36 80 97 19 86 68 36 55 8 82 66 84 12 18 56 11 71 33 39 93 50 79 71 19 69 55 88 6 72 89 41 8 42 28 87 81 70 28 53 23 41 58 12 38 44 75 2 70 11 21 83 36 74 69 19 5 49 89 57 39 31 71 57 65 64 56 5 48 75 1 14 93 57 62 33 2 83 61 94 7 52 22 17 3 60 57 14 30 83 77 67 27 61 26 1 93 38 81 54 20 5 48 5 55 16 6 46 49 36 75 36 17 92 91 65 39 27 57 38 81 38 96 66 63 32 2 25 56 31 54 82 65 16 68 56 48 19 13 79 67 59 67 85 41 18 38 45 64 21 48 39 92 1 25 94 36 22 54 7 46
82 48 72 94 91 69 87 34 79 36 59 52 23 28 86 62 89 12 28 52 69 8 27 85 89 41 95 7 70 37 74 18 44 58 83 25 61 24 64 68 31 28 18 3 67 72 84 29 94 44 98 45 66 60 42 57 29 72 70 35 80 10 64 46 81 57 10 13 20 8 71 43 85 68 77 20 12 78 19 29 68 21 82 3 98 31 74 32 38 7 34 18 45 6 9 42 52 57 25 59 38 78 4 87 64 4 47 37 70 10 14 2 10 43 23 17 80 24 29 57 5 92 2 53 94 47 42 1 17 54 94 86 24 69 91 61 33 51 4 17 82 18 47 12 40 84 13 4 15 19 8 3 62 27 80 2 33 12 30 35 98 71 54 70 56 5 96 46 51 32 35 99 79 45 30 78 56 82 95 55 60 85 71 30 60 73 50 92 17 46 48 74 19 82 15 28 96 95 71 36
83 25 86 11 82 82 97 57 94 93 48 60 85 24 2 91 63 25 36 2 74 86 48 39 65 95 13 90 50 44 53 94 52 25 28 34 86 98 39 44 49 75 48 66 34 82 99 3 13 43 56 74 12 6 69 55 78 1 33 99 2 36 51 29 9 17 70 32 83 78 69 47 24 6 9 43 24 15 84 47 68 47 63 26 68 57 49 47 78 27 38 73 43 71 83 44 59 68 20 36 89 50 81 25 78 4 47 81 4 67 59 88 83 37 14 10 12 36 94 43 53 28 43 93 38 29 48 32 32 99 45 27 36 31 21 23 37 26 28 63 27 7 80 58 3 63 87 60 2 89 39 56 62 93 86 12 53 6 77 69 71 30 74 14 83 26 82 40 98 16 4 91 72 96 93 3 53 43 21 11 23 76 11 30 67 43 69 64 15 97 13 34 15 89 11 45 44 76 50 93
92 88 90 8 30 66 67 60 47 45 93 78 76 76 1 75 70 92 52 62 66 90 45 91 87 40 52 1 9 43 30 88 99 16 39 84 47 92 37 51 75 67 85 40 59 81 43 78 50 65 76 62 23 95 49 58 74 90 54 84 61 47 28 91 57 3 12 97 39 32 83 60 67 41 59 10 52 91 71 10 66 38 99 32 8 85 14 59 3 88 27 59 30 80 15 39 46 74 95 89 94 11 13 43 19 55 30 72 81 10 71 51 99 18 41 71 63 17 91 31 55 24 38 25 75 73 42 8 21 67 39 22 17 41 68 1 14 25 90 86 51 21 36 2 12 50 13 96 10 58 67 62 53 67 77 91 68 90 19 15 91 39 44 95 52 9 9 63 98 34 39 20 8 88 54 24 26 60 72 59 66 6 18 43 57 74 39 18 59 12 59 79 48 79 60 54 23 64 9 45
54 85 27 43 94 8 67 20 90 45 47 96 68 90 48 64 76 72 67 89 21 13 93 52 94 59 37 35 51 68 39 99 24 46 99 86 83 25 16 78 87 92 85 48 96 1 22 47 99 44 3 89 44 6 92 53 35 5 24 37 28 7 23 13 28 49 83 80 61 4 32 36 74 4 68 40 97 45 45 53 25 21 52 36 12 10 95 35 26 22 75 57 32 87 30 92 15 77 23 20 46 19 71 68 64 90 24 29 69 62 69 47 14 73 74 40 47 26 10 5 81 31 46 70 81 46 49 46 4 66 20 47 26 44 28 92 79 50 40 55 26 78 31 42 47 46 65 13 51 8 97 76 65 23 64 72 24 13 21 69 69 88 11 33 39 38 3 59 81 18 80 68 45 13 65 29 10 4 83 98 1 4 48 58 63 16 36 72 1 29 24 35 43 51 9 19 85 33 47 45
34 54 62 60 51 86 55 50 15 67 25 90 60 53 91 55 23 60 67 91 58 48 76 97 24 5 90 44 84 65 89 39 53 42 26 76 37 14 39 10 23 22 33 77 25 14 8 77 17 51 27 52 69 96 62 15 79 71 44 82 34 51 60 61 9 35 6 21 49 7 7 86 1 71 64 64 8 71 69 67 11 62 19 68 70 53 27 66 67 79 95 38 63 38 50 73 15 11 61 32 19 83 79 62 33 97 94 26 72 68 47 53 4 27 16 87 6 24 40 22 47 80 44 81 81 83 89 19 58 84 16 28 24 23 66 51 78 82 19 54 10 44 10 70 47 33 52 6 29 60 80 23 56 49 89 31 50 1 60 36 7 11 88 28 37 30 19 91 2 7 20 48 1 69 41 42 52 71 18 16 9 80 13 60 99 6 57 77 29 85 95 4 69 55 8 21 87 69 1 67
