10 200 11628 24.37
68 31 68 5 82 92 22 1 92 92 34 49 30 67 5 68 18 94 90 81 35 80 93 86 42 19 80 86 86 63 44 80 6 75 48 5 97 35 3 73 80 58 55 61 25 60 56 9 17 53 30 75 23 64 59 68 47 64 17 67 38 55 19 23 40 67 94 82 49 11 70 19 66 44 40 43 24 74 64 84 4 70 69 88 67 3 78 19 5 19 8 59 15 83 72 97 24 17 72 84 56 46 34 5 71 63 86 94 58 44 99 23 54 84 52 27 57 59 95 47 20 61 81 59 23 17 17 20 16 46 97 47 54 20 66 71 44 42 5 77 21 39 72 3 93 62 57 48 52 97 21 6 56 69 12 19 73 76 6 30 18 39 21 46 82 46 60 96 13 29 93 86 2 39 61 47 30 82 46 44 84 2 84 78 2 94 50 17 77 79 17 97 8 49 3 30 49 75 8 92
13 68 88 56 56 49 18 80 43 76 87 89 65 16 73 80 75 15 47 78 23 59 27 70 44 65 87 10 68 62 77 49 13 85 87 11 35 24 10 72 82 75 51 26 84 15 64 69 72 43 10 53 2 22 84 73 58 59 2 37 72 31 43 37 32 48 78 36 39 83 10 91 98 78 57 28 91 40 43 11 91 73 29 89 78 8 98 45 13 84 94 75 74 65 44 28 30 54 11 53 55 28 7 81 59 86 26 15 23 89 57 95 35 34 82 19 55 75 93 78 76 61 51 58 92 29 10 46 69 48 30 75 39 51 75 24 22 38 68 6 6 8 89 87 61 67 46 68 21 61 70 61 5 95 92 31 1 18 79 53 27 12 89 35 98 14 94 10 87 89 12 15 38 11 16 32 36 68 36 74 18 21 84 15 21 62 56 61 64 5 61 55 89 12 22 6 26 41 81 76
43 2 20 27 23 87 8 93 94 48 68 12 43 44 8 94 57 53 35 16 28 53 3 13 3 53 36 50 42 16 43 30 3 17 81 51 30 4 30 77 97 4 7 4 88 92 12 27 26 20 3 69 2 4 10 23 90 69 1 7 10 66 35 24 34 22 27 68 5 85 72 75 52 25 18 44 10 65 91 42 69 81 2 20 75 96 17 33 84 45 51 57 6 62 46 48 35 76 16 93 12 11 69 23 11 13 19 46 92 13 3 10 95 96 79 24 66 52 12 37 7 16 88 34 93 19 55 42 25 53 39 97 4 92 43 67 44 13 19 4 13 63 7 18 19 63 52 81 64 37 67 43 65 4 53 30 66 74 53 4 40 18 97 46 9 24 73 96 15 64 6 70 82 55 54 54 26 13 2 14 52 72 46 30 72 56 73 28 89 52 82 3 9 1 54 8 4 52 61 48
33 58 66 94 50 78 5 52 93 1 29 51 10 22 42 28 49 22 88 52 36 93 27 90 55 90 24 70 30 86 83 72 23 57 50 94 74 58 62 9 13 7 29 93 80 34 88 36 67 16 46 94 41 81 52 19 45 1 52 64 84 42 27 71 99 28 49 46 9 97 71 34 84 98 91 37 31 11 12 89 74 87 67 5 41 28 55 35 17 94 27 66 99 91 36 63 51 16 33 77 96 42 30 67 58 97 24 4 49 84 8 92 6 89 69 27 93 80 23 97 49 35 4 5 19 40 3 45 79 91 38 26 90 60 52 72 59 71 31 53 46 76 35 32 29 3 30 78 95 30 16 84 47 74 7 29 3 29 89 55 74 12 15 38 98 43 5 94 9 45 46 71 39 14 23 29 67 14 10 75 57 17 7 28 17 83 61 81 8 67 76 22 25 49 87 64 17 19 56 1
75 58 45 82 79 92 91 44 1 27 26 34 98 77 87 99 75 86 11 21 15 4 58 51 48 51 55 94 75 78 46 69 92 77 59 24 73 61 54 85 15 84 31 40 2 19 63 1 39 69 36 52 75 91 51 92 83 40 52 55 68 75 37 2 93 39 58 99 4 73 46 95 16 21 28 92 20 87 52 93 3 62 10 40 71 36 88 50 30 64 80 67 26 56 49 84 98 5 82 34 31 88 29 41 92 16 46 53 36 7 7 78 17 45 27 16 46 33 65 16 73 87 20 29 78 73 71 48 51 4 25 85 99 50 58 83 96 48 17 37 55 12 57 43 34 43 15 91 99 20 10 44 55 62 15 1 53 28 64 22 43 30 21 11 25 80 27 44 87 8 13 68 19 99 20 98 21 89 47 14 25 14 45 20 14 66 99 41 11 42 65 95 60 19 13 30 21 13 16 27
56 92 34 41 15 74 60 87 64 36 83 8 50 51 61 59 65 28 18 49 53 76 69 92 3 92 58 23 27 90 48 21 42 25 17 73 40 3 95 14 59 85 93 71 19 47 24 10 78 58 67 70 42 51 56 57 44 84 86 86 23 47 92 11 10 81 69 12 60 45 44 67 46 27 20 87 66 24 46 84 37 80 52 89 24 99 9 74 65 61 73 53 90 6 14 69 69 3 86 11 55 83 88 28 41 62 74 88 34 23 49 38 88 7 55 27 88 9 22 52 40 9 83 40 65 23 19 63 55 85 92 49 19 95 58 65 78 15 79 47 35 14 13 85 55 67 4 17 77 98 92 96 51 16 51 10 82 83 5 38 26 46 1 34 55 87 65 99 32 88 40 91 8 62 7 18 18 69 15 52 39 17 94 97 17 64 77 65 86 72 45 5 43 31 65 3 65 40 37 36
57 93 79 9 36 14 78 93 79 8 95 62 65 33 62 69 35 84 33 83 78 72 68 74 96 55 17 54 32 9 9 64 64 30 78 5 81 71 17 77 72 45 10 21 43 47 27 80 28 22 91 6 6 22 30 88 18 56 83 60 25 68 25 62 47 52 52 69 56 17 35 86 56 40 81 68 58 91 50 70 77 8 40 73 8 88 61 97 44 70 46 51 36 13 7 25 36 75 7 74 77 89 89 28 10 48 86 43 1 85 86 81 5 94 39 32 38 91 28 53 64 11 87 69 11 99 98 10 28 31 32 86 28 57 22 72 75 62 83 71 80 39 90 15 83 82 92 49 20 28 27 53 29 2 96 42 24 54 46 4 82 51 23 51 92 39 37 6 32 93 67 10 92 72 70 15 48 27 24 19 7 82 51 16 82 20 28 85 7 54 31 33 32 71 9 31 30 21 77 8
67 49 71 86 75 29 6 34 72 8 27 94 23 98 63 1 6 44 99 67 58 79 87 59 59 36 47 67 72 18 72 33 38 95 5 59 92 42 58 86 28 42 92 2 42 7 46 26 15 24 21 93 88 46 80 11 83 17 89 66 83 34 47 39 31 53 26 19 86 7 69 1 97 39 95 44 93 79 22 81 27 64 62 74 82 55 71 90 38 17 44 30 49 72 80 61 39 69 62 88 84 95 6 48 91 15 63 66 67 96 32 78 90 27 83 14 8 47 50 45 33 69 76 45 34 98 8 4 10 21 40 74 73 94 26 67 10 30 26 25 75 19 96 77 78 2 56 26 35 73 4 82 71 92 64 31 59 7 71 70 28 28 52 86 44 50 40 57 85 39 54 26 71 27 55 63 10 6 83 85 17 53 41 92 53 12 1 31 94 22 19 87 16 43 28 57 3 19 95 8
13 85 16 80 45 4 50 85 49 73 88 89 80 22 81 80 43 11 15 59 65 83 81 59 3 81 59 85 58 99 68 72 59 63 54 98 62 11 29 73 93 64 27 88 5 80 59 36 2 10 76 34 94 69 71 52 75 78 52 32 19 98 34 68 51 9 28 90 35 65 86 57 33 30 73 26 78 96 97 76 98 21 83 37 77 47 17 47 40 89 38 62 53 52 6 83 4 48 27 74 38 32 73 94 8 54 26 35 44 26 9 9 6 17 92 6 23 25 57 3 91 52 33 40 8 67 49 24 59 21 70 25 23 18 53 82 5 75 37 28 7 79 3 91 51 72 70 97 37 24 95 51 13 59 30 55 67 29 77 20 60 83 60 12 29 63 57 2 99 68 45 2 80 48 24 65 49 53 62 84 15 38 18 82 38 12 43 5 77 98 42 36 47 80 44 42 55 31 55 73
52 59 26 70 39 82 99 49 62 34 45 61 78 44 34 97 17 91 27 57 40 50 14 48 13 32 65 49 2 22 45 51 52 84 65 3 47 81 68 16 86 35 38 78 39 71 69 73 43 79 88 60 15 86 56 68 41 38 45 99 6 98 53 42 25 70 71 99 37 91 93 1 65 78 71 12 40 32 67 93 73 3 22 34 93 79 68 54 30 48 59 20 93 66 67 58 6 87 58 99 88 12 59 36 72 60 64 46 99 94 30 34 60 62 20 97 18 30 69 35 5 13 14 28 75 90 10 78 3 98 62 83 8 67 72 86 76 6 3 92 34 31 51 82 87 42 19 74 30 27 37 35 8 77 13 55 37 95 48 17 65 90 52 59 47 11 82 58 92 11 20 53 11 55 94 23 29 10 37 10 9 38 49 63 38 39 18 41 76 8 56 19 61 10 39 19 59 19 26 34
