10 200 11803 24.32
34 65 77 48 47 75 79 82 61 81 92 35 89 88 35 75 56 41 46 56 10 33 30 24 53 29 36 85 59 79 33 79 3 21 44 60 82 67 95 91 92 78 3 36 40 65 31 57 74 95 48 43 69 32 41 48 79 38 67 29 20 69 16 6 10 88 51 71 19 59 93 17 21 8 88 81 81 88 79 10 33 63 30 93 27 8 53 60 92 93 62 48 84 41 65 99 45 76 90 41 1 33 21 97 65 83 73 11 92 59 91 3 49 43 67 50 28 81 78 30 54 14 16 36 66 50 40 36 89 61 21 4 76 35 83 60 22 68 57 84 2 63 94 47 31 40 44 90 46 41 80 6 70 33 8 67 91 14 57 50 55 93 61 80 87 9 56 15 18 88 46 83 28 38 91 42 25 57 80 99 82 73 98 14 2 92 67 21 30 45 33 54 61 73 36 5 8 73 66 81
77 96 23 80 7 90 74 80 72 28 93 78 56 71 64 25 78 94 54 5 54 83 43 60 26 68 84 37 48 7 85 80 48 87 74 56 46 42 32 5 98 9 43 17 57 96 87 79 24 99 10 68 40 57 80 68 55 28 73 38 87 86 32 35 80 18 8 81 16 37 34 83 80 72 21 39 76 7 53 37 56 20 29 97 37 10 93 85 60 2 49 77 63 19 27 12 70 39 96 77 80 18 43 31 98 24 9 46 49 87 54 21 22 84 29 96 63 18 69 40 26 17 63 2 80 37 41 79 93 56 64 51 7 78 15 48 16 55 9 81 77 99 34 42 63 54 25 68 65 67 79 19 7 15 59 32 14 22 53 64 95 83 36 16 81 25 89 75 57 33 41 11 49 35 87 5 11 93 91 34 2 49 41 6 6 77 89 70 87 90 20 26 6 18 58 44 72 21 52 28
94 3 90 52 85 69 17 71 37 83 9 61 39 43 23 58 53 99 11 92 57 22 28 39 22 99 36 92 51 72 66 56 87 51 32 61 45 75 86 51 37 89 26 29 64 72 41 49 36 4 62 75 59 27 63 55 79 43 45 70 46 17 31 16 24 19 40 3 31 1 19 11 83 58 33 32 33 18 44 50 64 63 2 73 15 91 10 22 55 38 95 48 68 20 83 48 31 69 84 72 13 48 86 12 44 33 3 6 41 8 43 25 8 99 31 52 42 72 30 6 55 15 90 49 42 77 99 39 65 7 44 18 42 11 72 1 98 95 89 8 29 73 82 62 22 13 23 51 59 13 17 27 65 32 67 86 63 42 87 79 60 95 96 36 19 12 53 21 58 78 13 24 25 46 41 6 47 56 58 25 13 12 81 99 67 12 90 7 63 87 93 55 45 16 30 93 4 25 4 83
83 79 52 57 80 90 91 63 59 78 92 44 62 4 40 56 69 43 93 90 51 45 86 28 65 66 41 57 79 62 63 87 80 89 10 79 53 77 31 76 52 25 81 44 20 1 77 6 2 73 84 10 31 40 31 81 15 81 10 4 38 55 11 76 84 1 86 54 58 58 73 46 54 5 98 11 95 48 9 27 44 7 32 31 76 78 56 64 95 66 83 28 9 54 65 2 1 18 55 53 40 15 34 75 43 70 14 8 29 73 98 45 8 39 36 63 59 68 80 3 8 82 67 39 31 49 46 19 50 79 12 4 12 76 4 11 51 77 2 40 58 10 72 71 37 40 9 99 59 54 49 3 82 7 60 30 20 4 59 49 9 39 60 29 49 29 64 31 17 51 96 91 29 88 99 16 99 67 9 22 24 76 57 42 17 17 23 16 76 5 59 8 79 21 35 20 89 24 51 78
90 75 75 97 73 38 92 32 32 57 61 77 16 99 89 65 72 75 50 93 78 97 90 99 57 46 36 75 35 1 98 60 7 45 89 47 80 70 84 45 18 27 64 92 31 9 67 30 25 8 15 41 20 78 93 56 64 39 75 83 79 43 70 45 20 99 9 5 91 35 94 34 17 93 23 75 55 44 19 84 90 60 67 27 32 49 21 61 8 65 81 72 15 99 93 50 39 38 10 4 10 52 65 87 47 58 75 12 1 41 69 10 60 66 64 93 36 35 85 95 76 53 54 75 23 53 76 71 26 7 43 67 11 5 72 44 73 87 28 51 36 87 9 80 32 96 12 43 35 30 38 47 15 42 10 6 79 2 35 56 88 91 34 86 74 52 79 96 46 39 13 88 89 52 38 59 43 86 28 87 61 98 57 79 12 88 53 72 21 53 73 76 1 72 4 21 7 4 36 57
22 56 61 75 95 64 66 51 44 33 56 49 86 86 91 81 61 73 92 35 59 35 87 41 21 69 64 58 38 89 72 79 80 92 94 19 50 41 7 76 84 15 23 85 16 12 27 88 81 91 16 14 62 39 14 95 43 67 19 67 94 56 55 53 26 32 85 90 42 82 35 81 39 25 46 12 21 77 63 64 79 71 31 3 60 78 3 88 63 70 9 16 19 23 15 8 74 5 77 91 58 77 49 75 45 82 22 83 64 62 82 72 7 59 12 90 1 73 41 29 25 21 94 60 34 77 34 38 77 82 42 94 51 86 51 14 14 49 57 35 57 86 65 13 24 14 17 69 84 39 84 50 84 5 12 87 93 97 22 35 88 80 27 48 5 16 97 32 76 92 57 56 97 32 15 21 57 52 13 98 38 45 88 2 1 28 16 5 82 3 79 25 34 13 3 97 30 36 76 33
77 71 60 48 82 75 16 49 83 54 5 89 81 69 69 94 21 72 58 70 73 50 78 89 40 31 93 7 95 91 78 20 60 19 79 33 29 40 55 23 47 99 18 44 99 84 46 13 77 21 85 82 21 27 45 41 99 15 16 87 54 36 96 59 11 9 45 23 32 2 35 72 39 47 72 74 66 57 66 50 51 43 7 25 5 6 56 43 57 89 84 78 67 6 67 71 15 24 84 4 54 85 50 81 6 90 58 50 93 66 35 9 79 11 66 30 9 88 42 2 1 59 97 84 64 14 81 48 74 94 72 96 24 96 53 76 47 12 65 21 11 50 87 28 63 59 57 60 19 62 25 39 23 17 68 31 57 42 42 11 88 5 42 46 68 73 27 61 72 61 10 36 9 83 97 33 70 63 89 43 29 16 18 13 12 5 76 18 85 48 46 1 88 55 16 29 32 62 81 54
53 96 21 67 61 49 62 53 71 39 91 27 40 22 7 36 51 87 76 7 82 51 37 84 73 8 53 41 24 15 77 80 57 41 58 9 91 67 18 63 7 98 91 91 27 43 8 59 93 19 70 67 61 87 21 50 83 66 52 40 66 10 86 82 21 10 59 74 69 41 14 35 28 17 33 86 49 45 51 22 91 74 39 4 70 41 39 22 85 73 92 64 64 15 98 6 33 11 16 81 37 39 16 17 6 85 41 23 83 12 37 84 66 4 58 36 98 44 16 48 38 75 39 15 42 32 94 1 39 13 48 51 28 68 61 49 75 96 37 47 19 84 55 79 63 60 16 29 66 36 84 5 47 28 67 14 55 18 10 46 47 42 41 56 90 66 17 12 69 99 36 54 44 6 31 57 8 70 8 78 6 48 66 14 35 79 6 65 66 22 84 38 31 24 21 1 98 65 20 39
91 54 84 92 91 44 81 82 77 82 83 31 48 33 99 47 15 43 60 74 56 45 16 41 86 38 59 78 51 34 46 41 59 21 2 96 41 66 74 2 55 85 78 86 76 77 46 61 22 34 49 46 72 79 68 85 51 41 80 25 79 22 83 88 80 99 41 45 56 63 43 14 37 13 20 27 24 26 36 14 6 21 76 55 11 55 38 98 34 46 64 8 89 69 27 55 10 67 41 54 5 1 27 82 63 68 51 75 68 44 45 13 40 65 4 18 34 56 23 75 12 56 98 1 23 72 33 44 31 75 36 92 11 4 97 42 90 4 33 47 27 9 26 32 34 90 26 37 87 40 7 9 11 8 46 21 93 85 32 39 34 2 80 36 69 63 93 10 34 89 21 67 10 70 2 20 11 93 46 8 24 46 29 64 52 95 93 4 82 41 5 12 88 96 34 7 8 37 78 82
73 98 52 48 38 74 34 71 87 74 22 80 97 52 74 84 87 32 67 38 36 90 94 90 97 98 65 44 90 74 16 48 57 71 82 99 82 18 3 78 78 74 70 63 92 44 61 41 58 44 40 67 54 25 24 88 85 49 19 22 80 84 33 40 76 50 62 23 49 98 42 76 50 69 18 80 25 21 13 92 72 24 84 80 67 10 98 46 89 54 31 26 11 51 27 93 56 38 6 95 78 34 1 16 4 46 24 72 91 84 8 99 14 44 97 16 45 95 97 20 50 40 14 3 77 73 35 20 97 31 71 71 78 61 34 52 58 51 15 82 51 70 3 19 17 46 11 73 3 54 70 64 59 72 13 52 35 68 34 56 49 84 39 88 99 36 72 32 15 63 68 61 98 40 21 65 26 24 63 25 47 44 14 34 35 19 86 59 77 9 78 50 22 95 81 61 11 16 40 74
