10 200 11632 24.31
18 1 32 2 60 66 41 40 20 10 24 89 24 93 16 51 36 94 14 40 87 15 35 66 55 71 55 68 5 88 17 62 80 53 79 15 18 46 18 53 6 18 95 4 49 49 74 51 73 92 68 36 9 44 55 23 13 72 34 98 99 95 38 88 42 87 82 89 31 86 27 45 82 3 23 32 51 13 73 29 32 58 99 2 77 70 95 25 97 29 12 60 51 15 94 2 72 19 28 27 52 78 31 2 51 51 51 98 7 5 2 91 58 49 85 30 80 96 15 58 50 9 67 29 35 4 1 79 79 50 50 10 2 65 98 45 26 46 47 71 2 72 95 39 45 14 71 74 53 65 67 88 88 90 75 3 27 51 11 98 42 68 61 46 73 12 30 29 30 34 78 39 46 33 43 84 89 11 30 50 69 3 87 99 37 39 96 2 57 36 87 87 72 82 84 26 68 10 40 10
27 26 81 35 56 97 86 14 67 49 62 12 96 26 25 51 61 76 25 80 52 37 52 20 38 50 2 45 22 65 99 99 74 3 15 98 51 20 95 5 32 63 25 92 97 45 68 84 88 93 84 65 45 58 76 55 28 74 46 9 29 1 84 99 1 22 86 85 28 66 69 16 41 72 25 62 22 8 73 39 15 69 27 91 76 48 91 10 57 31 20 62 96 7 95 20 27 96 88 34 76 96 61 52 58 8 23 81 41 29 7 18 56 4 98 74 85 5 31 97 66 18 69 29 86 96 72 63 46 58 24 41 19 22 7 56 26 85 47 50 99 78 79 9 17 89 33 79 35 67 34 80 70 74 10 14 39 93 1 37 83 55 36 61 39 29 45 80 48 95 27 9 27 21 87 43 98 80 90 14 47 72 61 56 97 38 65 61 58 4 73 39 64 70 56 81 34 2 30 49
13 58 70 73 74 99 25 90 40 56 50 69 92 48 17 81 36 58 13 80 46 28 54 65 49 63 22 10 98 68 71 36 2 8 26 30 86 21 95 9 68 18 96 64 42 79 86 94 16 37 35 45 76 60 52 95 50 71 20 96 90 45 52 27 55 59 23 38 28 4 53 86 11 31 29 78 20 8 65 84 84 95 72 82 45 57 40 95 19 30 8 8 99 9 87 56 81 91 86 77 88 73 17 33 57 43 35 45 28 52 14 74 22 18 36 67 66 91 82 98 28 18 19 92 21 48 48 83 33 79 46 89 2 31 52 47 85 30 51 97 60 34 57 22 7 56 94 3 12 9 45 49 87 26 52 70 32 95 26 68 53 81 97 22 63 66 77 84 6 52 21 33 71 60 63 49 32 93 38 73 53 31 26 47 90 21 17 35 9 39 74 77 4 46 74 65 94 19 21 56
74 74 99 77 26 78 15 84 44 61 14 20 52 2 14 83 73 11 14 91 50 87 84 42 15 86 84 3 58 59 11 88 68 94 23 63 62 88 76 38 43 94 53 18 43 40 71 47 72 49 40 9 46 18 60 94 85 59 98 4 68 94 79 5 92 67 65 30 20 1 44 18 28 28 45 41 94 88 28 89 13 19 40 49 79 46 89 26 60 78 1 45 54 99 47 7 80 70 62 9 76 44 82 49 43 43 25 96 49 59 6 87 83 76 83 58 67 90 26 61 14 50 69 41 31 12 77 65 93 42 45 59 62 7 61 99 81 50 29 72 36 78 26 35 8 17 10 13 96 88 56 14 25 21 96 31 45 30 17 76 49 76 76 73 19 45 76 50 24 11 96 4 66 72 73 47 45 36 3 49 50 28 12 18 74 91 37 27 54 49 64 80 22 53 26 94 20 19 7 61
44 32 10 46 78 96 90 87 95 6 34 96 80 69 48 52 18 95 35 68 29 67 31 25 76 25 19 58 93 27 44 82 91 43 48 42 33 98 22 53 6 86 41 91 14 25 76 93 40 83 64 17 13 24 86 52 47 44 81 40 77 95 30 43 36 73 25 17 81 41 15 15 41 17 88 44 53 89 17 63 69 74 50 21 40 15 55 21 44 62 67 67 24 50 86 86 47 40 65 10 22 22 48 75 40 51 34 67 50 57 17 85 90 9 68 13 63 39 21 97 60 76 40 17 7 81 55 35 24 66 92 65 74 26 78 53 6 29 88 60 86 56 70 47 3 30 48 57 23 79 71 43 24 12 45 62 30 87 68 63 70 46 21 35 27 18 37 25 69 21 26 82 14 95 77 55 83 66 37 29 43 17 24 21 37 22 28 5 15 24 94 44 45 24 55 52 21 51 97 6
8 40 43 9 69 78 84 45 22 40 89 11 48 14 86 93 22 25 90 88 2 75 32 68 96 7 40 19 75 30 19 67 53 67 77 26 66 93 29 57 22 7 62 95 41 27 52 17 87 65 31 80 37 13 41 52 38 67 54 80 69 22 69 21 17 92 35 23 74 88 32 62 18 31 97 43 98 85 85 86 39 15 52 95 17 19 47 28 47 40 86 91 43 74 62 57 95 6 13 77 43 15 10 22 36 99 98 6 75 19 93 84 92 55 34 64 86 38 70 38 58 57 33 79 71 67 19 53 63 80 38 39 16 95 4 77 27 52 60 37 57 14 67 19 29 8 63 54 10 98 16 27 77 22 56 10 42 60 97 79 92 42 34 80 58 13 44 30 19 32 88 50 62 5 24 46 89 51 36 11 76 31 16 68 70 5 44 60 97 1 28 22 38 22 67 2 13 36 45 40
77 7 14 35 28 74 80 74 1 71 47 29 61 58 99 60 35 45 94 15 22 17 78 25 20 54 99 47 16 14 52 60 7 77 55 52 33 39 87 16 15 48 28 31 51 51 14 2 40 56 48 37 76 44 12 17 49 68 85 91 6 27 27 61 95 90 21 71 97 8 24 15 70 16 33 40 19 33 84 69 34 84 97 93 68 42 66 76 87 74 53 53 23 29 11 24 92 3 61 90 35 71 53 91 18 37 65 29 4 44 89 69 20 62 4 40 19 35 32 48 56 94 54 52 50 16 12 51 32 13 80 13 94 36 51 97 31 6 45 82 29 63 85 19 43 40 28 68 37 78 96 90 46 65 77 63 57 87 74 16 68 5 64 56 35 25 27 42 17 30 42 58 92 65 33 11 8 22 90 70 94 16 60 83 78 16 35 55 17 44 66 47 55 49 44 98 89 8 19 71
59 53 8 38 75 29 70 62 71 83 68 56 92 11 9 34 15 34 56 67 77 16 58 24 51 14 32 81 27 46 90 75 98 41 11 96 9 56 16 91 59 11 95 72 49 48 85 99 13 65 86 86 64 75 5 6 17 57 8 94 93 29 11 64 9 58 55 53 99 23 14 89 58 62 88 23 56 24 38 13 58 42 92 25 70 95 22 19 77 63 35 72 40 93 6 70 5 85 19 30 83 86 78 10 20 37 7 6 93 24 99 74 47 11 80 62 68 42 38 4 9 51 65 56 8 72 62 68 18 54 9 36 29 89 49 13 63 45 48 17 66 16 77 88 27 20 11 75 28 50 28 9 66 67 52 20 83 77 96 52 70 13 65 21 60 53 2 41 82 75 32 33 28 43 31 56 71 65 15 12 27 62 95 92 83 18 20 29 86 30 29 55 41 16 41 12 92 57 3 83
68 62 44 86 62 50 8 97 39 57 16 49 5 7 59 90 52 25 89 2 79 96 75 65 85 63 71 92 6 91 55 69 20 20 67 97 62 92 90 4 98 84 60 77 23 23 32 59 24 8 11 40 65 12 21 50 62 50 54 9 70 63 9 62 73 40 69 25 73 78 51 44 39 38 10 73 89 4 29 40 30 22 79 95 53 88 52 19 26 61 10 88 21 77 40 33 8 24 17 25 78 13 45 78 24 3 62 72 11 48 83 78 54 62 55 26 97 65 78 6 5 59 76 10 38 91 20 34 43 9 38 27 65 38 24 76 84 6 37 68 58 98 70 23 8 23 47 44 66 90 63 78 60 26 49 38 23 26 76 92 90 92 95 98 22 1 7 72 8 71 10 51 43 41 49 30 12 94 48 88 13 38 42 31 99 37 33 44 24 90 9 74 53 19 46 43 17 22 6 57
68 94 33 78 31 46 74 13 17 39 65 78 79 99 99 68 35 94 95 37 32 68 84 98 87 40 39 40 77 75 63 91 95 31 39 91 60 43 84 55 13 80 3 93 94 84 9 69 56 58 94 24 29 50 6 70 86 62 35 89 34 78 86 94 25 10 10 16 58 57 69 87 77 43 93 31 64 42 71 33 49 28 40 51 10 42 56 74 95 8 78 82 95 24 31 39 77 57 45 81 89 21 50 2 24 51 40 88 75 50 75 3 77 1 24 12 45 60 66 33 68 61 40 96 86 46 25 87 39 73 15 81 99 72 98 11 33 60 75 17 16 58 76 25 53 37 64 86 51 32 50 43 86 20 89 40 24 95 41 13 10 31 61 84 65 39 55 98 67 27 72 31 48 39 43 1 58 48 10 69 83 43 59 50 27 21 3 10 43 49 50 56 27 52 11 75 7 38 46 39
