10 200 11602 24.31
58 1 60 41 97 53 42 39 64 90 86 51 54 63 24 77 36 19 41 75 33 56 87 86 89 98 60 20 45 76 56 4 57 92 13 23 13 61 65 92 35 63 82 76 95 50 6 11 93 97 66 38 2 34 32 79 84 6 20 80 49 70 78 76 4 19 71 64 28 72 24 57 51 18 84 66 6 52 73 64 19 5 68 26 9 24 69 85 31 26 57 18 83 58 89 46 51 55 66 26 85 14 76 31 80 99 76 58 79 29 39 68 65 23 94 71 60 6 4 10 11 9 21 82 96 28 30 96 69 48 54 66 26 41 62 52 89 45 32 45 47 41 34 36 1 74 26 97 98 74 3 44 80 91 9 45 55 82 48 90 38 2 43 14 81 23 18 21 96 24 71 26 53 79 45 30 11 65 90 53 11 26 63 43 10 61 89 96 74 68 83 35 50 18 7 69 60 24 33 90
4 92 62 73 33 51 24 86 60 83 66 25 93 83 94 63 80 79 76 27 21 37 52 63 94 63 28 23 94 72 43 66 32 3 65 81 6 30 92 25 54 37 50 98 68 75 84 20 8 19 69 74 14 80 62 64 81 30 78 36 34 64 57 25 46 87 31 59 98 98 40 50 92 26 11 86 49 1 61 17 22 49 51 35 22 30 18 60 79 2 17 45 55 68 41 59 58 18 62 25 44 30 68 10 76 58 38 1 94 32 42 79 26 29 90 45 37 98 2 95 2 80 36 43 95 87 12 51 6 15 46 85 21 14 63 59 24 71 66 84 50 14 77 56 10 35 31 75 50 50 31 21 9 84 91 36 33 90 50 72 13 12 21 74 84 1 93 74 11 41 84 88 59 68 83 82 93 45 68 15 27 80 84 26 22 56 71 36 28 73 91 9 73 35 4 94 87 9 28 83
82 82 71 94 28 41 77 36 58 82 68 97 44 86 5 5 5 69 62 6 69 21 93 54 82 72 27 93 95 48 70 90 28 20 12 74 62 87 56 7 60 93 56 98 27 39 8 85 52 17 25 63 13 91 73 4 50 35 47 65 27 57 30 91 57 19 58 48 1 2 63 39 74 83 68 66 13 54 16 6 44 32 72 48 83 39 6 33 85 98 32 60 71 6 70 34 1 55 32 86 37 66 31 1 25 71 75 7 39 26 74 60 38 81 12 39 61 8 54 92 97 57 4 93 23 42 93 29 88 1 81 52 2 62 3 7 19 58 38 92 38 62 35 99 74 46 91 87 1 56 52 44 44 90 58 57 31 83 98 6 5 95 12 89 71 89 56 18 96 14 91 84 23 77 28 12 82 81 19 76 76 46 19 13 38 34 17 92 52 44 25 64 23 67 29 41 90 28 24 82
92 98 75 63 40 56 62 73 81 92 16 83 41 99 39 71 82 77 63 70 2 40 68 94 32 2 88 83 64 73 37 4 97 73 65 50 69 14 27 72 82 51 7 32 50 61 40 93 5 52 9 42 13 86 31 15 75 74 1 98 61 13 40 71 21 51 45 89 7 56 77 2 61 16 4 33 35 58 84 18 38 29 97 80 39 12 65 23 10 39 22 74 49 38 28 20 49 6 92 59 49 20 62 11 12 73 48 4 42 36 9 75 99 5 83 40 13 73 33 65 36 18 2 73 32 55 10 13 25 62 2 54 73 18 62 96 28 90 53 86 12 18 24 11 66 96 5 9 16 42 10 15 59 1 85 53 9 33 21 76 29 97 40 13 32 67 84 75 70 90 16 24 39 22 51 1 4 43 24 6 22 26 86 69 75 81 39 77 9 78 56 63 16 38 21 59 10 88 48 92
95 45 75 99 99 75 43 58 40 28 99 42 21 36 95 90 99 75 48 26 81 81 75 7 64 38 42 17 83 83 27 6 39 72 71 79 56 77 8 42 30 54 26 51 39 46 25 19 20 41 61 33 77 38 41 14 2 66 27 46 54 47 47 89 47 34 96 41 73 52 69 52 8 63 37 73 98 3 13 47 65 13 51 10 97 57 53 93 47 5 11 1 41 32 34 6 74 34 91 15 81 97 89 51 52 16 43 26 93 54 50 8 31 60 48 84 65 44 94 29 11 21 75 24 80 71 87 34 59 9 57 42 69 57 46 19 9 99 56 47 16 57 18 9 83 6 47 32 92 34 70 96 97 86 59 78 54 92 84 95 73 27 8 38 62 50 65 68 16 81 3 23 76 70 33 53 17 47 8 73 66 6 87 87 39 36 34 4 44 65 77 26 99 67 19 78 99 66 62 28
34 71 62 88 43 43 89 84 38 34 80 44 82 13 95 41 73 60 85 65 67 55 59 17 30 67 82 30 77 69 69 77 66 3 15 96 37 91 51 66 91 60 81 18 52 15 76 3 68 11 75 66 93 99 96 79 85 19 63 21 14 46 10 62 81 18 9 20 67 42 83 14 35 50 17 8 45 92 90 80 71 89 96 61 46 51 38 22 65 2 85 21 56 49 45 15 48 31 55 89 26 33 75 84 68 74 40 52 21 94 40 23 11 35 16 42 1 79 9 72 54 54 47 83 70 52 3 15 63 61 84 66 29 48 84 65 33 23 77 53 3 48 48 39 82 26 12 17 2 26 43 49 93 54 16 33 11 94 13 53 9 48 13 65 93 11 52 3 83 33 67 62 86 30 17 82 71 76 32 34 94 97 88 61 29 87 10 91 64 38 26 27 56 50 84 26 40 17 12 34
87 80 75 37 95 84 98 58 76 6 59 45 55 78 63 77 14 35 57 16 43 45 21 11 35 43 16 32 70 7 72 96 3 88 71 34 65 33 83 70 29 42 42 16 65 38 67 11 97 75 83 52 86 77 33 66 39 74 41 81 10 42 47 69 36 14 60 21 52 93 60 70 53 71 28 62 7 92 92 49 84 4 42 15 41 36 83 14 16 70 36 51 53 22 67 86 96 56 27 78 37 54 28 79 78 86 55 75 94 53 35 8 13 32 21 24 77 95 49 52 35 41 65 30 89 52 50 9 82 69 59 51 79 13 84 21 15 99 79 61 51 13 1 50 1 34 20 52 44 54 36 69 78 53 20 36 44 1 17 11 67 64 51 63 76 80 99 9 74 10 34 42 46 82 33 7 11 29 49 77 11 94 21 52 35 35 33 27 21 37 85 32 53 33 35 36 72 62 72 6
90 61 98 85 85 56 23 27 82 85 90 69 70 47 83 75 97 99 48 85 66 77 7 69 95 63 51 53 37 17 78 39 68 85 78 86 63 61 34 77 96 4 5 65 86 82 75 96 97 21 18 61 76 31 10 84 25 67 93 50 24 79 4 27 44 88 19 62 33 6 57 5 26 18 92 93 39 7 11 68 42 65 35 61 40 64 86 30 89 65 64 19 86 77 49 41 47 22 65 86 98 59 53 40 32 20 45 68 14 87 40 13 60 27 32 13 2 11 68 16 50 97 9 31 40 8 26 11 12 73 77 86 80 18 39 10 10 25 9 23 46 18 84 56 14 48 22 3 61 28 32 6 15 12 76 52 89 67 15 63 23 12 77 73 95 41 25 24 20 67 57 93 61 29 14 8 27 6 19 9 45 49 99 58 60 21 49 62 77 70 58 5 12 27 46 56 12 7 20 85
94 93 91 80 99 97 93 71 75 70 41 78 91 63 38 78 40 83 30 90 95 98 9 51 1 46 43 97 8 7 13 69 74 43 56 36 55 87 4 81 17 25 80 25 46 4 99 72 55 71 97 1 75 69 4 8 33 5 47 10 87 52 56 85 50 31 31 91 75 36 92 94 48 47 31 65 42 62 23 59 4 37 84 55 30 36 71 35 16 93 36 63 12 2 72 17 74 15 36 3 9 45 67 32 96 71 96 55 45 24 88 16 60 65 3 12 52 36 12 44 6 31 9 46 71 45 39 42 15 44 32 43 21 33 40 16 35 60 50 89 47 33 31 50 12 46 92 30 16 33 94 78 56 93 24 6 38 89 13 98 13 14 38 4 31 27 37 33 42 12 70 8 92 29 93 89 73 19 16 18 28 24 86 40 6 16 23 37 42 11 35 44 31 8 33 21 64 83 74 70
26 93 36 12 31 73 29 67 32 65 5 34 24 61 33 6 9 17 11 87 79 72 73 67 48 33 98 44 10 67 82 83 88 77 77 54 90 39 88 80 70 95 51 28 51 88 41 73 92 57 17 28 57 33 98 13 58 85 22 33 90 9 84 11 55 77 35 81 6 7 39 71 72 61 92 98 71 78 92 14 14 74 13 1 17 88 89 54 17 49 93 50 84 19 99 69 76 65 24 70 97 87 93 46 79 26 98 8 37 83 85 50 86 3 20 40 31 89 25 37 39 75 66 47 62 35 61 40 86 94 29 22 39 37 28 65 12 63 17 21 9 37 73 17 46 72 25 32 42 16 13 38 20 32 67 31 98 1 14 16 18 37 26 69 73 93 71 47 20 15 28 45 6 91 62 25 65 68 27 13 36 4 86 24 49 90 66 90 78 39 13 29 15 22 61 62 81 64 12 65
