10 200 11409 24.33
34 69 43 10 7 48 92 82 31 69 93 90 4 92 20 38 19 94 50 5 45 29 37 45 83 11 31 75 73 68 12 5 24 35 87 98 67 21 83 89 82 13 95 50 73 16 40 10 72 59 69 42 22 56 96 62 29 22 23 1 61 59 92 60 8 23 21 41 95 62 27 4 26 52 46 43 29 94 70 50 73 42 4 23 78 39 90 31 49 73 64 71 99 96 65 62 39 81 49 38 16 21 30 76 82 84 82 24 33 69 7 27 85 25 21 59 48 7 18 79 1 50 98 55 93 85 25 5 12 2 66 62 82 83 43 36 15 22 20 71 69 82 55 15 40 34 33 37 69 7 3 51 12 70 21 70 62 23 80 81 97 27 45 4 82 48 19 64 76 31 61 53 10 45 84 79 97 43 38 66 39 69 83 7 50 88 37 66 12 98 30 29 95 63 5 36 43 49 18 69
94 25 69 68 71 24 88 37 74 56 28 85 38 82 88 7 58 31 89 33 45 53 47 52 67 79 60 23 80 40 89 54 31 89 86 7 5 8 26 57 75 34 77 51 91 18 37 36 1 41 68 47 45 98 68 18 64 26 2 29 1 71 6 81 73 86 87 68 63 79 51 54 1 55 38 17 21 79 98 58 61 44 63 80 99 48 56 60 7 66 41 10 83 14 54 54 86 42 76 14 51 12 90 28 28 86 55 75 45 61 88 53 35 88 71 80 64 31 67 84 36 59 59 18 24 7 66 31 78 89 24 6 29 7 69 41 15 14 38 24 24 82 31 5 38 62 55 12 22 31 92 22 21 19 7 18 31 97 38 66 87 97 27 34 97 82 72 82 49 34 22 80 95 76 98 93 21 46 4 40 6 74 49 23 17 84 48 36 2 71 13 78 97 4 62 90 1 11 80 56
70 49 70 15 84 99 27 48 28 65 78 9 36 81 47 41 96 35 44 84 9 42 26 39 66 13 40 45 90 99 26 12 39 35 14 84 55 37 9 83 21 99 53 15 53 90 37 50 25 71 36 61 85 83 49 58 52 38 48 61 40 22 30 26 43 14 37 33 53 66 88 67 54 83 96 37 83 30 25 76 66 72 94 30 16 57 26 4 57 63 7 63 46 10 54 43 95 8 21 4 57 20 78 62 21 64 22 64 47 69 93 28 45 42 63 79 25 12 30 68 81 23 74 18 8 39 71 72 2 29 49 68 71 96 94 6 74 8 21 3 35 58 91 64 45 27 50 18 70 12 87 32 91 30 27 31 13 94 84 98 9 33 25 46 92 78 19 33 3 12 41 82 10 39 7 9 4 11 1 58 19 46 53 12 90 41 5 37 31 28 50 89 28 25 49 9 29 17 20 65
34 93 78 72 62 77 42 54 65 98 59 62 35 52 23 91 98 11 73 45 52 86 96 61 33 33 82 73 43 54 50 46 88 13 98 36 17 56 83 31 42 67 77 98 83 12 48 71 89 40 78 59 8 59 9 90 82 49 82 35 82 62 58 8 66 29 7 33 16 20 18 19 62 57 3 24 63 38 36 23 77 50 73 8 9 59 38 59 85 69 90 56 1 96 10 87 12 22 34 84 61 11 1 79 91 32 7 94 5 83 41 2 32 28 74 57 19 3 50 17 90 9 39 85 99 63 77 48 75 14 80 17 92 43 90 42 81 14 53 59 38 57 82 38 32 16 48 25 71 3 5 10 90 41 6 26 11 63 70 37 49 93 78 35 5 41 94 3 93 37 48 32 10 69 76 40 2 21 41 90 27 73 93 86 11 11 75 17 87 28 2 95 17 72 91 33 6 42 4 98
87 71 4 56 12 62 87 39 37 75 73 2 94 23 31 99 91 44 93 46 14 90 23 91 15 56 93 40 53 84 37 75 38 26 33 98 46 96 71 24 76 20 6 24 19 45 68 65 17 73 87 39 81 96 10 7 89 41 14 81 50 16 66 51 60 7 41 66 79 4 4 22 55 25 41 32 5 4 8 82 33 25 89 22 28 96 48 36 66 79 74 10 62 9 22 52 49 26 37 72 51 78 8 24 50 80 66 19 84 19 21 18 6 1 2 56 41 5 32 86 47 14 1 96 26 32 27 82 41 25 12 2 21 68 67 9 75 26 3 83 46 60 82 44 10 29 2 17 69 5 27 23 36 34 30 82 96 43 73 8 63 52 72 17 65 18 82 58 71 4 49 19 96 67 22 28 37 69 41 71 37 10 13 44 2 16 45 89 77 98 99 81 31 4 85 62 54 27 56 75
85 83 91 95 55 63 65 45 94 52 78 76 25 63 76 32 22 32 96 91 53 11 77 45 22 13 95 33 14 31 45 41 38 84 9 74 29 77 46 12 39 26 32 92 39 91 62 14 62 31 18 19 94 92 92 62 65 45 58 55 78 72 59 22 66 83 21 34 39 57 75 56 84 27 99 60 51 6 39 54 2 20 59 71 94 2 62 64 92 33 24 3 48 83 30 3 7 2 68 92 30 85 46 34 15 36 40 80 58 75 81 92 22 46 67 76 23 1 76 85 63 25 4 26 12 65 9 26 17 39 37 13 25 40 36 87 90 30 89 83 89 8 2 5 8 46 51 73 1 1 51 5 12 13 67 15 92 53 86 88 47 94 78 19 47 64 8 6 42 1 13 50 90 4 46 80 87 62 66 63 68 62 25 27 89 75 39 32 26 6 78 39 21 54 89 70 2 40 39 52
57 47 95 87 99 86 58 63 6 16 99 92 94 25 15 50 50 79 96 98 75 83 31 59 16 90 51 98 98 15 48 42 84 74 32 20 89 38 77 48 91 78 70 76 33 9 39 67 43 71 57 28 24 27 1 80 83 17 54 95 3 64 97 39 22 67 21 2 33 55 2 81 78 78 54 76 63 90 91 16 12 95 13 97 18 7 93 6 2 13 55 8 36 3 27 26 94 93 71 25 30 26 94 2 21 5 28 37 47 33 45 8 23 27 2 54 49 63 5 45 11 39 11 57 62 76 91 65 42 31 84 67 28 42 42 21 53 33 4 15 12 12 75 32 2 4 87 48 79 63 53 56 39 20 19 9 28 27 68 69 76 42 51 15 1 19 47 2 79 38 50 76 67 35 31 54 47 30 52 91 89 60 83 52 25 54 87 65 75 79 16 6 27 44 42 38 19 9 75 16
93 30 73 44 80 49 59 44 86 90 57 44 49 34 90 28 93 96 33 14 97 2 40 39 55 45 21 9 72 66 71 57 71 45 65 95 53 34 10 45 51 52 70 40 29 69 90 46 58 5 28 46 53 69 26 22 17 75 95 25 92 1 9 68 38 64 56 46 17 98 79 55 88 17 53 45 31 4 10 79 29 21 27 17 16 55 26 24 50 56 7 81 24 54 33 51 1 95 31 50 97 38 43 80 92 81 12 11 57 2 93 52 27 26 28 22 22 94 27 77 55 36 81 22 46 48 1 74 12 64 68 11 95 53 78 22 25 59 52 2 39 47 65 13 78 35 31 93 33 94 50 10 82 24 44 61 41 83 72 10 93 40 5 68 71 29 70 81 83 25 83 50 43 15 28 15 42 88 52 24 61 3 79 32 92 32 99 50 26 71 11 66 67 50 14 85 79 36 39 90
72 50 84 75 89 65 23 55 66 74 9 33 93 63 20 78 1 84 8 61 59 56 83 48 99 98 74 32 6 63 25 60 68 97 43 15 62 73 97 19 69 61 48 6 82 41 45 95 24 33 69 34 17 2 26 55 55 75 53 45 16 35 51 67 91 13 91 51 79 16 38 61 82 52 35 48 25 65 67 4 36 51 6 41 57 4 12 2 73 24 22 34 42 11 91 60 38 50 25 39 38 83 45 67 21 34 95 17 27 30 58 50 61 77 6 94 84 23 94 50 11 23 36 92 82 33 73 62 48 13 86 58 57 91 47 26 3 47 29 8 1 83 38 29 29 25 78 84 7 23 62 63 80 44 2 95 96 87 98 73 42 35 69 32 73 37 75 97 40 1 12 30 82 7 15 55 55 14 91 44 33 9 39 68 5 86 11 82 12 69 55 10 73 27 12 79 76 24 90 74
46 80 22 28 53 78 68 56 97 71 54 93 39 61 73 30 16 42 6 44 96 51 64 36 99 60 49 93 60 13 85 96 17 40 88 41 68 59 8 95 56 29 81 10 56 20 70 17 22 91 35 87 66 47 82 72 42 84 27 81 42 55 54 48 7 82 69 90 25 59 17 74 96 58 12 32 54 75 88 58 20 1 27 27 94 99 63 99 3 8 67 8 96 33 98 7 37 9 6 95 23 31 23 15 1 98 40 81 9 84 5 72 57 47 21 25 21 88 43 91 19 67 49 29 73 33 3 34 31 6 19 32 93 26 30 54 83 31 25 7 21 79 88 69 75 26 28 54 90 88 97 51 72 27 20 76 44 68 59 39 27 48 21 59 74 48 86 14 29 12 44 75 24 61 83 3 13 66 19 62 55 73 10 71 20 47 19 75 1 53 37 55 46 7 13 57 86 36 33 71
