10 200 11749 24.29
79 89 14 78 72 90 16 33 12 83 80 84 58 62 25 49 32 89 18 89 77 94 97 88 5 23 42 78 32 44 74 95 40 23 87 95 71 13 22 6 55 62 13 30 97 77 30 18 98 8 50 11 66 34 88 68 67 63 8 4 29 96 67 81 77 53 53 96 67 1 92 24 82 53 27 58 93 82 64 1 11 70 61 65 38 66 18 91 76 87 25 63 5 19 91 18 46 19 7 36 75 78 34 66 5 80 72 39 87 84 94 61 10 93 15 10 23 8 9 34 21 37 32 36 4 41 36 4 81 5 34 57 13 77 60 74 60 27 30 49 56 88 32 44 84 85 65 98 14 23 16 91 3 2 52 98 3 10 36 73 54 95 24 68 40 95 8 4 94 63 99 97 4 9 81 59 43 4 84 84 62 6 48 57 99 8 8 13 14 65 15 79 54 84 65 28 15 59 1 83
69 47 55 51 75 6 13 50 24 75 98 79 30 35 38 61 97 29 88 59 18 68 89 70 4 49 51 32 88 91 26 42 34 87 17 32 93 63 94 83 64 11 78 25 58 43 22 88 55 56 10 61 64 76 79 48 45 20 66 50 42 12 45 36 37 6 73 4 12 52 28 42 44 43 55 34 55 13 79 84 16 15 61 77 95 48 93 26 32 35 12 88 76 54 84 20 43 15 74 18 87 41 1 78 43 18 3 8 9 58 37 48 7 70 86 13 90 42 96 24 98 32 79 96 52 2 86 21 73 52 91 9 36 68 99 36 29 68 6 80 36 45 34 41 41 4 90 39 29 61 89 77 71 11 40 79 73 71 96 97 31 37 49 48 13 22 82 69 25 38 2 88 24 76 96 39 98 24 59 13 56 36 6 63 14 30 57 56 24 19 33 96 86 56 62 34 41 77 85 75
77 20 98 91 94 8 70 54 93 69 7 96 80 7 30 60 68 19 74 62 83 53 15 70 82 43 83 43 10 59 67 33 18 76 73 98 97 71 69 89 5 7 82 74 49 43 99 47 35 35 12 97 72 31 26 71 18 86 4 80 69 34 46 46 1 97 43 93 27 42 92 48 44 25 3 65 10 98 59 65 7 63 51 61 38 15 92 22 53 15 98 22 1 64 80 48 96 81 42 79 39 53 2 3 88 21 69 23 62 79 53 56 78 55 76 80 92 79 94 6 28 47 41 94 47 59 76 86 74 77 10 52 22 11 17 75 30 60 19 39 56 79 74 78 86 81 13 4 36 86 42 68 4 62 32 12 69 69 69 76 20 46 24 42 7 59 44 64 59 68 66 96 81 90 25 10 24 81 32 14 23 76 44 5 5 34 26 15 24 2 58 85 23 29 43 51 66 92 7 69
54 90 44 61 52 90 38 26 18 25 21 43 54 68 64 94 33 69 78 88 45 39 73 15 55 55 1 88 45 31 48 77 18 55 5 44 54 85 97 35 54 32 8 74 70 94 82 96 69 33 87 31 73 86 74 49 46 35 59 7 71 73 69 28 30 34 24 72 98 36 96 52 81 33 87 36 82 9 15 75 44 16 32 20 6 48 12 99 81 86 78 65 50 6 34 40 97 77 8 16 38 32 96 82 85 57 52 97 28 35 24 73 97 7 21 4 82 43 46 22 40 90 5 35 71 97 55 16 18 1 89 10 50 72 14 19 62 32 61 66 84 65 33 9 4 80 5 54 33 20 70 92 50 81 39 50 53 39 47 83 96 44 16 76 11 21 19 79 75 16 16 29 61 90 16 35 78 61 96 20 84 85 94 16 23 21 57 21 45 81 5 83 5 25 19 86 86 35 85 25
84 53 69 83 68 89 76 53 77 53 48 84 12 77 17 89 59 5 87 79 91 65 13 98 11 72 68 55 94 18 64 9 80 38 94 84 38 8 86 73 58 5 99 61 10 86 63 10 27 93 44 54 19 81 5 42 96 93 70 66 41 38 5 93 53 29 49 22 54 24 91 22 48 71 90 71 10 86 38 85 9 50 66 15 83 38 18 10 51 82 49 98 39 6 46 92 19 66 30 51 6 5 63 32 12 84 33 88 84 18 21 57 87 72 71 93 97 1 65 61 2 19 45 36 61 47 27 53 48 17 68 12 60 55 96 48 7 90 44 31 75 13 49 68 93 15 21 14 72 15 39 38 31 52 64 33 69 10 84 17 4 34 61 82 10 3 24 1 28 78 8 33 48 97 4 57 68 48 34 67 95 34 92 16 26 26 89 18 88 20 7 68 89 45 77 92 82 46 12 53
54 80 31 93 92 56 73 37 98 97 52 38 47 45 89 48 45 38 78 31 22 67 87 27 59 33 58 60 92 74 97 45 63 87 36 1 80 58 11 45 90 97 99 14 26 39 99 94 90 14 42 93 64 43 55 91 52 86 79 24 74 50 84 25 84 33 35 24 63 77 83 56 56 16 20 6 50 97 46 7 15 49 80 88 74 89 14 87 58 46 1 19 71 53 34 99 70 30 92 38 99 19 76 96 5 33 26 42 28 25 3 84 55 13 76 58 10 22 23 50 32 56 69 21 36 97 91 45 16 38 22 79 46 1 18 68 54 14 22 93 50 66 16 21 78 3 24 26 32 94 36 64 86 14 40 61 51 54 41 18 56 82 70 69 10 19 12 95 33 18 39 55 5 40 49 76 56 5 79 45 10 16 95 65 25 63 9 95 68 21 11 46 85 57 96 11 65 53 92 97
31 40 39 36 14 47 97 52 84 90 60 55 77 99 27 49 62 9 23 64 69 58 85 90 47 82 83 14 99 26 40 55 90 60 20 19 62 84 89 29 50 17 86 89 72 58 12 10 99 89 47 35 30 49 58 95 66 73 13 61 37 11 32 12 74 19 84 11 39 93 45 67 22 98 23 29 87 62 84 23 83 52 89 37 25 59 39 57 64 83 80 56 93 81 87 8 36 69 43 14 35 8 36 92 69 56 38 69 47 37 67 43 25 47 28 81 2 21 71 68 30 6 36 95 72 64 54 55 50 5 42 18 11 73 78 60 28 88 60 58 1 85 59 21 57 38 2 37 78 9 82 25 54 82 92 11 63 84 25 36 36 9 15 8 25 69 16 25 15 88 57 54 38 5 23 65 19 38 44 81 87 69 22 7 81 11 42 28 35 42 7 48 44 46 85 32 15 77 13 90
93 81 55 52 66 84 99 93 62 33 78 48 59 97 59 71 34 91 40 66 54 82 51 64 74 78 67 10 95 36 96 99 66 94 93 88 26 4 25 15 74 67 9 39 73 71 9 75 9 65 33 80 57 48 78 88 56 11 88 39 6 72 13 82 85 76 71 65 71 88 4 85 17 65 1 75 50 9 10 30 75 57 72 35 30 2 1 60 55 50 21 18 24 45 61 56 38 74 22 3 24 89 53 19 56 55 22 37 89 34 19 74 55 79 54 68 74 97 16 98 29 5 53 28 32 25 35 96 36 72 3 37 24 64 26 58 12 50 61 51 19 93 58 43 47 54 38 45 51 18 79 80 54 3 64 83 36 37 12 51 29 1 7 34 55 44 25 7 39 82 4 21 48 45 95 83 47 48 84 58 54 6 8 43 80 47 68 48 99 95 1 77 43 30 3 65 84 50 47 33
80 77 85 15 90 60 43 22 49 20 36 29 94 8 44 65 65 67 31 68 68 99 87 1 49 77 55 48 19 59 89 60 97 48 77 59 87 22 93 19 51 92 73 43 35 11 29 66 39 47 39 78 89 59 36 92 98 65 73 42 85 49 25 86 25 68 7 5 97 66 53 89 1 55 8 92 77 90 24 76 77 48 92 52 68 3 91 46 53 11 15 61 98 36 26 30 97 50 64 70 90 56 96 35 39 10 5 18 25 66 25 18 24 55 46 80 38 26 70 13 94 2 78 34 31 71 43 74 76 6 16 81 86 28 27 5 6 42 70 18 36 95 2 46 93 23 21 1 14 67 32 68 40 60 72 4 98 30 28 22 49 78 28 58 66 33 93 25 89 39 33 84 39 30 93 38 96 39 57 62 2 76 67 94 31 9 37 3 91 57 12 95 10 3 68 58 43 56 93 20
95 61 75 75 62 98 61 69 91 43 77 3 81 44 52 65 81 35 94 60 86 39 90 79 66 96 87 27 81 91 88 43 71 93 93 48 94 79 31 56 74 97 32 76 93 17 70 45 20 18 71 33 84 43 94 8 52 87 75 87 19 59 79 34 56 31 88 67 62 34 26 3 85 84 57 95 9 84 47 23 26 38 28 35 68 11 90 20 98 31 97 3 27 57 72 66 28 53 80 97 13 48 75 48 25 10 72 38 82 7 56 86 28 7 8 55 29 60 52 11 23 61 60 38 17 98 42 40 84 87 44 92 32 99 51 49 13 92 74 1 32 91 55 27 75 83 62 53 50 21 28 16 19 64 87 66 45 31 92 53 51 22 17 47 53 24 49 20 39 96 3 75 8 39 76 22 32 8 14 60 47 93 63 56 74 47 16 51 3 13 45 35 42 5 42 92 14 54 25 43
