10 200 11797 24.31
23 73 65 84 87 46 97 96 44 29 39 99 94 99 27 81 91 71 53 7 83 89 26 82 75 99 35 93 38 54 59 46 14 81 54 88 33 55 17 64 37 87 22 62 17 20 54 84 17 75 37 13 32 60 88 92 92 98 35 19 49 82 12 57 77 19 24 93 50 13 67 69 98 78 65 39 77 73 8 62 13 85 37 76 63 81 2 97 5 75 12 61 22 10 85 17 11 25 73 53 46 45 20 85 70 23 32 93 4 99 91 20 67 39 64 64 63 30 47 47 77 43 47 44 17 62 3 84 44 46 65 87 5 69 76 87 65 84 13 88 7 40 85 12 47 12 43 22 18 7 29 6 23 42 27 7 2 81 28 70 85 30 24 37 99 74 12 92 4 79 10 45 73 80 49 73 87 32 51 79 75 41 36 7 53 91 79 75 76 31 23 44 66 32 52 38 74 88 22 29
84 82 69 87 34 89 79 69 58 76 98 49 11 90 95 57 26 15 68 47 9 48 20 37 73 38 42 25 98 94 82 46 50 10 56 72 90 25 73 85 47 18 51 98 23 42 46 9 69 94 68 25 63 83 41 5 8 34 25 98 87 24 76 12 97 88 21 88 99 37 13 27 15 8 49 74 78 52 57 84 31 75 18 74 72 36 19 82 6 19 48 18 36 57 96 11 56 52 84 1 41 31 90 26 78 38 36 22 22 61 67 98 33 8 32 17 88 25 13 70 1 85 66 87 18 8 45 35 85 21 4 39 95 39 23 61 59 5 50 18 4 5 73 40 13 86 7 9 68 12 49 9 29 38 42 97 19 24 48 76 62 37 95 27 65 81 42 70 19 8 46 29 74 11 66 34 86 21 18 34 80 3 20 69 17 3 3 26 27 69 25 31 91 92 73 79 10 9 94 76
52 92 98 40 59 50 63 52 77 20 2 78 72 93 24 13 53 91 82 16 68 47 37 97 89 96 22 15 80 56 71 41 17 92 32 94 72 72 50 12 64 23 75 25 92 63 79 91 95 97 1 27 18 18 87 53 2 49 13 62 31 79 19 13 4 83 48 33 55 34 10 86 68 59 53 58 99 80 48 67 72 77 55 38 58 34 57 48 13 54 55 40 19 3 40 28 98 11 68 52 31 23 59 22 86 35 56 3 54 55 18 44 18 96 65 56 54 29 69 87 64 79 15 6 34 41 36 67 30 16 8 23 9 54 6 55 13 70 31 43 44 24 77 88 69 9 28 56 60 36 4 14 31 54 12 51 67 3 4 47 23 67 8 9 7 5 36 28 2 66 42 62 84 5 78 67 33 74 74 99 28 26 71 27 16 26 55 78 39 18 46 76 54 87 41 15 33 8 63 20
82 72 2 97 96 95 58 90 98 75 75 10 94 65 71 41 34 4 28 75 75 49 18 97 65 99 79 91 44 12 61 69 78 22 95 80 89 7 37 5 48 92 63 93 77 25 22 35 31 61 30 6 18 46 99 31 92 40 73 5 11 50 37 68 36 70 70 70 3 32 80 4 95 55 30 43 71 25 96 10 22 50 75 4 6 33 46 1 98 72 67 96 90 27 27 24 33 17 21 42 1 42 17 34 7 95 30 54 88 97 29 31 60 12 97 98 96 20 10 62 86 44 72 20 89 17 26 36 80 61 45 28 28 39 66 37 49 76 99 81 13 31 30 8 10 89 55 69 38 73 67 78 35 61 60 35 40 4 56 87 61 37 2 19 98 59 86 49 60 86 85 4 9 10 93 12 65 65 91 42 60 46 89 23 54 16 26 41 27 63 83 84 69 22 88 68 47 69 21 75
28 14 63 5 99 79 86 25 40 78 93 77 40 9 15 87 91 47 73 1 66 36 76 94 1 87 95 5 33 98 17 84 90 27 94 64 7 85 83 93 44 50 76 83 66 75 73 52 15 59 60 58 90 46 4 35 74 91 62 39 75 31 86 11 58 61 68 38 87 18 95 21 13 9 99 33 63 98 27 75 84 74 50 16 55 70 15 46 79 2 12 50 73 53 74 25 73 92 54 49 79 25 12 6 25 91 36 19 81 36 29 5 15 49 9 36 41 7 11 38 8 52 97 7 77 19 35 56 22 31 6 57 46 89 82 32 27 15 37 33 19 34 8 74 11 72 93 15 73 60 35 9 53 85 43 75 34 66 56 43 41 92 87 89 66 36 26 57 64 26 89 85 87 19 80 30 28 7 90 97 55 19 62 35 56 53 35 81 6 92 31 39 8 77 19 6 10 69 99 78
86 93 97 93 60 38 20 82 50 22 62 65 71 51 95 88 72 88 49 89 80 54 69 35 98 12 55 51 15 6 86 34 28 54 46 48 97 48 7 10 94 74 75 78 98 45 64 34 13 33 67 41 72 61 15 29 15 58 81 79 94 6 96 76 97 50 73 2 10 8 39 79 36 89 53 34 60 18 25 85 69 37 81 29 27 76 26 88 27 47 76 83 71 71 79 34 27 50 71 69 85 52 83 48 58 40 26 33 11 54 2 2 40 83 37 44 13 18 90 3 8 26 82 28 8 8 92 93 99 84 22 89 46 1 43 86 38 93 15 77 11 46 79 43 90 26 54 39 99 45 90 92 78 7 6 20 61 52 25 14 93 20 96 61 80 28 2 22 19 22 93 82 28 13 55 17 93 42 41 58 42 97 10 45 54 43 31 92 30 98 76 34 46 41 34 90 66 93 41 22
74 80 67 52 65 47 90 95 63 64 51 87 55 21 60 10 69 77 49 22 91 51 38 94 99 22 69 78 33 87 24 65 61 79 55 1 87 18 80 82 89 30 19 50 89 70 58 61 66 18 57 66 88 63 83 30 66 25 78 85 6 50 81 72 52 31 32 26 37 71 90 70 44 75 16 46 82 97 80 39 39 20 22 40 13 4 80 28 91 2 88 9 53 54 4 78 23 6 21 80 10 6 27 96 77 91 4 71 85 21 75 59 55 63 12 38 8 41 9 46 11 54 35 10 7 43 66 26 34 72 60 24 6 75 44 93 43 3 88 41 86 1 6 2 9 94 25 70 17 91 47 3 7 23 54 67 56 84 73 70 81 52 29 48 16 28 17 60 6 84 32 40 66 64 94 54 8 22 80 77 94 59 62 29 16 43 67 3 76 8 3 56 43 79 50 96 58 5 13 64
95 9 93 60 64 67 41 73 81 49 19 70 98 71 92 65 48 25 34 92 77 84 81 47 34 85 52 77 91 79 63 55 82 31 55 9 10 18 76 33 77 18 78 12 77 86 31 15 89 11 94 53 67 66 61 52 99 37 3 33 70 73 66 88 50 32 64 26 25 99 49 43 58 12 79 49 8 82 83 59 38 78 2 90 40 76 91 24 14 87 17 50 73 13 37 26 75 72 16 53 29 27 20 12 89 26 81 11 92 89 91 88 23 74 4 87 18 72 8 53 72 25 78 62 35 68 30 77 8 14 36 45 71 3 99 38 11 9 60 39 94 98 49 27 8 59 43 95 14 70 15 64 37 49 35 38 43 93 22 46 94 48 8 20 23 93 52 68 54 75 11 33 44 30 46 34 31 37 35 71 34 95 37 18 80 5 24 27 56 56 76 18 62 79 16 86 22 27 33 49
54 89 60 48 85 84 56 61 65 90 58 50 48 88 77 81 93 66 86 70 86 87 81 19 83 50 95 87 63 47 48 54 52 7 75 96 56 73 44 95 44 39 76 79 51 39 1 99 63 81 72 73 56 16 70 93 1 15 99 29 40 72 84 53 23 56 44 22 84 96 9 35 62 94 54 82 5 46 31 74 75 26 11 16 98 94 30 49 74 89 49 76 67 95 8 79 14 52 30 11 55 70 56 15 57 70 82 75 21 33 28 63 62 71 21 54 9 64 53 45 81 48 54 25 70 74 14 46 10 70 75 46 26 12 50 15 90 87 50 24 31 79 52 73 53 38 23 84 5 25 23 62 50 32 23 14 45 29 47 5 26 34 37 44 93 75 34 8 4 34 7 58 23 35 51 58 78 60 5 49 32 95 26 21 93 26 68 25 61 21 86 7 36 67 87 46 64 16 81 90
71 46 74 99 64 19 39 70 71 85 39 66 85 5 80 68 75 18 32 63 4 52 59 28 54 26 74 86 71 66 18 72 83 75 1 27 6 95 72 58 2 97 40 98 20 95 79 37 93 76 99 71 37 13 95 90 51 88 91 95 89 63 40 52 8 60 48 75 37 58 16 28 21 71 31 8 31 23 75 26 94 94 90 34 73 77 60 38 46 24 58 22 47 46 26 98 74 73 35 27 40 59 52 69 28 77 55 72 16 17 89 49 82 41 44 22 92 83 33 41 26 42 4 29 15 22 10 18 8 68 76 38 14 6 2 94 58 12 65 60 30 31 42 50 33 52 64 6 74 47 45 5 68 31 39 33 19 28 95 90 93 7 48 89 70 80 93 33 53 26 69 22 26 67 6 25 20 87 2 5 52 67 96 35 29 20 77 8 39 16 18 72 64 79 39 87 18 35 43 85
