10 200 11500 24.35
86 22 36 41 90 27 77 36 8 25 49 71 83 15 18 58 68 87 90 15 68 52 53 42 97 26 79 58 27 50 48 48 96 7 83 81 86 39 58 51 12 94 91 9 89 10 64 35 53 20 95 99 75 39 53 93 16 60 59 19 5 43 26 16 53 44 74 50 54 86 25 40 24 5 31 88 68 3 84 36 9 67 21 91 8 82 34 4 95 47 52 38 23 11 67 50 5 65 97 96 71 97 64 37 91 31 37 68 75 5 47 12 64 28 52 11 11 20 7 93 54 90 6 82 65 67 29 45 61 75 7 4 23 90 45 61 48 73 67 54 43 40 40 11 2 7 21 15 21 14 4 53 4 29 22 83 30 46 10 42 77 14 26 97 26 99 70 88 65 9 19 15 8 25 49 49 34 24 42 31 52 16 68 21 46 67 53 61 92 87 63 57 48 94 15 74 73 31 75 25
54 90 74 7 35 91 33 27 92 75 96 87 36 22 12 15 81 28 16 34 40 61 76 29 94 2 39 51 1 15 79 32 82 93 46 56 80 97 7 97 60 90 10 50 76 49 66 75 23 85 62 26 62 76 86 53 28 75 30 67 40 83 78 59 55 2 57 37 39 38 15 29 89 84 77 24 18 5 62 22 51 35 92 25 7 25 54 41 67 7 87 65 31 66 48 79 63 73 22 83 65 93 40 26 96 50 23 53 2 25 39 71 61 86 21 26 96 87 74 37 33 60 3 31 92 94 25 88 68 69 10 25 4 32 45 9 29 5 92 52 38 87 2 34 18 4 33 53 38 95 54 74 2 72 91 83 98 47 86 44 36 8 56 28 56 64 97 50 44 80 32 36 18 43 21 44 33 38 37 41 7 21 69 72 69 23 55 25 76 4 85 14 85 78 30 1 36 90 16 75
75 38 7 8 11 68 65 96 62 60 52 2 47 68 90 38 3 70 49 91 64 74 91 29 19 79 23 70 78 96 66 74 35 90 80 44 23 28 40 40 18 5 57 48 44 72 53 61 58 99 52 26 17 22 67 65 78 4 97 32 42 45 17 26 88 58 25 36 98 21 70 11 38 37 1 39 93 83 65 68 63 97 49 25 42 21 45 44 63 85 1 47 57 8 80 16 62 35 49 37 4 27 35 9 91 64 90 99 52 33 6 62 97 2 13 11 73 33 77 45 37 87 93 14 3 73 64 91 92 92 35 50 65 81 60 21 31 79 22 90 4 15 98 58 51 46 92 93 59 48 79 10 28 64 18 70 26 38 58 35 53 43 5 55 5 21 20 82 76 65 66 63 4 40 88 52 95 22 36 65 79 24 36 80 48 93 79 98 71 88 58 91 66 73 3 61 48 2 4 60
65 92 61 85 13 38 6 13 66 40 50 68 88 91 95 7 51 95 96 76 39 84 78 32 54 51 98 47 73 65 29 66 71 53 85 73 20 40 44 69 92 48 23 40 14 85 93 27 68 40 30 14 96 93 39 26 60 37 48 8 23 52 17 71 35 71 14 6 22 6 3 82 36 55 89 59 24 61 45 75 39 41 15 7 94 72 29 50 39 10 38 18 59 69 33 69 31 58 53 29 72 92 66 8 52 25 48 22 13 10 88 79 54 18 92 34 32 6 77 77 54 59 82 40 7 57 75 19 60 55 91 68 78 75 4 63 24 24 82 36 68 65 68 89 29 1 54 25 58 82 71 23 55 54 17 6 19 36 23 95 33 43 56 13 56 70 69 28 47 20 27 34 63 83 35 96 53 10 95 99 6 2 47 72 26 32 51 3 66 35 90 21 34 69 51 89 57 34 28 40
88 87 88 74 98 9 45 50 35 58 74 97 42 99 42 66 69 86 1 9 84 32 75 96 59 65 78 12 5 48 6 40 55 63 51 61 31 49 90 70 29 3 7 46 30 81 60 11 18 98 27 80 91 20 20 3 45 96 34 37 53 81 79 23 61 50 95 79 80 78 4 11 32 62 2 17 46 35 24 96 65 83 15 71 60 53 51 20 88 97 21 61 97 35 8 95 12 68 60 46 5 74 47 81 28 44 21 19 61 35 15 58 60 75 62 79 17 88 21 93 6 82 32 34 54 78 89 52 51 55 41 78 44 61 24 7 20 70 23 32 40 66 38 53 5 41 24 81 38 58 56 16 30 12 25 96 30 38 48 65 6 84 9 98 9 61 97 23 42 79 93 36 29 20 88 37 83 38 49 14 76 85 81 14 27 70 94 2 55 62 60 33 20 4 84 5 63 31 31 58
29 86 44 85 99 96 95 67 95 14 87 68 20 20 53 87 98 1 26 99 70 82 64 89 18 22 11 12 93 89 41 44 12 25 49 3 25 88 67 42 58 93 77 65 65 41 74 76 79 12 26 19 60 64 48 48 83 74 92 50 88 36 79 35 46 60 13 32 1 50 85 62 64 51 73 33 6 59 38 11 4 57 53 79 95 66 51 75 33 64 21 32 17 50 9 99 21 2 64 78 24 56 54 83 86 51 16 75 22 29 80 38 24 25 8 51 48 51 91 36 74 55 60 25 8 8 62 11 5 86 16 37 49 21 60 75 36 10 48 75 59 70 37 95 47 60 99 89 58 68 50 87 72 52 7 54 96 64 26 20 87 18 68 54 68 21 24 51 37 3 19 57 60 54 90 63 77 72 23 7 66 59 15 90 13 11 96 4 25 30 9 7 9 95 22 52 61 81 32 14
84 49 87 77 56 60 91 73 67 67 2 49 70 19 40 81 89 51 77 52 50 79 25 80 47 38 69 96 69 25 86 75 30 62 9 82 90 45 82 45 76 31 73 97 27 52 79 46 70 37 62 3 1 30 83 80 77 16 81 72 50 92 48 36 8 20 23 27 62 6 9 2 20 42 33 85 93 47 74 72 80 22 36 94 28 13 93 82 71 47 22 35 89 19 47 68 70 31 50 65 27 45 33 29 12 89 3 26 42 64 64 94 89 2 19 96 98 14 34 5 9 29 5 9 22 33 99 98 23 96 62 50 88 12 61 2 53 51 82 60 69 12 87 72 59 15 52 30 82 30 77 30 3 92 7 58 78 24 68 53 57 1 13 17 13 1 7 45 34 64 88 2 93 30 29 69 38 93 17 50 8 37 32 84 20 22 46 57 30 27 38 45 57 88 37 74 42 6 73 67
94 94 89 87 97 87 34 97 57 65 97 38 81 83 38 79 63 57 93 30 44 15 46 14 28 65 53 11 85 66 48 84 92 66 84 61 92 1 93 14 37 41 73 43 16 18 68 75 56 29 53 53 45 71 11 22 58 57 17 78 45 71 76 50 42 88 40 27 4 77 77 69 26 34 26 92 55 1 57 79 18 64 53 37 55 38 29 5 90 82 71 19 75 27 75 93 59 65 30 96 16 44 25 5 1 16 52 17 63 13 34 30 82 40 41 1 99 50 39 25 14 18 98 21 77 93 74 33 26 60 82 18 56 81 15 1 58 94 51 25 44 31 20 35 41 17 15 55 47 15 11 99 46 12 16 54 45 45 94 68 10 49 61 22 61 77 84 52 23 30 1 78 61 40 17 23 94 23 22 11 45 69 6 31 30 19 16 32 20 57 60 83 19 82 7 71 39 82 55 65
76 83 76 61 34 84 94 60 50 68 23 98 52 79 92 60 77 5 49 74 48 28 39 67 84 94 48 87 74 34 70 45 69 58 49 37 37 22 5 2 77 45 20 24 65 37 80 13 31 28 5 30 18 95 91 42 10 27 52 41 49 66 48 62 56 17 29 94 73 58 76 91 82 14 59 42 60 88 62 7 15 95 19 37 60 81 31 23 57 41 76 7 2 38 90 39 63 91 51 55 59 49 21 15 49 49 94 89 35 89 56 58 57 17 26 31 92 37 2 43 71 67 41 89 77 90 3 91 12 51 26 61 40 97 13 11 62 50 19 73 47 80 48 76 31 10 34 11 57 84 22 65 10 92 1 37 70 13 11 45 66 95 40 63 40 45 9 7 97 23 8 64 68 70 78 10 67 33 65 2 21 72 59 12 42 42 25 4 63 34 19 54 70 73 22 36 74 75 40 68
61 69 94 61 88 56 86 97 86 93 57 54 90 63 97 75 92 73 13 59 62 75 2 62 15 54 40 48 32 40 28 44 50 46 32 54 24 63 11 72 91 89 89 94 81 86 49 95 45 26 84 86 3 38 13 77 34 55 27 64 42 4 56 33 23 13 71 90 13 53 40 31 11 83 38 41 76 27 89 25 44 74 61 7 74 54 2 52 24 90 8 65 49 57 3 19 19 56 95 66 33 49 14 74 5 1 19 50 8 90 98 11 47 51 45 1 94 98 94 24 35 89 53 36 26 13 71 29 68 6 97 12 92 60 89 64 81 85 4 61 57 1 39 62 94 53 24 17 41 48 47 9 24 6 10 75 47 98 34 28 23 17 14 77 14 68 60 81 1 58 89 26 77 17 83 44 44 13 61 60 41 15 95 25 86 12 80 55 55 5 10 28 13 93 69 18 58 11 35 93
